 #   eta         4                 5                 6                 7                 8                 9                10
     0.000  2.0000000000e+01  3.0000000000e+01  4.2000000000e+01  5.6000000000e+01  7.2000000000e+01  9.0000000000e+01  1.1000000000e+02
     0.050  1.9806229151e+01  2.9817739730e+01  4.1832195265e+01  5.5849370035e+01  7.1869166489e+01  8.9891536708e+01  1.0991645486e+02
     0.100  1.9624393516e+01  2.9669678641e+01  4.1727188497e+01  5.5795826593e+01  7.1875111982e+01  8.9964806457e+01  1.1006478097e+02
     0.150  1.9453741251e+01  2.9554040067e+01  4.1682950710e+01  5.5837578945e+01  7.2016626255e+01  9.0219441140e+01  1.1044566776e+02
     0.200  1.9293563016e+01  2.9469221616e+01  4.1697889098e+01  5.5973697470e+01  7.2293935935e+01  9.0657220566e+01  1.1106278703e+02
     0.250  1.9143190357e+01  2.9413774956e+01  4.1770797824e+01  5.6204052672e+01  7.2708657072e+01  9.1282063709e+01  1.1192284551e+02
     0.300  1.9001993997e+01  2.9386387366e+01  4.1900814125e+01  5.6529265496e+01  7.3263772442e+01  9.2100067855e+01  1.1303571883e+02
     0.350  1.8869382097e+01  2.9385864949e+01  4.2087378521e+01  5.6950665645e+01  7.3963628419e+01  9.3119590716e+01  1.1441466505e+02
     0.400  1.8744798506e+01  2.9411117414e+01  4.2330198097e+01  5.7470254611e+01  7.4813945955e+01  9.4351370103e+01  1.1607661650e+02
     0.450  1.8627721021e+01  2.9461144308e+01  4.2629211893e+01  5.8090670124e+01  7.5821839288e+01  9.5808673983e+01  1.1804254707e+02
     0.500  1.8517659686e+01  2.9535022636e+01  4.2984557615e+01  5.8815148582e+01  7.6995834527e+01  9.7507470154e+01  1.2033790691e+02
     0.550  1.8414155125e+01  2.9631895767e+01  4.3396539001e+01  5.9647481888e+01  7.8345878194e+01  9.9466598910e+01  1.2299310687e+02
     0.600  1.8316776938e+01  2.9750963577e+01  4.3865593357e+01  6.0591964999e+01  7.9883323121e+01  1.0170792335e+02  1.2604401737e+02
     0.650  1.8225122133e+01  2.9891473764e+01  4.4392258976e+01  6.1653330576e+01  8.1620876216e+01  1.0425641998e+02  1.2953241898e+02
     0.700  1.8138813634e+01  3.0052714293e+01  4.4977142362e+01  6.2836667451e+01  8.3572489901e+01  1.0714015752e+02  1.3350630088e+02
     0.750  1.8057498831e+01  3.0234006909e+01  4.5620885434e+01  6.4147320465e+01  8.5753177530e+01  1.1039009581e+02  1.3801984953e+02
     0.800  1.7980848197e+01  3.0434701692e+01  4.6324133141e+01  6.5590770606e+01  8.8178734130e+01  1.1403962454e+02  1.4313290864e+02
     0.850  1.7908553957e+01  3.0654172583e+01  4.7087502154e+01  6.7172496512e+01  9.0865349283e+01  1.1812376091e+02  1.4890964521e+02
     0.900  1.7840328817e+01  3.0891813831e+01  4.7911551533e+01  6.8897821173e+01  9.3829110543e+01  1.2267794877e+02  1.5541616651e+02
     0.950  1.7775904742e+01  3.1147037294e+01  4.8796756369e+01  7.0771750840e+01  9.7085414309e+01  1.2773646213e+02  1.6271696291e+02
     1.000  1.7715031793e+01  3.1419270508e+01  4.9743485494e+01  7.2798816285e+01  1.0064832501e+02  1.3333051749e+02  1.7087035692e+02
     1.050  1.7657477014e+01  3.1707955447e+01  5.0751984228e+01  7.4982928839e+01  1.0452994797e+02  1.3948632647e+02  1.7992359977e+02
     1.100  1.7603023371e+01  3.2012547858e+01  5.1822362947e+01  7.7327264332e+01  1.0873989767e+02  1.4622342689e+02  1.8990870095e+02
     1.150  1.7551468741e+01  3.2332517097e+01  5.2954591891e+01  7.9834186517e+01  1.1328494287e+02  1.5355365108e+02  2.0084018987e+02
     1.200  1.7502624953e+01  3.2667346327e+01  5.4148502258e+01  8.2505217625e+01  1.1816888654e+02  1.6148097847e+02  2.1271555227e+02
     1.250  1.7456316876e+01  3.3016533004e+01  5.5403793139e+01  8.5341058026e+01  1.2339269663e+02  1.7000229559e+02  2.2551817648e+02
     1.300  1.7412381551e+01  3.3379589533e+01  5.6720043469e+01  8.8341650628e+01  1.2895485482e+02  1.7910884407e+02  2.3922179596e+02
     1.350  1.7370667377e+01  3.3756044018e+01  5.8096727851e+01  9.1506280253e+01  1.3485185205e+02  1.8878798961e+02  2.5379511828e+02
     1.400  1.7331033336e+01  3.4145441022e+01  5.9533234909e+01  9.4833694877e+01  1.4107874340e+02  1.9902494527e+02  2.6920564530e+02
     1.450  1.7293348269e+01  3.4547342268e+01  6.1028886819e+01  9.8322234936e+01  1.4762968322e+02  2.0980419786e+02  2.8542227200e+02
     1.500  1.7257490182e+01  3.4961327248e+01  6.2582958783e+01  1.0196995857e+02  1.5449838548e+02  2.2111053556e+02  3.0241672992e+02
     1.550  1.7223345611e+01  3.5386993689e+01  6.4194697392e+01  1.0577475394e+02  1.6167848316e+02  2.3292969183e+02  3.2016416883e+02
     1.600  1.7190809014e+01  3.5823957866e+01  6.5863337134e+01  1.0973443336e+02  1.6916378403e+02  2.4524868244e+02  3.3864319693e+02
     1.650  1.7159782205e+01  3.6271854745e+01  6.7588114578e+01  1.1384680760e+02  1.7694843546e+02  2.5805592674e+02  3.5783563128e+02
     1.700  1.7130173825e+01  3.6730337962e+01  6.9368280026e+01  1.1810974094e+02  1.8502701733e+02  2.7134123336e+02  3.7772612440e+02
     1.750  1.7101898851e+01  3.7199079647e+01  7.1203106644e+01  1.2252118932e+02  1.9339458235e+02  2.8509570997e+02  3.9830176281e+02
     1.800  1.7074878134e+01  3.7677770106e+01  7.3091897239e+01  1.2707922455e+02  2.0204666098e+02  2.9931163740e+02  4.1955168691e+02
     1.850  1.7049037972e+01  3.8166117381e+01  7.5033988957e+01  1.3178204769e+02  2.1097924393e+02  3.1398233269e+02  4.4146675312e+02
     1.900  1.7024309710e+01  3.8663846702e+01  7.7028756200e+01  1.3662799427e+02  2.2018875192e+02  3.2910201532e+02  4.6403924440e+02
     1.950  1.7000629370e+01  3.9170699863e+01  7.9075612107e+01  1.4161553394e+02  2.2967199924e+02  3.4466568371e+02  4.8726262712e+02
     2.000  1.6977937311e+01  3.9686434533e+01  8.1174008885e+01  1.4674326612e+02  2.3942615533e+02  3.6066900508e+02  5.1113134963e+02
     2.050  1.6956177905e+01  4.0210823523e+01  8.3323437280e+01  1.5200991341e+02  2.4944870702e+02  3.7710821915e+02  5.3564067624e+02
     2.100  1.6935299248e+01  4.0743654026e+01  8.5523425419e+01  1.5741431341e+02  2.5973742291e+02  3.9398005517e+02  5.6078655100e+02
     2.150  1.6915252883e+01  4.1284726849e+01  8.7773537209e+01  1.6295541014e+02  2.7029032065e+02  4.1128166105e+02  5.8656548601e+02
     2.200  1.6895993551e+01  4.1833855636e+01  9.0073370462e+01  1.6863224516e+02  2.8110563742e+02  4.2901054301e+02  6.1297446964e+02
     2.250  1.6877478952e+01  4.2390866114e+01  9.2422554852e+01  1.7444394895e+02  2.9218180363e+02  4.4716451446e+02  6.4001089120e+02
     2.300  1.6859669535e+01  4.2955595344e+01  9.4820749812e+01  1.8038973276e+02  3.0351741959e+02  4.6574165269e+02  6.6767247867e+02
     2.350  1.6842528295e+01  4.3527891003e+01  9.7267642413e+01  1.8646888087e+02  3.1511123506e+02  4.8474026220e+02  6.9595724737e+02
     2.400  1.6826020592e+01  4.4107610698e+01  9.9762945304e+01  1.9268074355e+02  3.2696213132e+02  5.0415884356e+02  7.2486345726e+02
     2.450  1.6810113974e+01  4.4694621301e+01  1.0230639472e+02  1.9902473054e+02  3.3906910547e+02  5.2399606708e+02  7.5438957743e+02
     2.500  1.6794778029e+01  4.5288798328e+01  1.0489774861e+02  2.0550030517e+02  3.5143125674e+02  5.4425075033e+02  7.8453425640e+02
     2.550  1.6779984233e+01  4.5890025350e+01  1.0753678481e+02  2.1210697905e+02  3.6404777459e+02  5.6492183902e+02  8.1529629722e+02
     2.600  1.6765705819e+01  4.6498193435e+01  1.1022329946e+02  2.1884430720e+02  3.7691792821e+02  5.8600839068e+02  8.4667463648e+02
     2.650  1.6751917651e+01  4.7113200627e+01  1.1295710540e+02  2.2571188382e+02  3.9004105746e+02  6.0750956066e+02  8.7866832662e+02
     2.700  1.6738596114e+01  4.7734951461e+01  1.1573803075e+02  2.3270933833e+02  4.0341656492e+02  6.2942459013e+02  9.1127652086e+02
     2.750  1.6725719001e+01  4.8363356507e+01  1.1856591766e+02  2.3983633199e+02  4.1704390893e+02  6.5175279574e+02  9.4449846040e+02
     2.800  1.6713265425e+01  4.8998331949e+01  1.2144062104e+02  2.4709255472e+02  4.3092259747e+02  6.7449356074e+02  9.7833346352e+02
     2.850  1.6701215720e+01  4.9639799185e+01  1.2436200749e+02  2.5447772235e+02  4.4505218283e+02  6.9764632719e+02  1.0127809162e+03
     2.900  1.6689551363e+01  5.0287684471e+01  1.2732995430e+02  2.6199157414e+02  4.5943225689e+02  7.2121058935e+02  1.0478402640e+03
     2.950  1.6678254894e+01  5.0941918573e+01  1.3034434850e+02  2.6963387054e+02  4.7406244704e+02  7.4518588779e+02  1.0835110052e+03
     3.000  1.6667309846e+01  5.1602436456e+01  1.3340508608e+02  2.7740439121e+02  4.8894241246e+02  7.6957180437e+02  1.1197926847e+03
     3.050  1.6656700680e+01  5.2269176993e+01  1.3651207115e+02  2.8530293321e+02  5.0407184094e+02  7.9436795778e+02  1.1566848890e+03
     3.100  1.6646412720e+01  5.2942082696e+01  1.3966521533e+02  2.9332930945e+02  5.1945044601e+02  8.1957399963e+02  1.1941872412e+03
     3.150  1.6636432102e+01  5.3621099460e+01  1.4286443703e+02  3.0148334716e+02  5.3507796444e+02  8.4518961108e+02  1.2322993976e+03
     3.200  1.6626745716e+01  5.4306176340e+01  1.4610966094e+02  3.0976488669e+02  5.5095415399e+02  8.7121449981e+02  1.2710210437e+03
     3.250  1.6617341160e+01  5.4997265330e+01  1.4940081750e+02  3.1817378031e+02  5.6707879138e+02  8.9764839737e+02  1.3103518918e+03
     3.300  1.6608206695e+01  5.5694321170e+01  1.5273784238e+02  3.2670989115e+02  5.8345167058e+02  9.2449105684e+02  1.3502916774e+03
     3.350  1.6599331204e+01  5.6397301157e+01  1.5612067608e+02  3.3537309230e+02  6.0007260114e+02  9.5174225073e+02  1.3908401579e+03
     3.400  1.6590704150e+01  5.7106164979e+01  1.5954926351e+02  3.4416326589e+02  6.1694140685e+02  9.7940176916e+02  1.4319971095e+03
     3.450  1.6582315542e+01  5.7820874557e+01  1.6302355367e+02  3.5308030242e+02  6.3405792443e+02  1.0074694182e+03  1.4737623262e+03
     3.500  1.6574155901e+01  5.8541393896e+01  1.6654349928e+02  3.6212409998e+02  6.5142200240e+02  1.0359450185e+03  1.5161356174e+03
     3.550  1.6566216229e+01  5.9267688955e+01  1.7010905649e+02  3.7129456365e+02  6.6903350004e+02  1.0648284038e+03  1.5591168072e+03
     3.600  1.6558487979e+01  5.9999727516e+01  1.7372018461e+02  3.8059160497e+02  6.8689228650e+02  1.0941194197e+03  1.6027057325e+03
     3.650  1.6550963030e+01  6.0737479073e+01  1.7737684586e+02  3.9001514134e+02  7.0499823995e+02  1.1238179232e+03  1.6469022419e+03
     3.700  1.6543633659e+01  6.1480914718e+01  1.8107900515e+02  3.9956509566e+02  7.2335124685e+02  1.1539237810e+03  1.6917061951e+03
     3.750  1.6536492521e+01  6.2230007048e+01  1.8482662985e+02  4.0924139578e+02  7.4195120123e+02  1.1844368689e+03  1.7371174615e+03
     3.800  1.6529532621e+01  6.2984730065e+01  1.8861968962e+02  4.1904397423e+02  7.6079800413e+02  1.2153570713e+03  1.7831359195e+03
     3.850  1.6522747302e+01  6.3745059093e+01  1.9245815620e+02  4.2897276779e+02  7.7989156301e+02  1.2466842803e+03  1.8297614558e+03
     3.900  1.6516130218e+01  6.4510970699e+01  1.9634200330e+02  4.3902771719e+02  7.9923179127e+02  1.2784183951e+03  1.8769939647e+03
     3.950  1.6509675321e+01  6.5282442614e+01  2.0027120641e+02  4.4920876681e+02  8.1881860776e+02  1.3105593213e+03  1.9248333473e+03
     4.000  1.6503376843e+01  6.6059453666e+01  2.0424574271e+02  4.5951586443e+02  8.3865193640e+02  1.3431069706e+03  1.9732795114e+03
     4.050  1.6497229280e+01  6.6841983716e+01  2.0826559088e+02  4.6994896096e+02  8.5873170578e+02  1.3760612602e+03  2.0223323704e+03
     4.100  1.6491227378e+01  6.7630013592e+01  2.1233073105e+02  4.8050801023e+02  8.7905784879e+02  1.4094221126e+03  2.0719918434e+03
     4.150  1.6485366119e+01  6.8423525042e+01  2.1644114466e+02  4.9119296878e+02  8.9963030237e+02  1.4431894548e+03  2.1222578542e+03
     4.200  1.6479640706e+01  6.9222500671e+01  2.2059681438e+02  5.0200379564e+02  9.2044900714e+02  1.4773632184e+03  2.1731303316e+03
     4.250  1.6474046557e+01  7.0026923900e+01  2.2479772401e+02  5.1294045223e+02  9.4151390720e+02  1.5119433388e+03  2.2246092084e+03
     4.300  1.6468579288e+01  7.0836778916e+01  2.2904385841e+02  5.2400290210e+02  9.6282494984e+02  1.5469297555e+03  2.2766944216e+03
     4.350  1.6463234703e+01  7.1652050628e+01  2.3333520342e+02  5.3519111088e+02  9.8438208536e+02  1.5823224113e+03  2.3293859117e+03
     4.400  1.6458008788e+01  7.2472724631e+01  2.3767174577e+02  5.4650504605e+02  1.0061852668e+03  1.6181212522e+03  2.3826836228e+03
     4.450  1.6452897699e+01  7.3298787167e+01  2.4205347307e+02  5.5794467690e+02  1.0282344499e+03  1.6543262274e+03  2.4365875021e+03
     4.500  1.6447897751e+01  7.4130225085e+01  2.4648037369e+02  5.6950997436e+02  1.0505295926e+03  1.6909372889e+03  2.4910974997e+03
     4.550  1.6443005415e+01  7.4967025817e+01  2.5095243674e+02  5.8120091091e+02  1.0730706553e+03  1.7279543912e+03  2.5462135687e+03
     4.600  1.6438217305e+01  7.5809177339e+01  2.5546965202e+02  5.9301746048e+02  1.0958576006e+03  1.7653774914e+03  2.6019356644e+03
     4.650  1.6433530176e+01  7.6656668146e+01  2.6003200997e+02  6.0495959835e+02  1.1188903927e+03  1.8032065488e+03  2.6582637449e+03
     4.700  1.6428940912e+01  7.7509487223e+01  2.6463950160e+02  6.1702730107e+02  1.1421689979e+03  1.8414415250e+03  2.7151977702e+03
     4.750  1.6424446522e+01  7.8367624024e+01  2.6929211850e+02  6.2922054640e+02  1.1656933844e+03  1.8800823833e+03  2.7727377026e+03
     4.800  1.6420044136e+01  7.9231068441e+01  2.7398985275e+02  6.4153931321e+02  1.1894635216e+03  1.9191290892e+03  2.8308835064e+03
     4.850  1.6415730995e+01  8.0099810787e+01  2.7873269695e+02  6.5398358142e+02  1.2134793808e+03  1.9585816098e+03  2.8896351476e+03
     4.900  1.6411504447e+01  8.0973841771e+01  2.8352064410e+02  6.6655333194e+02  1.2377409345e+03  1.9984399140e+03  2.9489925939e+03
     4.950  1.6407361945e+01  8.1853152483e+01  2.8835368767e+02  6.7924854661e+02  1.2622481567e+03  2.0387039719e+03  3.0089558148e+03
     5.000  1.6403301037e+01  8.2737734369e+01  2.9323182149e+02  6.9206920814e+02  1.2870010225e+03  2.0793737555e+03  3.0695247811e+03
     5.050  1.6399319367e+01  8.3627579217e+01  2.9815503978e+02  7.0501530007e+02  1.3119995083e+03  2.1204492379e+03  3.1306994652e+03
     5.100  1.6395414664e+01  8.4522679142e+01  3.0312333708e+02  7.1808680672e+02  1.3372435917e+03  2.1619303935e+03  3.1924798408e+03
     5.150  1.6391584746e+01  8.5423026567e+01  3.0813670829e+02  7.3128371315e+02  1.3627332512e+03  2.2038171980e+03  3.2548658828e+03
     5.200  1.6387827508e+01  8.6328614208e+01  3.1319514858e+02  7.4460600508e+02  1.3884684663e+03  2.2461096282e+03  3.3178575672e+03
     5.250  1.6384140925e+01  8.7239435062e+01  3.1829865341e+02  7.5805366890e+02  1.4144492175e+03  2.2888076621e+03  3.3814548713e+03
     5.300  1.6380523044e+01  8.8155482394e+01  3.2344721851e+02  7.7162669164e+02  1.4406754863e+03  2.3319112784e+03  3.4456577735e+03
     5.350  1.6376971983e+01  8.9076749722e+01  3.2864083986e+02  7.8532506088e+02  1.4671472547e+03  2.3754204571e+03  3.5104662529e+03
     5.400  1.6373485928e+01  9.0003230809e+01  3.3387951368e+02  7.9914876475e+02  1.4938645059e+03  2.4193351788e+03  3.5758802898e+03
     5.450  1.6370063128e+01  9.0934919649e+01  3.3916323639e+02  8.1309779194e+02  1.5208272235e+03  2.4636554254e+03  3.6418998652e+03
     5.500  1.6366701895e+01  9.1871810454e+01  3.4449200464e+02  8.2717213158e+02  1.5480353921e+03  2.5083811790e+03  3.7085249612e+03
     5.550  1.6363400598e+01  9.2813897652e+01  3.4986581526e+02  8.4137177330e+02  1.5754889967e+03  2.5535124231e+03  3.7757555603e+03
     5.600  1.6360157666e+01  9.3761175870e+01  3.5528466525e+02  8.5569670718e+02  1.6031880232e+03  2.5990491414e+03  3.8435916462e+03
     5.650  1.6356971577e+01  9.4713639927e+01  3.6074855181e+02  8.7014692369e+02  1.6311324579e+03  2.6449913185e+03  3.9120332030e+03
     5.700  1.6353840865e+01  9.5671284829e+01  3.6625747228e+02  8.8472241373e+02  1.6593222877e+03  2.6913389398e+03  3.9810802155e+03
     5.750  1.6350764112e+01  9.6634105756e+01  3.7181142415e+02  8.9942316855e+02  1.6877575002e+03  2.7380919911e+03  4.0507326692e+03
     5.800  1.6347739947e+01  9.7602098056e+01  3.7741040507e+02  9.1424917979e+02  1.7164380833e+03  2.7852504589e+03  4.1209905502e+03
     5.850  1.6344767046e+01  9.8575257240e+01  3.8305441280e+02  9.2920043940e+02  1.7453640254e+03  2.8328143301e+03  4.1918538452e+03
     5.900  1.6341844126e+01  9.9553578974e+01  3.8874344525e+02  9.4427693967e+02  1.7745353157e+03  2.8807835923e+03  4.2633225414e+03
     5.950  1.6338969950e+01  1.0053705907e+02  3.9447750042e+02  9.5947867320e+02  1.8039519434e+03  2.9291582335e+03  4.3353966265e+03
     6.000  1.6336143319e+01  1.0152569348e+02  4.0025657646e+02  9.7480563289e+02  1.8336138983e+03  2.9779382424e+03  4.4080760888e+03
     6.050  1.6333363071e+01  1.0251947830e+02  4.0608067160e+02  9.9025781190e+02  1.8635211707e+03  3.0271236077e+03  4.4813609168e+03
     6.100  1.6330628083e+01  1.0351840975e+02  4.1194978416e+02  1.0058352037e+03  1.8936737512e+03  3.0767143190e+03  4.5552510999e+03
     6.150  1.6327937269e+01  1.0452248417e+02  4.1786391258e+02  1.0215378019e+03  1.9240716307e+03  3.1267103660e+03  4.6297466273e+03
     6.200  1.6325289575e+01  1.0553169802e+02  4.2382305537e+02  1.0373656005e+03  1.9547148004e+03  3.1771117389e+03  4.7048474893e+03
     6.250  1.6322683981e+01  1.0654604789e+02  4.2982721113e+02  1.0533185936e+03  1.9856032522e+03  3.2279184284e+03  4.7805536760e+03
     6.300  1.6320119498e+01  1.0756553048e+02  4.3587637854e+02  1.0693967756e+03  2.0167369777e+03  3.2791304254e+03  4.8568651782e+03
     6.350  1.6317595168e+01  1.0859014256e+02  4.4197055635e+02  1.0856001412e+03  2.0481159694e+03  3.3307477210e+03  4.9337819870e+03
     6.400  1.6315110062e+01  1.0961988105e+02  4.4810974339e+02  1.1019286851e+03  2.0797402198e+03  3.3827703070e+03  5.0113040936e+03
     6.450  1.6312663280e+01  1.1065474294e+02  4.5429393854e+02  1.1183824022e+03  2.1116097216e+03  3.4351981752e+03  5.0894314899e+03
     6.500  1.6310253948e+01  1.1169472531e+02  4.6052314075e+02  1.1349612878e+03  2.1437244678e+03  3.4880313179e+03  5.1681641678e+03
     6.550  1.6307881219e+01  1.1273982536e+02  4.6679734903e+02  1.1516653372e+03  2.1760844519e+03  3.5412697274e+03  5.2475021196e+03
     6.600  1.6305544270e+01  1.1379004034e+02  4.7311656246e+02  1.1684945459e+03  2.2086896674e+03  3.5949133965e+03  5.3274453379e+03
     6.650  1.6303242305e+01  1.1484536760e+02  4.7948078014e+02  1.1854489095e+03  2.2415401080e+03  3.6489623184e+03  5.4079938155e+03
     6.700  1.6300974547e+01  1.1590580458e+02  4.8589000125e+02  1.2025284239e+03  2.2746357677e+03  3.7034164861e+03  5.4891475455e+03
     6.750  1.6298740246e+01  1.1697134879e+02  4.9234422501e+02  1.2197330850e+03  2.3079766407e+03  3.7582758932e+03  5.5709065212e+03
     6.800  1.6296538672e+01  1.1804199781e+02  4.9884345066e+02  1.2370628890e+03  2.3415627214e+03  3.8135405334e+03  5.6532707362e+03
     6.850  1.6294369114e+01  1.1911774930e+02  5.0538767753e+02  1.2545178321e+03  2.3753940045e+03  3.8692104006e+03  5.7362401842e+03
     6.900  1.6292230884e+01  1.2019860097e+02  5.1197690494e+02  1.2720979106e+03  2.4094704847e+03  3.9252854890e+03  5.8198148593e+03
     6.950  1.6290123312e+01  1.2128455062e+02  5.1861113228e+02  1.2898031210e+03  2.4437921569e+03  3.9817657929e+03  5.9039947556e+03
     7.000  1.6288045749e+01  1.2237559610e+02  5.2529035897e+02  1.3076334600e+03  2.4783590163e+03  4.0386513069e+03  5.9887798676e+03
     7.050  1.6285997560e+01  1.2347173534e+02  5.3201458445e+02  1.3255889243e+03  2.5131710581e+03  4.0959420255e+03  6.0741701898e+03
     7.100  1.6283978131e+01  1.2457296630e+02  5.3878380822e+02  1.3436695106e+03  2.5482282779e+03  4.1536379437e+03  6.1601657169e+03
     7.150  1.6281986865e+01  1.2567928703e+02  5.4559802977e+02  1.3618752159e+03  2.5835306711e+03  4.2117390566e+03  6.2467664439e+03
     7.200  1.6280023178e+01  1.2679069561e+02  5.5245724865e+02  1.3802060373e+03  2.6190782335e+03  4.2702453594e+03  6.3339723659e+03
     7.250  1.6278086507e+01  1.2790719018e+02  5.5936146444e+02  1.3986619719e+03  2.6548709609e+03  4.3291568473e+03  6.4217834781e+03
     7.300  1.6276176299e+01  1.2902876895e+02  5.6631067672e+02  1.4172430169e+03  2.6909088495e+03  4.3884735160e+03  6.5101997760e+03
     7.350  1.6274292019e+01  1.3015543015e+02  5.7330488512e+02  1.4359491696e+03  2.7271918952e+03  4.4481953611e+03  6.5992212550e+03
     7.400  1.6272433146e+01  1.3128717208e+02  5.8034408927e+02  1.4547804274e+03  2.7637200944e+03  4.5083223783e+03  6.6888479109e+03
     7.450  1.6270599171e+01  1.3242399308e+02  5.8742828885e+02  1.4737367878e+03  2.8004934433e+03  4.5688545637e+03  6.7790797395e+03
     7.500  1.6268789601e+01  1.3356589154e+02  5.9455748352e+02  1.4928182483e+03  2.8375119386e+03  4.6297919131e+03  6.8699167367e+03
     7.550  1.6267003954e+01  1.3471286588e+02  6.0173167301e+02  1.5120248066e+03  2.8747755767e+03  4.6911344229e+03  6.9613588986e+03
     7.600  1.6265241762e+01  1.3586491457e+02  6.0895085703e+02  1.5313564603e+03  2.9122843543e+03  4.7528820892e+03  7.0534062214e+03
     7.650  1.6263502566e+01  1.3702203613e+02  6.1621503533e+02  1.5508132073e+03  2.9500382683e+03  4.8150349086e+03  7.1460587014e+03
     7.700  1.6261785923e+01  1.3818422911e+02  6.2352420765e+02  1.5703950453e+03  2.9880373155e+03  4.8775928774e+03  7.2393163351e+03
     7.750  1.6260091399e+01  1.3935149209e+02  6.3087837378e+02  1.5901019724e+03  3.0262814928e+03  4.9405559924e+03  7.3331791189e+03
     7.800  1.6258418571e+01  1.4052382370e+02  6.3827753351e+02  1.6099339864e+03  3.0647707975e+03  5.0039242502e+03  7.4276470496e+03
     7.850  1.6256767026e+01  1.4170122261e+02  6.4572168663e+02  1.6298910854e+03  3.1035052266e+03  5.0676976476e+03  7.5227201237e+03
     7.900  1.6255136363e+01  1.4288368751e+02  6.5321083296e+02  1.6499732675e+03  3.1424847773e+03  5.1318761815e+03  7.6183983383e+03
     7.950  1.6253526191e+01  1.4407121712e+02  6.6074497234e+02  1.6701805307e+03  3.1817094469e+03  5.1964598489e+03  7.7146816900e+03
     8.000  1.6251936127e+01  1.4526381022e+02  6.6832410460e+02  1.6905128734e+03  3.2211792330e+03  5.2614486470e+03  7.8115701761e+03
     8.050  1.6250365799e+01  1.4646146559e+02  6.7594822960e+02  1.7109702937e+03  3.2608941329e+03  5.3268425728e+03  7.9090637936e+03
     8.100  1.6248814842e+01  1.4766418206e+02  6.8361734721e+02  1.7315527900e+03  3.3008541441e+03  5.3926416237e+03  8.0071625396e+03
     8.150  1.6247282903e+01  1.4887195847e+02  6.9133145729e+02  1.7522603606e+03  3.3410592643e+03  5.4588457968e+03  8.1058664114e+03
     8.200  1.6245769636e+01  1.5008479372e+02  6.9909055973e+02  1.7730930039e+03  3.3815094912e+03  5.5254550897e+03  8.2051754064e+03
     8.250  1.6244274701e+01  1.5130268670e+02  7.0689465442e+02  1.7940507184e+03  3.4222048225e+03  5.5924694998e+03  8.3050895219e+03
     8.300  1.6242797770e+01  1.5252563636e+02  7.1474374127e+02  1.8151335024e+03  3.4631452560e+03  5.6598890246e+03  8.4056087554e+03
     8.350  1.6241338521e+01  1.5375364166e+02  7.2263782020e+02  1.8363413546e+03  3.5043307896e+03  5.7277136618e+03  8.5067331046e+03
     8.400  1.6239896639e+01  1.5498670158e+02  7.3057689111e+02  1.8576742735e+03  3.5457614211e+03  5.7959434090e+03  8.6084625669e+03
     8.450  1.6238471817e+01  1.5622481514e+02  7.3856095393e+02  1.8791322577e+03  3.5874371486e+03  5.8645782639e+03  8.7107971401e+03
     8.500  1.6237063756e+01  1.5746798136e+02  7.4659000860e+02  1.9007153059e+03  3.6293579702e+03  5.9336182244e+03  8.8137368219e+03
     8.550  1.6235672163e+01  1.5871619931e+02  7.5466405506e+02  1.9224234167e+03  3.6715238838e+03  6.0030632883e+03  8.9172816101e+03
     8.600  1.6234296751e+01  1.5996946807e+02  7.6278309326e+02  1.9442565889e+03  3.7139348877e+03  6.0729134535e+03  9.0214315026e+03
     8.650  1.6232937241e+01  1.6122778674e+02  7.7094712315e+02  1.9662148212e+03  3.7565909799e+03  6.1431687181e+03  9.1261864973e+03
     8.700  1.6231593360e+01  1.6249115444e+02  7.7915614468e+02  1.9882981124e+03  3.7994921589e+03  6.2138290799e+03  9.2315465921e+03
     8.750  1.6230264841e+01  1.6375957031e+02  7.8741015783e+02  2.0105064612e+03  3.8426384227e+03  6.2848945371e+03  9.3375117852e+03
     8.800  1.6228951423e+01  1.6503303353e+02  7.9570916256e+02  2.0328398666e+03  3.8860297699e+03  6.3563650878e+03  9.4440820745e+03
     8.850  1.6227652851e+01  1.6631154326e+02  8.0405315885e+02  2.0552983275e+03  3.9296661986e+03  6.4282407302e+03  9.5512574583e+03
     8.900  1.6226368875e+01  1.6759509871e+02  8.1244214667e+02  2.0778818426e+03  3.9735477074e+03  6.5005214624e+03  9.6590379346e+03
     8.950  1.6225099252e+01  1.6888369910e+02  8.2087612601e+02  2.1005904110e+03  4.0176742947e+03  6.5732072829e+03  9.7674235017e+03
     9.000  1.6223843743e+01  1.7017734367e+02  8.2935509686e+02  2.1234240317e+03  4.0620459589e+03  6.6462981898e+03  9.8764141578e+03
     9.050  1.6222602115e+01  1.7147603167e+02  8.3787905920e+02  2.1463827035e+03  4.1066626987e+03  6.7197941816e+03  9.9860099014e+03
     9.100  1.6221374140e+01  1.7277976238e+02  8.4644801305e+02  2.1694664256e+03  4.1515245125e+03  6.7936952565e+03  1.0096210731e+04
     9.150  1.6220159595e+01  1.7408853507e+02  8.5506195838e+02  2.1926751969e+03  4.1966313990e+03  6.8680014131e+03  1.0207016644e+04
     9.200  1.6218958260e+01  1.7540234905e+02  8.6372089521e+02  2.2160090166e+03  4.2419833569e+03  6.9427126498e+03  1.0318427640e+04
     9.250  1.6217769923e+01  1.7672120364e+02  8.7242482353e+02  2.2394678836e+03  4.2875803847e+03  7.0178289652e+03  1.0430443717e+04
     9.300  1.6216594375e+01  1.7804509817e+02  8.8117374337e+02  2.2630517972e+03  4.3334224811e+03  7.0933503577e+03  1.0543064873e+04
     9.350  1.6215431410e+01  1.7937403199e+02  8.8996765473e+02  2.2867607564e+03  4.3795096450e+03  7.1692768260e+03  1.0656291108e+04
     9.400  1.6214280829e+01  1.8070800446e+02  8.9880655762e+02  2.3105947604e+03  4.4258418751e+03  7.2456083687e+03  1.0770122419e+04
     9.450  1.6213142435e+01  1.8204701495e+02  9.0769045206e+02  2.3345538084e+03  4.4724191701e+03  7.3223449843e+03  1.0884558805e+04
     9.500  1.6212016036e+01  1.8339106286e+02  9.1661933807e+02  2.3586378995e+03  4.5192415290e+03  7.3994866717e+03  1.0999600266e+04
     9.550  1.6210901445e+01  1.8474014759e+02  9.2559321567e+02  2.3828470330e+03  4.5663089505e+03  7.4770334294e+03  1.1115246799e+04
     9.600  1.6209798477e+01  1.8609426855e+02  9.3461208488e+02  2.4071812081e+03  4.6136214335e+03  7.5549852564e+03  1.1231498403e+04
     9.650  1.6208706952e+01  1.8745342516e+02  9.4367594572e+02  2.4316404241e+03  4.6611789769e+03  7.6333421512e+03  1.1348355077e+04
     9.700  1.6207626693e+01  1.8881761687e+02  9.5278479823e+02  2.4562246801e+03  4.7089815797e+03  7.7121041128e+03  1.1465816820e+04
     9.750  1.6206557527e+01  1.9018684312e+02  9.6193864244e+02  2.4809339755e+03  4.7570292408e+03  7.7912711399e+03  1.1583883631e+04
     9.800  1.6205499284e+01  1.9156110339e+02  9.7113747836e+02  2.5057683097e+03  4.8053219592e+03  7.8708432314e+03  1.1702555508e+04
     9.850  1.6204451800e+01  1.9294039713e+02  9.8038130604e+02  2.5307276818e+03  4.8538597338e+03  7.9508203862e+03  1.1821832450e+04
     9.900  1.6203414910e+01  1.9432472384e+02  9.8967012551e+02  2.5558120913e+03  4.9026425638e+03  8.0312026033e+03  1.1941714457e+04
     9.950  1.6202388456e+01  1.9571408300e+02  9.9900393680e+02  2.5810215375e+03  4.9516704482e+03  8.1119898814e+03  1.2062201526e+04
    10.000  1.6201372281e+01  1.9710847413e+02  1.0083827399e+03  2.6063560197e+03  5.0009433859e+03  8.1931822196e+03  1.2183293658e+04
    10.050  1.6200366231e+01  1.9850789674e+02  1.0178065350e+03  2.6318155374e+03  5.0504613762e+03  8.2747796169e+03  1.2304990850e+04
    10.100  1.6199370158e+01  1.9991235035e+02  1.0272753220e+03  2.6574000898e+03  5.1002244182e+03  8.3567820722e+03  1.2427293103e+04
    10.150  1.6198383913e+01  2.0132183449e+02  1.0367891009e+03  2.6831096765e+03  5.1502325109e+03  8.4391895847e+03  1.2550200414e+04
    10.200  1.6197407352e+01  2.0273634872e+02  1.0463478719e+03  2.7089442969e+03  5.2004856535e+03  8.5220021533e+03  1.2673712784e+04
    10.250  1.6196440333e+01  2.0415589257e+02  1.0559516349e+03  2.7349039503e+03  5.2509838451e+03  8.6052197770e+03  1.2797830210e+04
    10.300  1.6195482719e+01  2.0558046562e+02  1.0656003900e+03  2.7609886362e+03  5.3017270851e+03  8.6888424551e+03  1.2922552692e+04
    10.350  1.6194534371e+01  2.0701006743e+02  1.0752941372e+03  2.7871983541e+03  5.3527153725e+03  8.7728701866e+03  1.3047880230e+04
    10.400  1.6193595158e+01  2.0844469758e+02  1.0850328766e+03  2.8135331034e+03  5.4039487066e+03  8.8573029706e+03  1.3173812821e+04
    10.450  1.6192664948e+01  2.0988435566e+02  1.0948166083e+03  2.8399928836e+03  5.4554270866e+03  8.9421408062e+03  1.3300350466e+04
    10.500  1.6191743613e+01  2.1132904126e+02  1.1046453322e+03  2.8665776943e+03  5.5071505118e+03  9.0273836927e+03  1.3427493164e+04
    10.550  1.6190831026e+01  2.1277875398e+02  1.1145190484e+03  2.8932875348e+03  5.5591189814e+03  9.1130316292e+03  1.3555240913e+04
    10.600  1.6189927063e+01  2.1423349344e+02  1.1244377570e+03  2.9201224048e+03  5.6113324948e+03  9.1990846150e+03  1.3683593713e+04
    10.650  1.6189031604e+01  2.1569325924e+02  1.1344014580e+03  2.9470823037e+03  5.6637910512e+03  9.2855426491e+03  1.3812551563e+04
    10.700  1.6188144530e+01  2.1715805102e+02  1.1444101514e+03  2.9741672311e+03  5.7164946500e+03  9.3724057309e+03  1.3942114462e+04
    10.750  1.6187265722e+01  2.1862786841e+02  1.1544638373e+03  3.0013771865e+03  5.7694432904e+03  9.4596738596e+03  1.4072282410e+04
    10.800  1.6186395067e+01  2.2010271104e+02  1.1645625158e+03  3.0287121695e+03  5.8226369719e+03  9.5473470345e+03  1.4203055405e+04
    10.850  1.6185532452e+01  2.2158257856e+02  1.1747061869e+03  3.0561721796e+03  5.8760756937e+03  9.6354252549e+03  1.4334433448e+04
    10.900  1.6184677766e+01  2.2306747062e+02  1.1848948506e+03  3.0837572164e+03  5.9297594553e+03  9.7239085200e+03  1.4466416536e+04
    10.950  1.6183830901e+01  2.2455738689e+02  1.1951285070e+03  3.1114672795e+03  5.9836882560e+03  9.8127968291e+03  1.4599004671e+04
    11.000  1.6182991751e+01  2.2605232701e+02  1.2054071561e+03  3.1393023685e+03  6.0378620953e+03  9.9020901817e+03  1.4732197850e+04
    11.050  1.6182160209e+01  2.2755229068e+02  1.2157307980e+03  3.1672624829e+03  6.0922809725e+03  9.9917885769e+03  1.4865996073e+04
    11.100  1.6181336174e+01  2.2905727755e+02  1.2260994327e+03  3.1953476224e+03  6.1469448870e+03  1.0081892014e+04  1.5000399339e+04
    11.150  1.6180519545e+01  2.3056728732e+02  1.2365130604e+03  3.2235577866e+03  6.2018538384e+03  1.0172400493e+04  1.5135407649e+04
    11.200  1.6179710222e+01  2.3208231968e+02  1.2469716809e+03  3.2518929750e+03  6.2570078259e+03  1.0263314012e+04  1.5271021000e+04
    11.250  1.6178908109e+01  2.3360237431e+02  1.2574752944e+03  3.2803531875e+03  6.3124068492e+03  1.0354632572e+04  1.5407239393e+04
    11.300  1.6178113108e+01  2.3512745092e+02  1.2680239010e+03  3.3089384235e+03  6.3680509076e+03  1.0446356172e+04  1.5544062828e+04
    11.350  1.6177325128e+01  2.3665754921e+02  1.2786175006e+03  3.3376486827e+03  6.4239400006e+03  1.0538484810e+04  1.5681491302e+04
    11.400  1.6176544074e+01  2.3819266890e+02  1.2892560933e+03  3.3664839647e+03  6.4800741278e+03  1.0631018487e+04  1.5819524816e+04
    11.450  1.6175769856e+01  2.3973280969e+02  1.2999396792e+03  3.3954442693e+03  6.5364532885e+03  1.0723957201e+04  1.5958163369e+04
    11.500  1.6175002386e+01  2.4127797131e+02  1.3106682584e+03  3.4245295961e+03  6.5930774824e+03  1.0817300953e+04  1.6097406961e+04
    11.550  1.6174241575e+01  2.4282815348e+02  1.3214418308e+03  3.4537399447e+03  6.6499467089e+03  1.0911049742e+04  1.6237255591e+04
    11.600  1.6173487337e+01  2.4438335594e+02  1.3322603965e+03  3.4830753148e+03  6.7070609676e+03  1.1005203567e+04  1.6377709259e+04
    11.650  1.6172739588e+01  2.4594357842e+02  1.3431239555e+03  3.5125357062e+03  6.7644202579e+03  1.1099762427e+04  1.6518767963e+04
    11.700  1.6171998245e+01  2.4750882065e+02  1.3540325080e+03  3.5421211184e+03  6.8220245795e+03  1.1194726323e+04  1.6660431704e+04
    11.750  1.6171263225e+01  2.4907908239e+02  1.3649860540e+03  3.5718315513e+03  6.8798739318e+03  1.1290095253e+04  1.6802700480e+04
    11.800  1.6170534449e+01  2.5065436338e+02  1.3759845934e+03  3.6016670045e+03  6.9379683145e+03  1.1385869218e+04  1.6945574292e+04
    11.850  1.6169811836e+01  2.5223466337e+02  1.3870281264e+03  3.6316274776e+03  6.9963077271e+03  1.1482048216e+04  1.7089053139e+04
    11.900  1.6169095311e+01  2.5381998212e+02  1.3981166530e+03  3.6617129705e+03  7.0548921692e+03  1.1578632248e+04  1.7233137021e+04
    11.950  1.6168384795e+01  2.5541031939e+02  1.4092501733e+03  3.6919234828e+03  7.1137216404e+03  1.1675621312e+04  1.7377825936e+04
    12.000  1.6167680214e+01  2.5700567495e+02  1.4204286872e+03  3.7222590143e+03  7.1727961402e+03  1.1773015409e+04  1.7523119885e+04
    12.050  1.6166981495e+01  2.5860604856e+02  1.4316521949e+03  3.7527195647e+03  7.2321156683e+03  1.1870814537e+04  1.7669018866e+04
    12.100  1.6166288563e+01  2.6021144000e+02  1.4429206964e+03  3.7833051336e+03  7.2916802242e+03  1.1969018697e+04  1.7815522880e+04
    12.150  1.6165601349e+01  2.6182184904e+02  1.4542341917e+03  3.8140157210e+03  7.3514898076e+03  1.2067627888e+04  1.7962631927e+04
    12.200  1.6164919780e+01  2.6343727547e+02  1.4655926810e+03  3.8448513264e+03  7.4115444181e+03  1.2166642110e+04  1.8110346004e+04
    12.250  1.6164243790e+01  2.6505771907e+02  1.4769961641e+03  3.8758119497e+03  7.4718440554e+03  1.2266061361e+04  1.8258665114e+04
    12.300  1.6163573308e+01  2.6668317962e+02  1.4884446412e+03  3.9068975906e+03  7.5323887190e+03  1.2365885643e+04  1.8407589253e+04
    12.350  1.6162908269e+01  2.6831365692e+02  1.4999381123e+03  3.9381082489e+03  7.5931784086e+03  1.2466114953e+04  1.8557118424e+04
    12.400  1.6162248606e+01  2.6994915077e+02  1.5114765775e+03  3.9694439242e+03  7.6542131239e+03  1.2566749293e+04  1.8707252624e+04
    12.450  1.6161594255e+01  2.7158966095e+02  1.5230600369e+03  4.0009046165e+03  7.7154928645e+03  1.2667788661e+04  1.8857991854e+04
    12.500  1.6160945151e+01  2.7323518727e+02  1.5346884903e+03  4.0324903254e+03  7.7770176300e+03  1.2769233057e+04  1.9009336113e+04
    12.550  1.6160301233e+01  2.7488572954e+02  1.5463619380e+03  4.0642010508e+03  7.8387874202e+03  1.2871082481e+04  1.9161285400e+04
    12.600  1.6159662438e+01  2.7654128756e+02  1.5580803799e+03  4.0960367923e+03  7.9008022347e+03  1.2973336933e+04  1.9313839716e+04
    12.650  1.6159028705e+01  2.7820186114e+02  1.5698438161e+03  4.1279975498e+03  7.9630620731e+03  1.3075996411e+04  1.9466999061e+04
    12.700  1.6158399975e+01  2.7986745010e+02  1.5816522467e+03  4.1600833232e+03  8.0255669353e+03  1.3179060916e+04  1.9620763433e+04
    12.750  1.6157776189e+01  2.8153805426e+02  1.5935056716e+03  4.1922941120e+03  8.0883168207e+03  1.3282530448e+04  1.9775132832e+04
    12.800  1.6157157289e+01  2.8321367342e+02  1.6054040909e+03  4.2246299163e+03  8.1513117293e+03  1.3386405005e+04  1.9930107258e+04
    12.850  1.6156543217e+01  2.8489430743e+02  1.6173475047e+03  4.2570907356e+03  8.2145516605e+03  1.3490684589e+04  2.0085686710e+04
    12.900  1.6155933917e+01  2.8657995609e+02  1.6293359130e+03  4.2896765700e+03  8.2780366143e+03  1.3595369197e+04  2.0241871189e+04
    12.950  1.6155329335e+01  2.8827061924e+02  1.6413693159e+03  4.3223874191e+03  8.3417665902e+03  1.3700458831e+04  2.0398660694e+04
    13.000  1.6154729416e+01  2.8996629670e+02  1.6534477133e+03  4.3552232827e+03  8.4057415879e+03  1.3805953489e+04  2.0556055225e+04
    13.050  1.6154134105e+01  2.9166698832e+02  1.6655711054e+03  4.3881841608e+03  8.4699616073e+03  1.3911853172e+04  2.0714054780e+04
    13.100  1.6153543351e+01  2.9337269393e+02  1.6777394922e+03  4.4212700530e+03  8.5344266480e+03  1.4018157878e+04  2.0872659361e+04
    13.150  1.6152957101e+01  2.9508341336e+02  1.6899528736e+03  4.4544809593e+03  8.5991367097e+03  1.4124867609e+04  2.1031868966e+04
    13.200  1.6152375303e+01  2.9679914646e+02  1.7022112499e+03  4.4878168793e+03  8.6640917922e+03  1.4231982362e+04  2.1191683596e+04
    13.250  1.6151797909e+01  2.9851989307e+02  1.7145146209e+03  4.5212778130e+03  8.7292918952e+03  1.4339502140e+04  2.1352103250e+04
    13.300  1.6151224867e+01  3.0024565303e+02  1.7268629868e+03  4.5548637602e+03  8.7947370185e+03  1.4447426939e+04  2.1513127927e+04
    13.350  1.6150656128e+01  3.0197642620e+02  1.7392563475e+03  4.5885747207e+03  8.8604271618e+03  1.4555756762e+04  2.1674757628e+04
    13.400  1.6150091646e+01  3.0371221242e+02  1.7516947031e+03  4.6224106943e+03  8.9263623249e+03  1.4664491607e+04  2.1836992352e+04
    13.450  1.6149531371e+01  3.0545301154e+02  1.7641780538e+03  4.6563716809e+03  8.9925425075e+03  1.4773631474e+04  2.1999832099e+04
    13.500  1.6148975258e+01  3.0719882343e+02  1.7767063994e+03  4.6904576804e+03  9.0589677093e+03  1.4883176362e+04  2.2163276868e+04
    13.550  1.6148423259e+01  3.0894964793e+02  1.7892797400e+03  4.7246686924e+03  9.1256379302e+03  1.4993126272e+04  2.2327326660e+04
    13.600  1.6147875331e+01  3.1070548491e+02  1.8018980757e+03  4.7590047170e+03  9.1925531699e+03  1.5103481204e+04  2.2491981474e+04
    13.650  1.6147331427e+01  3.1246633423e+02  1.8145614066e+03  4.7934657538e+03  9.2597134281e+03  1.5214241156e+04  2.2657241309e+04
    13.700  1.6146791504e+01  3.1423219575e+02  1.8272697325e+03  4.8280518029e+03  9.3271187047e+03  1.5325406129e+04  2.2823106166e+04
    13.750  1.6146255519e+01  3.1600306933e+02  1.8400230537e+03  4.8627628640e+03  9.3947689994e+03  1.5436976122e+04  2.2989576044e+04
    13.800  1.6145723427e+01  3.1777895485e+02  1.8528213701e+03  4.8975989370e+03  9.4626643121e+03  1.5548951136e+04  2.3156650944e+04
    13.850  1.6145195188e+01  3.1955985217e+02  1.8656646817e+03  4.9325600217e+03  9.5308046424e+03  1.5661331170e+04  2.3324330864e+04
    13.900  1.6144670760e+01  3.2134576116e+02  1.8785529887e+03  4.9676461181e+03  9.5991899902e+03  1.5774116223e+04  2.3492615804e+04
    13.950  1.6144150101e+01  3.2313668169e+02  1.8914862910e+03  5.0028572259e+03  9.6678203553e+03  1.5887306296e+04  2.3661505765e+04
    14.000  1.6143633172e+01  3.2493261365e+02  1.9044645886e+03  5.0381933450e+03  9.7366957374e+03  1.6000901388e+04  2.3831000746e+04
    14.050  1.6143119931e+01  3.2673355691e+02  1.9174878817e+03  5.0736544753e+03  9.8058161364e+03  1.6114901500e+04  2.4001100746e+04
    14.100  1.6142610341e+01  3.2853951134e+02  1.9305561702e+03  5.1092406166e+03  9.8751815520e+03  1.6229306630e+04  2.4171805766e+04
    14.150  1.6142104362e+01  3.3035047682e+02  1.9436694541e+03  5.1449517689e+03  9.9447919841e+03  1.6344116778e+04  2.4343115805e+04
    14.200  1.6141601956e+01  3.3216645324e+02  1.9568277336e+03  5.1807879319e+03  1.0014647433e+04  1.6459331946e+04  2.4515030864e+04
    14.250  1.6141103085e+01  3.3398744049e+02  1.9700310087e+03  5.2167491056e+03  1.0084747897e+04  1.6574952131e+04  2.4687550941e+04
    14.300  1.6140607712e+01  3.3581343844e+02  1.9832792793e+03  5.2528352899e+03  1.0155093377e+04  1.6690977334e+04  2.4860676037e+04
    14.350  1.6140115801e+01  3.3764444698e+02  1.9965725455e+03  5.2890464846e+03  1.0225683873e+04  1.6807407555e+04  2.5034406152e+04
    14.400  1.6139627316e+01  3.3948046600e+02  2.0099108074e+03  5.3253826895e+03  1.0296519385e+04  1.6924242794e+04  2.5208741285e+04
    14.450  1.6139142220e+01  3.4132149539e+02  2.0232940650e+03  5.3618439047e+03  1.0367599912e+04  1.7041483049e+04  2.5383681435e+04
    14.500  1.6138660479e+01  3.4316753504e+02  2.0367223183e+03  5.3984301298e+03  1.0438925454e+04  1.7159128322e+04  2.5559226604e+04
    14.550  1.6138182058e+01  3.4501858485e+02  2.0501955673e+03  5.4351413650e+03  1.0510496011e+04  1.7277178612e+04  2.5735376790e+04
    14.600  1.6137706923e+01  3.4687464471e+02  2.0637138121e+03  5.4719776099e+03  1.0582311583e+04  1.7395633919e+04  2.5912131994e+04
    14.650  1.6137235041e+01  3.4873571451e+02  2.0772770527e+03  5.5089388645e+03  1.0654372170e+04  1.7514494243e+04  2.6089492214e+04
    14.700  1.6136766377e+01  3.5060179416e+02  2.0908852892e+03  5.5460251288e+03  1.0726677771e+04  1.7633759582e+04  2.6267457452e+04
    14.750  1.6136300900e+01  3.5247288355e+02  2.1045385216e+03  5.5832364025e+03  1.0799228387e+04  1.7753429938e+04  2.6446027707e+04
    14.800  1.6135838577e+01  3.5434898257e+02  2.1182367498e+03  5.6205726856e+03  1.0872024016e+04  1.7873505310e+04  2.6625202978e+04
    14.850  1.6135379375e+01  3.5623009114e+02  2.1319799740e+03  5.6580339780e+03  1.0945064660e+04  1.7993985698e+04  2.6804983266e+04
    14.900  1.6134923264e+01  3.5811620916e+02  2.1457681942e+03  5.6956202796e+03  1.1018350318e+04  1.8114871102e+04  2.6985368571e+04
    14.950  1.6134470213e+01  3.6000733652e+02  2.1596014104e+03  5.7333315902e+03  1.1091880989e+04  1.8236161521e+04  2.7166358891e+04
    15.000  1.6134020190e+01  3.6190347314e+02  2.1734796226e+03  5.7711679098e+03  1.1165656674e+04  1.8357856955e+04  2.7347954227e+04
    15.050  1.6133573166e+01  3.6380461892e+02  2.1874028309e+03  5.8091292383e+03  1.1239677372e+04  1.8479957405e+04  2.7530154579e+04
    15.100  1.6133129111e+01  3.6571077377e+02  2.2013710353e+03  5.8472155755e+03  1.1313943084e+04  1.8602462869e+04  2.7712959946e+04
    15.150  1.6132687995e+01  3.6762193760e+02  2.2153842358e+03  5.8854269214e+03  1.1388453808e+04  1.8725373348e+04  2.7896370330e+04
    15.200  1.6132249789e+01  3.6953811032e+02  2.2294424324e+03  5.9237632759e+03  1.1463209546e+04  1.8848688843e+04  2.8080385728e+04
    15.250  1.6131814465e+01  3.7145929184e+02  2.2435456252e+03  5.9622246389e+03  1.1538210296e+04  1.8972409351e+04  2.8265006141e+04
    15.300  1.6131381994e+01  3.7338548207e+02  2.2576938143e+03  6.0008110102e+03  1.1613456059e+04  1.9096534874e+04  2.8450231569e+04
    15.350  1.6130952349e+01  3.7531668093e+02  2.2718869996e+03  6.0395223899e+03  1.1688946835e+04  1.9221065411e+04  2.8636062013e+04
    15.400  1.6130525501e+01  3.7725288833e+02  2.2861251811e+03  6.0783587777e+03  1.1764682623e+04  1.9346000962e+04  2.8822497470e+04
    15.450  1.6130101424e+01  3.7919410418e+02  2.3004083589e+03  6.1173201737e+03  1.1840663423e+04  1.9471341527e+04  2.9009537942e+04
    15.500  1.6129680090e+01  3.8114032842e+02  2.3147365331e+03  6.1564065777e+03  1.1916889236e+04  1.9597087106e+04  2.9197183429e+04
    15.550  1.6129261474e+01  3.8309156095e+02  2.3291097036e+03  6.1956179896e+03  1.1993360061e+04  1.9723237699e+04  2.9385433930e+04
    15.600  1.6128845549e+01  3.8504780169e+02  2.3435278705e+03  6.2349544094e+03  1.2070075897e+04  1.9849793305e+04  2.9574289444e+04
    15.650  1.6128432289e+01  3.8700905056e+02  2.3579910338e+03  6.2744158370e+03  1.2147036745e+04  1.9976753924e+04  2.9763749973e+04
    15.700  1.6128021668e+01  3.8897530749e+02  2.3724991936e+03  6.3140022722e+03  1.2224242605e+04  2.0104119556e+04  2.9953815515e+04
    15.750  1.6127613662e+01  3.9094657239e+02  2.3870523498e+03  6.3537137151e+03  1.2301693477e+04  2.0231890202e+04  3.0144486071e+04
    15.800  1.6127208246e+01  3.9292284520e+02  2.4016505025e+03  6.3935501655e+03  1.2379389360e+04  2.0360065860e+04  3.0335761640e+04
    15.850  1.6126805395e+01  3.9490412583e+02  2.4162936517e+03  6.4335116234e+03  1.2457330254e+04  2.0488646531e+04  3.0527642223e+04
    15.900  1.6126405085e+01  3.9689041421e+02  2.4309817974e+03  6.4735980886e+03  1.2535516159e+04  2.0617632215e+04  3.0720127818e+04
    15.950  1.6126007291e+01  3.9888171027e+02  2.4457149397e+03  6.5138095611e+03  1.2613947076e+04  2.0747022912e+04  3.0913218427e+04
    16.000  1.6125611991e+01  4.0087801393e+02  2.4604930786e+03  6.5541460408e+03  1.2692623003e+04  2.0876818620e+04  3.1106914049e+04
    16.050  1.6125219161e+01  4.0287932512e+02  2.4753162141e+03  6.5946075277e+03  1.2771543941e+04  2.1007019342e+04  3.1301214683e+04
    16.100  1.6124828778e+01  4.0488564378e+02  2.4901843463e+03  6.6351940217e+03  1.2850709890e+04  2.1137625075e+04  3.1496120330e+04
    16.150  1.6124440818e+01  4.0689696982e+02  2.5050974751e+03  6.6759055226e+03  1.2930120850e+04  2.1268635820e+04  3.1691630990e+04
    16.200  1.6124055261e+01  4.0891330319e+02  2.5200556006e+03  6.7167420305e+03  1.3009776820e+04  2.1400051577e+04  3.1887746662e+04
    16.250  1.6123672083e+01  4.1093464381e+02  2.5350587228e+03  6.7577035452e+03  1.3089677800e+04  2.1531872346e+04  3.2084467346e+04
    16.300  1.6123291262e+01  4.1296099162e+02  2.5501068418e+03  6.7987900667e+03  1.3169823791e+04  2.1664098126e+04  3.2281793043e+04
    16.350  1.6122912777e+01  4.1499234655e+02  2.5651999575e+03  6.8400015949e+03  1.3250214792e+04  2.1796728918e+04  3.2479723751e+04
    16.400  1.6122536607e+01  4.1702870853e+02  2.5803380700e+03  6.8813381298e+03  1.3330850803e+04  2.1929764722e+04  3.2678259471e+04
    16.450  1.6122162729e+01  4.1907007750e+02  2.5955211794e+03  6.9227996712e+03  1.3411731824e+04  2.2063205537e+04  3.2877400204e+04
    16.500  1.6121791125e+01  4.2111645339e+02  2.6107492855e+03  6.9643862191e+03  1.3492857855e+04  2.2197051363e+04  3.3077145947e+04
    16.550  1.6121421771e+01  4.2316783614e+02  2.6260223885e+03  7.0060977735e+03  1.3574228895e+04  2.2331302200e+04  3.3277496703e+04
    16.600  1.6121054650e+01  4.2522422570e+02  2.6413404884e+03  7.0479343343e+03  1.3655844946e+04  2.2465958048e+04  3.3478452469e+04
    16.650  1.6120689739e+01  4.2728562198e+02  2.6567035852e+03  7.0898959014e+03  1.3737706006e+04  2.2601018907e+04  3.3680013247e+04
    16.700  1.6120327020e+01  4.2935202495e+02  2.6721116789e+03  7.1319824748e+03  1.3819812075e+04  2.2736484777e+04  3.3882179037e+04
    16.750  1.6119966472e+01  4.3142343453e+02  2.6875647696e+03  7.1741940543e+03  1.3902163154e+04  2.2872355657e+04  3.4084949837e+04
    16.800  1.6119608077e+01  4.3349985066e+02  2.7030628573e+03  7.2165306400e+03  1.3984759242e+04  2.3008631548e+04  3.4288325649e+04
    16.850  1.6119251815e+01  4.3558127329e+02  2.7186059419e+03  7.2589922317e+03  1.4067600340e+04  2.3145312449e+04  3.4492306471e+04
    16.900  1.6118897667e+01  4.3766770236e+02  2.7341940235e+03  7.3015788295e+03  1.4150686446e+04  2.3282398361e+04  3.4696892304e+04
    16.950  1.6118545614e+01  4.3975913780e+02  2.7498271022e+03  7.3442904332e+03  1.4234017562e+04  2.3419889283e+04  3.4902083148e+04
    17.000  1.6118195638e+01  4.4185557958e+02  2.7655051780e+03  7.3871270428e+03  1.4317593687e+04  2.3557785215e+04  3.5107879002e+04
    17.050  1.6117847720e+01  4.4395702761e+02  2.7812282508e+03  7.4300886582e+03  1.4401414820e+04  2.3696086157e+04  3.5314279867e+04
    17.100  1.6117501843e+01  4.4606348187e+02  2.7969963207e+03  7.4731752794e+03  1.4485480962e+04  2.3834792109e+04  3.5521285742e+04
    17.150  1.6117157988e+01  4.4817494227e+02  2.8128093877e+03  7.5163869064e+03  1.4569792113e+04  2.3973903072e+04  3.5728896628e+04
    17.200  1.6116816138e+01  4.5029140878e+02  2.8286674519e+03  7.5597235390e+03  1.4654348273e+04  2.4113419043e+04  3.5937112523e+04
    17.250  1.6116476276e+01  4.5241288134e+02  2.8445705133e+03  7.6031851772e+03  1.4739149441e+04  2.4253340025e+04  3.6145933429e+04
    17.300  1.6116138383e+01  4.5453935990e+02  2.8605185718e+03  7.6467718210e+03  1.4824195618e+04  2.4393666016e+04  3.6355359345e+04
    17.350  1.6115802444e+01  4.5667084439e+02  2.8765116275e+03  7.6904834703e+03  1.4909486803e+04  2.4534397017e+04  3.6565390270e+04
    17.400  1.6115468441e+01  4.5880733478e+02  2.8925496804e+03  7.7343201250e+03  1.4995022996e+04  2.4675533027e+04  3.6776026206e+04
    17.450  1.6115136357e+01  4.6094883101e+02  2.9086327306e+03  7.7782817852e+03  1.5080804198e+04  2.4817074046e+04  3.6987267151e+04
    17.500  1.6114806177e+01  4.6309533304e+02  2.9247607781e+03  7.8223684507e+03  1.5166830407e+04  2.4959020074e+04  3.7199113106e+04
    17.550  1.6114477883e+01  4.6524684080e+02  2.9409338228e+03  7.8665801215e+03  1.5253101625e+04  2.5101371112e+04  3.7411564070e+04
    17.600  1.6114151460e+01  4.6740335425e+02  2.9571518648e+03  7.9109167975e+03  1.5339617851e+04  2.5244127159e+04  3.7624620044e+04
    17.650  1.6113826891e+01  4.6956487334e+02  2.9734149042e+03  7.9553784787e+03  1.5426379084e+04  2.5387288215e+04  3.7838281027e+04
    17.700  1.6113504161e+01  4.7173139803e+02  2.9897229409e+03  7.9999651652e+03  1.5513385326e+04  2.5530854279e+04  3.8052547020e+04
    17.750  1.6113183255e+01  4.7390292826e+02  3.0060759749e+03  8.0446768567e+03  1.5600636575e+04  2.5674825353e+04  3.8267418022e+04
    17.800  1.6112864157e+01  4.7607946399e+02  3.0224740063e+03  8.0895135532e+03  1.5688132832e+04  2.5819201435e+04  3.8482894032e+04
    17.850  1.6112546851e+01  4.7826100518e+02  3.0389170351e+03  8.1344752548e+03  1.5775874097e+04  2.5963982526e+04  3.8698975052e+04
    17.900  1.6112231323e+01  4.8044755177e+02  3.0554050613e+03  8.1795619613e+03  1.5863860369e+04  2.6109168625e+04  3.8915661081e+04
    17.950  1.6111917558e+01  4.8263910372e+02  3.0719380850e+03  8.2247736728e+03  1.5952091649e+04  2.6254759733e+04  3.9132952119e+04
    18.000  1.6111605541e+01  4.8483566098e+02  3.0885161061e+03  8.2701103891e+03  1.6040567936e+04  2.6400755850e+04  3.9350848165e+04
    18.050  1.6111295258e+01  4.8703722352e+02  3.1051391246e+03  8.3155721103e+03  1.6129289230e+04  2.6547156974e+04  3.9569349220e+04
    18.100  1.6110986694e+01  4.8924379128e+02  3.1218071407e+03  8.3611588362e+03  1.6218255532e+04  2.6693963107e+04  3.9788455284e+04
    18.150  1.6110679834e+01  4.9145536423e+02  3.1385201542e+03  8.4068705669e+03  1.6307466841e+04  2.6841174248e+04  4.0008166356e+04
    18.200  1.6110374665e+01  4.9367194231e+02  3.1552781653e+03  8.4527073023e+03  1.6396923157e+04  2.6988790398e+04  4.0228482437e+04
    18.250  1.6110071174e+01  4.9589352549e+02  3.1720811739e+03  8.4986690423e+03  1.6486624480e+04  2.7136811555e+04  4.0449403526e+04
    18.300  1.6109769345e+01  4.9812011373e+02  3.1889291800e+03  8.5447557870e+03  1.6576570811e+04  2.7285237720e+04  4.0670929624e+04
    18.350  1.6109469166e+01  5.0035170698e+02  3.2058221837e+03  8.5909675362e+03  1.6666762148e+04  2.7434068894e+04  4.0893060730e+04
    18.400  1.6109170623e+01  5.0258830520e+02  3.2227601850e+03  8.6373042899e+03  1.6757198492e+04  2.7583305075e+04  4.1115796844e+04
    18.450  1.6108873702e+01  5.0482990835e+02  3.2397431840e+03  8.6837660482e+03  1.6847879843e+04  2.7732946264e+04  4.1339137966e+04
    18.500  1.6108578392e+01  5.0707651640e+02  3.2567711805e+03  8.7303528109e+03  1.6938806201e+04  2.7882992460e+04  4.1563084096e+04
    18.550  1.6108284677e+01  5.0932812929e+02  3.2738441746e+03  8.7770645779e+03  1.7029977566e+04  2.8033443665e+04  4.1787635234e+04
    18.600  1.6107992546e+01  5.1158474700e+02  3.2909621664e+03  8.8239013494e+03  1.7121393937e+04  2.8184299876e+04  4.2012791380e+04
    18.650  1.6107701986e+01  5.1384636947e+02  3.3081251559e+03  8.8708631252e+03  1.7213055315e+04  2.8335561096e+04  4.2238552534e+04
    18.700  1.6107412984e+01  5.1611299669e+02  3.3253331431e+03  8.9179499053e+03  1.7304961699e+04  2.8487227322e+04  4.2464918695e+04
    18.750  1.6107125528e+01  5.1838462859e+02  3.3425861280e+03  8.9651616897e+03  1.7397113090e+04  2.8639298556e+04  4.2691889865e+04
    18.800  1.6106839605e+01  5.2066126516e+02  3.3598841105e+03  9.0124984782e+03  1.7489509487e+04  2.8791774798e+04  4.2919466042e+04
    18.850  1.6106555204e+01  5.2294290634e+02  3.3772270908e+03  9.0599602710e+03  1.7582150891e+04  2.8944656047e+04  4.3147647226e+04
    18.900  1.6106272311e+01  5.2522955211e+02  3.3946150689e+03  9.1075470679e+03  1.7675037301e+04  2.9097942302e+04  4.3376433418e+04
    18.950  1.6105990915e+01  5.2752120243e+02  3.4120480447e+03  9.1552588689e+03  1.7768168718e+04  2.9251633565e+04  4.3605824618e+04
    19.000  1.6105711005e+01  5.2981785725e+02  3.4295260183e+03  9.2030956739e+03  1.7861545140e+04  2.9405729835e+04  4.3835820824e+04
    19.050  1.6105432568e+01  5.3211951655e+02  3.4470489897e+03  9.2510574831e+03  1.7955166569e+04  2.9560231113e+04  4.4066422039e+04
    19.100  1.6105155592e+01  5.3442618029e+02  3.4646169588e+03  9.2991442962e+03  1.8049033004e+04  2.9715137397e+04  4.4297628260e+04
    19.150  1.6104880068e+01  5.3673784843e+02  3.4822299258e+03  9.3473561133e+03  1.8143144445e+04  2.9870448687e+04  4.4529439489e+04
    19.200  1.6104605982e+01  5.3905452095e+02  3.4998878907e+03  9.3956929343e+03  1.8237500892e+04  3.0026164985e+04  4.4761855724e+04
    19.250  1.6104333324e+01  5.4137619779e+02  3.5175908534e+03  9.4441547592e+03  1.8332102345e+04  3.0182286290e+04  4.4994876967e+04
    19.300  1.6104062083e+01  5.4370287894e+02  3.5353388139e+03  9.4927415880e+03  1.8426948803e+04  3.0338812601e+04  4.5228503217e+04
    19.350  1.6103792247e+01  5.4603456436e+02  3.5531317724e+03  9.5414534206e+03  1.8522040268e+04  3.0495743919e+04  4.5462734474e+04
    19.400  1.6103523806e+01  5.4837125401e+02  3.5709697287e+03  9.5902902571e+03  1.8617376739e+04  3.0653080243e+04  4.5697570737e+04
    19.450  1.6103256750e+01  5.5071294786e+02  3.5888526829e+03  9.6392520973e+03  1.8712958215e+04  3.0810821574e+04  4.5933012008e+04
    19.500  1.6102991066e+01  5.5305964588e+02  3.6067806351e+03  9.6883389412e+03  1.8808784697e+04  3.0968967912e+04  4.6169058285e+04
    19.550  1.6102726746e+01  5.5541134803e+02  3.6247535851e+03  9.7375507889e+03  1.8904856184e+04  3.1127519256e+04  4.6405709569e+04
    19.600  1.6102463778e+01  5.5776805429e+02  3.6427715332e+03  9.7868876402e+03  1.9001172678e+04  3.1286475606e+04  4.6642965860e+04
    19.650  1.6102202151e+01  5.6012976462e+02  3.6608344792e+03  9.8363494952e+03  1.9097734177e+04  3.1445836963e+04  4.6880827157e+04
    19.700  1.6101941857e+01  5.6249647899e+02  3.6789424231e+03  9.8859363537e+03  1.9194540681e+04  3.1605603326e+04  4.7119293461e+04
    19.750  1.6101682884e+01  5.6486819738e+02  3.6970953651e+03  9.9356482159e+03  1.9291592191e+04  3.1765774695e+04  4.7358364771e+04
    19.800  1.6101425223e+01  5.6724491974e+02  3.7152933050e+03  9.9854850816e+03  1.9388888706e+04  3.1926351070e+04  4.7598041088e+04
    19.850  1.6101168863e+01  5.6962664606e+02  3.7335362430e+03  1.0035446951e+04  1.9486430227e+04  3.2087332451e+04  4.7838322412e+04
    19.900  1.6100913795e+01  5.7201337629e+02  3.7518241790e+03  1.0085533824e+04  1.9584216753e+04  3.2248718839e+04  4.8079208741e+04
    19.950  1.6100660009e+01  5.7440511041e+02  3.7701571130e+03  1.0135745700e+04  1.9682248284e+04  3.2410510233e+04  4.8320700077e+04
    20.000  1.6100407496e+01  5.7680184839e+02  3.7885350451e+03  1.0186082580e+04  1.9780524821e+04  3.2572706632e+04  4.8562796419e+04
