 #   eta        -2
     6.000  0.0000000000e+00
     6.050  2.4826741850e-03
     6.100  4.8963464070e-03
     6.150  7.2433710608e-03
     6.200  9.5260041279e-03
     6.250  1.1746408133e-02
     6.300  1.3906656808e-02
     6.350  1.6008739476e-02
     6.400  1.8054565192e-02
     6.450  2.0045966629e-02
     6.500  2.1984703759e-02
     6.550  2.3872467313e-02
     6.600  2.5710882052e-02
     6.650  2.7501509857e-02
     6.700  2.9245852649e-02
     6.750  3.0945355145e-02
     6.800  3.2601407473e-02
     6.850  3.4215347639e-02
     6.900  3.5788463868e-02
     6.950  3.7321996818e-02
     7.000  3.8817141681e-02
     7.050  4.0275050175e-02
     7.100  4.1696832434e-02
     7.150  4.3083558796e-02
     7.200  4.4436261509e-02
     7.250  4.5755936346e-02
     7.300  4.7043544144e-02
     7.350  4.8300012258e-02
     7.400  4.9526235957e-02
     7.450  5.0723079742e-02
     7.500  5.1891378602e-02
     7.550  5.3031939215e-02
     7.600  5.4145541087e-02
     7.650  5.5232937638e-02
     7.700  5.6294857240e-02
     7.750  5.7332004201e-02
     7.800  5.8345059714e-02
     7.850  5.9334682747e-02
     7.900  6.0301510912e-02
     7.950  6.1246161275e-02
     8.000  6.2169231144e-02
     8.050  6.3071298816e-02
     8.100  6.3952924293e-02
     8.150  6.4814649962e-02
     8.200  6.5657001254e-02
     8.250  6.6480487265e-02
     8.300  6.7285601357e-02
     8.350  6.8072821729e-02
     8.400  6.8842611970e-02
     8.450  6.9595421579e-02
     8.500  7.0331686472e-02
     8.550  7.1051829465e-02
     8.600  7.1756260733e-02
     8.650  7.2445378258e-02
     8.700  7.3119568252e-02
     8.750  7.3779205566e-02
     8.800  7.4424654081e-02
     8.850  7.5056267085e-02
     8.900  7.5674387635e-02
     8.950  7.6279348900e-02
     9.000  7.6871474499e-02
     9.050  7.7451078817e-02
     9.100  7.8018467315e-02
     9.150  7.8573936827e-02
     9.200  7.9117775839e-02
     9.250  7.9650264769e-02
     9.300  8.0171676225e-02
     9.350  8.0682275263e-02
     9.400  8.1182319626e-02
     9.450  8.1672059981e-02
     9.500  8.2151740144e-02
     9.550  8.2621597299e-02
     9.600  8.3081862205e-02
     9.650  8.3532759399e-02
     9.700  8.3974507394e-02
     9.750  8.4407318858e-02
     9.800  8.4831400804e-02
     9.850  8.5246954759e-02
     9.900  8.5654176933e-02
     9.950  8.6053258380e-02
    10.000  8.6444385158e-02
    10.050  8.6827738477e-02
    10.100  8.7203494844e-02
    10.150  8.7571826206e-02
    10.200  8.7932900086e-02
    10.250  8.8286879710e-02
    10.300  8.8633924139e-02
    10.350  8.8974188386e-02
    10.400  8.9307823539e-02
    10.450  8.9634976873e-02
    10.500  8.9955791959e-02
    10.550  9.0270408775e-02
    10.600  9.0578963803e-02
    10.650  9.0881590133e-02
    10.700  9.1178417562e-02
    10.750  9.1469572679e-02
    10.800  9.1755178962e-02
    10.850  9.2035356866e-02
    10.900  9.2310223902e-02
    10.950  9.2579894724e-02
    11.000  9.2844481203e-02
    11.050  9.3104092512e-02
    11.100  9.3358835191e-02
    11.150  9.3608813225e-02
    11.200  9.3854128111e-02
    11.250  9.4094878927e-02
    11.300  9.4331162396e-02
    11.350  9.4563072952e-02
    11.400  9.4790702796e-02
    11.450  9.5014141962e-02
    11.500  9.5233478372e-02
    11.550  9.5448797889e-02
    11.600  9.5660184378e-02
    11.650  9.5867719751e-02
    11.700  9.6071484024e-02
    11.750  9.6271555364e-02
    11.800  9.6468010138e-02
    11.850  9.6660922956e-02
    11.900  9.6850366724e-02
    11.950  9.7036412679e-02
    12.000  9.7219130438e-02
    12.050  9.7398588038e-02
    12.100  9.7574851974e-02
    12.150  9.7747987239e-02
    12.200  9.7918057364e-02
    12.250  9.8085124454e-02
    12.300  9.8249249220e-02
    12.350  9.8410491019e-02
    12.400  9.8568907886e-02
    12.450  9.8724556565e-02
    12.500  9.8877492543e-02
    12.550  9.9027770080e-02
    12.600  9.9175442241e-02
    12.650  9.9320560921e-02
    12.700  9.9463176878e-02
    12.750  9.9603339760e-02
    12.800  9.9741098128e-02
    12.850  9.9876499488e-02
    12.900  1.0000959031e-01
    12.950  1.0014041606e-01
    13.000  1.0026902123e-01
    13.050  1.0039544932e-01
    13.100  1.0051974293e-01
    13.150  1.0064194373e-01
    13.200  1.0076209249e-01
    13.250  1.0088022911e-01
    13.300  1.0099639265e-01
    13.350  1.0111062133e-01
    13.400  1.0122295256e-01
    13.450  1.0133342295e-01
    13.500  1.0144206835e-01
    13.550  1.0154892383e-01
    13.600  1.0165402375e-01
    13.650  1.0175740172e-01
    13.700  1.0185909065e-01
    13.750  1.0195912279e-01
    13.800  1.0205752968e-01
    13.850  1.0215434221e-01
    13.900  1.0224959064e-01
    13.950  1.0234330458e-01
    14.000  1.0243551306e-01
    14.050  1.0252624447e-01
    14.100  1.0261552663e-01
    14.150  1.0270338680e-01
    14.200  1.0278985165e-01
    14.250  1.0287494732e-01
    14.300  1.0295869942e-01
    14.350  1.0304113302e-01
    14.400  1.0312227268e-01
    14.450  1.0320214247e-01
    14.500  1.0328076595e-01
    14.550  1.0335816622e-01
    14.600  1.0343436590e-01
    14.650  1.0350938717e-01
    14.700  1.0358325172e-01
    14.750  1.0365598084e-01
    14.800  1.0372759539e-01
    14.850  1.0379811577e-01
    14.900  1.0386756203e-01
    14.950  1.0393595376e-01
    15.000  1.0400331019e-01
    15.050  1.0406965016e-01
    15.100  1.0413499213e-01
    15.150  1.0419935419e-01
    15.200  1.0426275408e-01
    15.250  1.0432520917e-01
    15.300  1.0438673650e-01
    15.350  1.0444735277e-01
    15.400  1.0450707434e-01
    15.450  1.0456591725e-01
    15.500  1.0462389724e-01
    15.550  1.0468102971e-01
    15.600  1.0473732977e-01
    15.650  1.0479281225e-01
    15.700  1.0484749167e-01
    15.750  1.0490138226e-01
    15.800  1.0495449799e-01
    15.850  1.0500685254e-01
    15.900  1.0505845935e-01
    15.950  1.0510933155e-01
    16.000  1.0515948207e-01
    16.050  1.0520892354e-01
    16.100  1.0525766839e-01
    16.150  1.0530572876e-01
    16.200  1.0535311660e-01
    16.250  1.0539984360e-01
    16.300  1.0544592124e-01
    16.350  1.0549136077e-01
    16.400  1.0553617323e-01
    16.450  1.0558036943e-01
    16.500  1.0562396000e-01
    16.550  1.0566695535e-01
    16.600  1.0570936569e-01
    16.650  1.0575120104e-01
    16.700  1.0579247123e-01
    16.750  1.0583318589e-01
    16.800  1.0587335447e-01
    16.850  1.0591298626e-01
    16.900  1.0595209036e-01
    16.950  1.0599067568e-01
    17.000  1.0602875099e-01
    17.050  1.0606632487e-01
    17.100  1.0610340576e-01
    17.150  1.0614000193e-01
    17.200  1.0617612149e-01
    17.250  1.0621177240e-01
    17.300  1.0624696247e-01
    17.350  1.0628169937e-01
    17.400  1.0631599062e-01
    17.450  1.0634984359e-01
    17.500  1.0638326553e-01
    17.550  1.0641626356e-01
    17.600  1.0644884463e-01
    17.650  1.0648101559e-01
    17.700  1.0651278317e-01
    17.750  1.0654415395e-01
    17.800  1.0657513441e-01
    17.850  1.0660573088e-01
    17.900  1.0663594962e-01
    17.950  1.0666579672e-01
    18.000  1.0669527820e-01
    18.050  1.0672439995e-01
    18.100  1.0675316776e-01
    18.150  1.0678158729e-01
    18.200  1.0680966414e-01
    18.250  1.0683740376e-01
    18.300  1.0686481153e-01
    18.350  1.0689189273e-01
    18.400  1.0691865253e-01
    18.450  1.0694509602e-01
    18.500  1.0697122818e-01
    18.550  1.0699705391e-01
    18.600  1.0702257803e-01
    18.650  1.0704780526e-01
    18.700  1.0707274024e-01
    18.750  1.0709738751e-01
    18.800  1.0712175156e-01
    18.850  1.0714583678e-01
    18.900  1.0716964747e-01
    18.950  1.0719318787e-01
    19.000  1.0721646214e-01
    19.050  1.0723947436e-01
    19.100  1.0726222855e-01
    19.150  1.0728472864e-01
    19.200  1.0730697851e-01
    19.250  1.0732898195e-01
    19.300  1.0735074269e-01
    19.350  1.0737226441e-01
    19.400  1.0739355070e-01
    19.450  1.0741460510e-01
    19.500  1.0743543108e-01
    19.550  1.0745603207e-01
    19.600  1.0747641140e-01
    19.650  1.0749657239e-01
    19.700  1.0751651825e-01
    19.750  1.0753625218e-01
    19.800  1.0755577730e-01
    19.850  1.0757509667e-01
    19.900  1.0759421332e-01
    19.950  1.0761313020e-01
    20.000  1.0763185118e-01
    20.050  1.0765037626e-01
    20.100  1.0766871112e-01
    20.150  1.0768685756e-01
    20.200  1.0770481830e-01
    20.250  1.0772259600e-01
    20.300  1.0774019329e-01
    20.350  1.0775761275e-01
    20.400  1.0777485691e-01
    20.450  1.0779192826e-01
    20.500  1.0780882924e-01
    20.550  1.0782556227e-01
    20.600  1.0784212970e-01
    20.650  1.0785853386e-01
    20.700  1.0787477703e-01
    20.750  1.0789086147e-01
    20.800  1.0790678937e-01
    20.850  1.0792256291e-01
    20.900  1.0793818423e-01
    20.950  1.0795365541e-01
    21.000  1.0796897854e-01
    21.050  1.0798415562e-01
    21.100  1.0799918866e-01
    21.150  1.0801407962e-01
    21.200  1.0802883042e-01
    21.250  1.0804344297e-01
    21.300  1.0805791913e-01
    21.350  1.0807226072e-01
    21.400  1.0808646957e-01
    21.450  1.0810054743e-01
    21.500  1.0811449606e-01
    21.550  1.0812831717e-01
    21.600  1.0814201245e-01
    21.650  1.0815558355e-01
    21.700  1.0816903212e-01
    21.750  1.0818235976e-01
    21.800  1.0819556804e-01
    21.850  1.0820865853e-01
    21.900  1.0822163276e-01
    21.950  1.0823449222e-01
    22.000  1.0824723840e-01
    22.050  1.0825987276e-01
    22.100  1.0827239673e-01
    22.150  1.0828481172e-01
    22.200  1.0829711911e-01
    22.250  1.0830932028e-01
    22.300  1.0832141657e-01
    22.350  1.0833340929e-01
    22.400  1.0834529976e-01
    22.450  1.0835708926e-01
    22.500  1.0836877903e-01
    22.550  1.0838037033e-01
    22.600  1.0839186438e-01
    22.650  1.0840326238e-01
    22.700  1.0841456551e-01
    22.750  1.0842577494e-01
    22.800  1.0843689182e-01
    22.850  1.0844791727e-01
    22.900  1.0845885240e-01
    22.950  1.0846969832e-01
    23.000  1.0848045609e-01
    23.050  1.0849112679e-01
    23.100  1.0850171145e-01
    23.150  1.0851221110e-01
    23.200  1.0852262676e-01
    23.250  1.0853295943e-01
    23.300  1.0854321008e-01
    23.350  1.0855337969e-01
    23.400  1.0856346920e-01
    23.450  1.0857347956e-01
    23.500  1.0858341169e-01
    23.550  1.0859326651e-01
    23.600  1.0860304490e-01
    23.650  1.0861274775e-01
    23.700  1.0862237594e-01
    23.750  1.0863193032e-01
    23.800  1.0864141173e-01
    23.850  1.0865082101e-01
    23.900  1.0866015898e-01
    23.950  1.0866942645e-01
    24.000  1.0867862420e-01
    24.050  1.0868775304e-01
    24.100  1.0869681372e-01
    24.150  1.0870580701e-01
    24.200  1.0871473367e-01
    24.250  1.0872359443e-01
    24.300  1.0873239002e-01
    24.350  1.0874112116e-01
    24.400  1.0874978855e-01
    24.450  1.0875839291e-01
    24.500  1.0876693491e-01
    24.550  1.0877541523e-01
    24.600  1.0878383455e-01
    24.650  1.0879219351e-01
    24.700  1.0880049278e-01
    24.750  1.0880873299e-01
    24.800  1.0881691477e-01
    24.850  1.0882503875e-01
    24.900  1.0883310554e-01
    24.950  1.0884111575e-01
    25.000  1.0884906997e-01
    25.050  1.0885696880e-01
    25.100  1.0886481281e-01
    25.150  1.0887260257e-01
    25.200  1.0888033866e-01
    25.250  1.0888802163e-01
    25.300  1.0889565202e-01
    25.350  1.0890323039e-01
    25.400  1.0891075726e-01
    25.450  1.0891823316e-01
    25.500  1.0892565862e-01
    25.550  1.0893303414e-01
    25.600  1.0894036023e-01
    25.650  1.0894763740e-01
    25.700  1.0895486613e-01
    25.750  1.0896204691e-01
    25.800  1.0896918022e-01
    25.850  1.0897626654e-01
    25.900  1.0898330633e-01
    25.950  1.0899030005e-01
    26.000  1.0899724816e-01
    26.050  1.0900415110e-01
    26.100  1.0901100932e-01
    26.150  1.0901782327e-01
    26.200  1.0902459336e-01
    26.250  1.0903132002e-01
    26.300  1.0903800368e-01
    26.350  1.0904464475e-01
    26.400  1.0905124364e-01
    26.450  1.0905780076e-01
    26.500  1.0906431650e-01
    26.550  1.0907079126e-01
    26.600  1.0907722542e-01
    26.650  1.0908361938e-01
    26.700  1.0908997351e-01
    26.750  1.0909628818e-01
    26.800  1.0910256377e-01
    26.850  1.0910880065e-01
    26.900  1.0911499916e-01
    26.950  1.0912115967e-01
    27.000  1.0912728254e-01
    27.050  1.0913336810e-01
    27.100  1.0913941670e-01
    27.150  1.0914542868e-01
    27.200  1.0915140438e-01
    27.250  1.0915734412e-01
    27.300  1.0916324823e-01
    27.350  1.0916911704e-01
    27.400  1.0917495086e-01
    27.450  1.0918075001e-01
    27.500  1.0918651480e-01
    27.550  1.0919224554e-01
    27.600  1.0919794252e-01
    27.650  1.0920360606e-01
    27.700  1.0920923644e-01
    27.750  1.0921483397e-01
    27.800  1.0922039892e-01
    27.850  1.0922593159e-01
    27.900  1.0923143226e-01
    27.950  1.0923690120e-01
    28.000  1.0924233870e-01
    28.050  1.0924774503e-01
    28.100  1.0925312045e-01
    28.150  1.0925846523e-01
    28.200  1.0926377964e-01
    28.250  1.0926906393e-01
    28.300  1.0927431837e-01
    28.350  1.0927954321e-01
    28.400  1.0928473869e-01
    28.450  1.0928990508e-01
    28.500  1.0929504261e-01
    28.550  1.0930015152e-01
    28.600  1.0930523206e-01
    28.650  1.0931028447e-01
    28.700  1.0931530898e-01
    28.750  1.0932030581e-01
    28.800  1.0932527521e-01
    28.850  1.0933021740e-01
    28.900  1.0933513260e-01
    28.950  1.0934002104e-01
    29.000  1.0934488293e-01
    29.050  1.0934971849e-01
    29.100  1.0935452794e-01
    29.150  1.0935931148e-01
    29.200  1.0936406934e-01
    29.250  1.0936880171e-01
    29.300  1.0937350880e-01
    29.350  1.0937819082e-01
    29.400  1.0938284797e-01
    29.450  1.0938748044e-01
    29.500  1.0939208843e-01
    29.550  1.0939667214e-01
    29.600  1.0940123176e-01
    29.650  1.0940576748e-01
    29.700  1.0941027949e-01
    29.750  1.0941476797e-01
    29.800  1.0941923311e-01
    29.850  1.0942367509e-01
    29.900  1.0942809409e-01
    29.950  1.0943249030e-01
    30.000  1.0943686388e-01
    30.050  1.0944121502e-01
    30.100  1.0944554388e-01
    30.150  1.0944985064e-01
    30.200  1.0945413546e-01
    30.250  1.0945839852e-01
    30.300  1.0946263998e-01
    30.350  1.0946686001e-01
    30.400  1.0947105876e-01
    30.450  1.0947523641e-01
    30.500  1.0947939310e-01
    30.550  1.0948352900e-01
    30.600  1.0948764426e-01
    30.650  1.0949173903e-01
    30.700  1.0949581348e-01
    30.750  1.0949986775e-01
    30.800  1.0950390199e-01
    30.850  1.0950791635e-01
    30.900  1.0951191098e-01
    30.950  1.0951588602e-01
    31.000  1.0951984161e-01
    31.050  1.0952377791e-01
    31.100  1.0952769505e-01
    31.150  1.0953159316e-01
    31.200  1.0953547240e-01
    31.250  1.0953933289e-01
    31.300  1.0954317477e-01
    31.350  1.0954699818e-01
    31.400  1.0955080325e-01
    31.450  1.0955459012e-01
    31.500  1.0955835890e-01
    31.550  1.0956210973e-01
    31.600  1.0956584275e-01
    31.650  1.0956955807e-01
    31.700  1.0957325582e-01
    31.750  1.0957693613e-01
    31.800  1.0958059912e-01
    31.850  1.0958424490e-01
    31.900  1.0958787362e-01
    31.950  1.0959148537e-01
    32.000  1.0959508029e-01
    32.050  1.0959865848e-01
    32.100  1.0960222007e-01
    32.150  1.0960576517e-01
    32.200  1.0960929390e-01
    32.250  1.0961280636e-01
    32.300  1.0961630267e-01
    32.350  1.0961978294e-01
    32.400  1.0962324729e-01
    32.450  1.0962669581e-01
    32.500  1.0963012863e-01
    32.550  1.0963354584e-01
    32.600  1.0963694755e-01
    32.650  1.0964033386e-01
    32.700  1.0964370489e-01
    32.750  1.0964706074e-01
    32.800  1.0965040149e-01
    32.850  1.0965372727e-01
    32.900  1.0965703817e-01
    32.950  1.0966033428e-01
    33.000  1.0966361571e-01
    33.050  1.0966688255e-01
    33.100  1.0967013490e-01
    33.150  1.0967337287e-01
    33.200  1.0967659653e-01
    33.250  1.0967980599e-01
    33.300  1.0968300134e-01
    33.350  1.0968618267e-01
    33.400  1.0968935008e-01
    33.450  1.0969250365e-01
    33.500  1.0969564348e-01
    33.550  1.0969876966e-01
    33.600  1.0970188227e-01
    33.650  1.0970498140e-01
    33.700  1.0970806714e-01
    33.750  1.0971113957e-01
    33.800  1.0971419879e-01
    33.850  1.0971724487e-01
    33.900  1.0972027791e-01
    33.950  1.0972329797e-01
    34.000  1.0972630516e-01
    34.050  1.0972929954e-01
    34.100  1.0973228120e-01
    34.150  1.0973525022e-01
    34.200  1.0973820669e-01
    34.250  1.0974115067e-01
    34.300  1.0974408225e-01
    34.350  1.0974700151e-01
    34.400  1.0974990852e-01
    34.450  1.0975280336e-01
    34.500  1.0975568610e-01
    34.550  1.0975855683e-01
    34.600  1.0976141561e-01
    34.650  1.0976426253e-01
    34.700  1.0976709765e-01
    34.750  1.0976992104e-01
    34.800  1.0977273279e-01
    34.850  1.0977553295e-01
    34.900  1.0977832161e-01
    34.950  1.0978109883e-01
    35.000  1.0978386468e-01
    35.050  1.0978661923e-01
    35.100  1.0978936256e-01
    35.150  1.0979209472e-01
    35.200  1.0979481579e-01
    35.250  1.0979752583e-01
    35.300  1.0980022491e-01
    35.350  1.0980291310e-01
    35.400  1.0980559046e-01
    35.450  1.0980825706e-01
    35.500  1.0981091295e-01
    35.550  1.0981355822e-01
    35.600  1.0981619291e-01
    35.650  1.0981881709e-01
    35.700  1.0982143083e-01
    35.750  1.0982403418e-01
    35.800  1.0982662721e-01
    35.850  1.0982920998e-01
    35.900  1.0983178254e-01
    35.950  1.0983434497e-01
    36.000  1.0983689731e-01
    36.050  1.0983943963e-01
    36.100  1.0984197199e-01
    36.150  1.0984449444e-01
    36.200  1.0984700704e-01
    36.250  1.0984950986e-01
    36.300  1.0985200294e-01
    36.350  1.0985448634e-01
    36.400  1.0985696011e-01
    36.450  1.0985942433e-01
    36.500  1.0986187903e-01
    36.550  1.0986432427e-01
    36.600  1.0986676012e-01
    36.650  1.0986918661e-01
    36.700  1.0987160381e-01
    36.750  1.0987401176e-01
    36.800  1.0987641053e-01
    36.850  1.0987880016e-01
    36.900  1.0988118071e-01
    36.950  1.0988355222e-01
    37.000  1.0988591474e-01
    37.050  1.0988826834e-01
    37.100  1.0989061305e-01
    37.150  1.0989294893e-01
    37.200  1.0989527603e-01
    37.250  1.0989759439e-01
    37.300  1.0989990407e-01
    37.350  1.0990220512e-01
    37.400  1.0990449757e-01
    37.450  1.0990678148e-01
    37.500  1.0990905690e-01
    37.550  1.0991132388e-01
    37.600  1.0991358245e-01
    37.650  1.0991583267e-01
    37.700  1.0991807459e-01
    37.750  1.0992030824e-01
    37.800  1.0992253367e-01
    37.850  1.0992475093e-01
    37.900  1.0992696007e-01
    37.950  1.0992916112e-01
    38.000  1.0993135414e-01
    38.050  1.0993353916e-01
    38.100  1.0993571623e-01
    38.150  1.0993788539e-01
    38.200  1.0994004668e-01
    38.250  1.0994220015e-01
    38.300  1.0994434584e-01
    38.350  1.0994648379e-01
    38.400  1.0994861404e-01
    38.450  1.0995073663e-01
    38.500  1.0995285161e-01
    38.550  1.0995495901e-01
    38.600  1.0995705888e-01
    38.650  1.0995915126e-01
    38.700  1.0996123617e-01
    38.750  1.0996331368e-01
    38.800  1.0996538380e-01
    38.850  1.0996744659e-01
    38.900  1.0996950208e-01
    38.950  1.0997155031e-01
    39.000  1.0997359132e-01
    39.050  1.0997562514e-01
    39.100  1.0997765182e-01
    39.150  1.0997967139e-01
    39.200  1.0998168388e-01
    39.250  1.0998368934e-01
    39.300  1.0998568780e-01
    39.350  1.0998767930e-01
    39.400  1.0998966387e-01
    39.450  1.0999164155e-01
    39.500  1.0999361237e-01
    39.550  1.0999557638e-01
    39.600  1.0999753359e-01
    39.650  1.0999948406e-01
    39.700  1.1000142782e-01
    39.750  1.1000336489e-01
    39.800  1.1000529532e-01
    39.850  1.1000721913e-01
    39.900  1.1000913637e-01
    39.950  1.1001104705e-01
    40.000  1.1001295123e-01
    40.050  1.1001484893e-01
    40.100  1.1001674017e-01
    40.150  1.1001862501e-01
    40.200  1.1002050346e-01
    40.250  1.1002237556e-01
    40.300  1.1002424135e-01
    40.350  1.1002610085e-01
    40.400  1.1002795409e-01
    40.450  1.1002980111e-01
    40.500  1.1003164194e-01
    40.550  1.1003347660e-01
    40.600  1.1003530514e-01
    40.650  1.1003712757e-01
    40.700  1.1003894393e-01
    40.750  1.1004075426e-01
    40.800  1.1004255857e-01
    40.850  1.1004435690e-01
    40.900  1.1004614928e-01
    40.950  1.1004793574e-01
    41.000  1.1004971631e-01
    41.050  1.1005149101e-01
    41.100  1.1005325987e-01
    41.150  1.1005502293e-01
    41.200  1.1005678021e-01
    41.250  1.1005853174e-01
    41.300  1.1006027755e-01
    41.350  1.1006201766e-01
    41.400  1.1006375211e-01
    41.450  1.1006548092e-01
    41.500  1.1006720411e-01
    41.550  1.1006892172e-01
    41.600  1.1007063377e-01
    41.650  1.1007234029e-01
    41.700  1.1007404130e-01
    41.750  1.1007573683e-01
    41.800  1.1007742691e-01
    41.850  1.1007911157e-01
    41.900  1.1008079082e-01
    41.950  1.1008246470e-01
    42.000  1.1008413324e-01
    42.050  1.1008579644e-01
    42.100  1.1008745435e-01
    42.150  1.1008910698e-01
    42.200  1.1009075437e-01
    42.250  1.1009239653e-01
    42.300  1.1009403349e-01
    42.350  1.1009566528e-01
    42.400  1.1009729191e-01
    42.450  1.1009891342e-01
    42.500  1.1010052983e-01
    42.550  1.1010214116e-01
    42.600  1.1010374743e-01
    42.650  1.1010534867e-01
    42.700  1.1010694491e-01
    42.750  1.1010853616e-01
    42.800  1.1011012245e-01
    42.850  1.1011170380e-01
    42.900  1.1011328023e-01
    42.950  1.1011485177e-01
    43.000  1.1011641844e-01
    43.050  1.1011798027e-01
    43.100  1.1011953726e-01
    43.150  1.1012108946e-01
    43.200  1.1012263687e-01
    43.250  1.1012417952e-01
    43.300  1.1012571744e-01
    43.350  1.1012725063e-01
    43.400  1.1012877914e-01
    43.450  1.1013030297e-01
    43.500  1.1013182215e-01
    43.550  1.1013333669e-01
    43.600  1.1013484663e-01
    43.650  1.1013635197e-01
    43.700  1.1013785275e-01
    43.750  1.1013934898e-01
    43.800  1.1014084069e-01
    43.850  1.1014232788e-01
    43.900  1.1014381059e-01
    43.950  1.1014528883e-01
    44.000  1.1014676263e-01
    44.050  1.1014823199e-01
    44.100  1.1014969696e-01
    44.150  1.1015115753e-01
    44.200  1.1015261373e-01
    44.250  1.1015406559e-01
    44.300  1.1015551312e-01
    44.350  1.1015695633e-01
    44.400  1.1015839526e-01
    44.450  1.1015982991e-01
    44.500  1.1016126031e-01
    44.550  1.1016268648e-01
    44.600  1.1016410843e-01
    44.650  1.1016552618e-01
    44.700  1.1016693975e-01
    44.750  1.1016834917e-01
    44.800  1.1016975443e-01
    44.850  1.1017115558e-01
    44.900  1.1017255262e-01
    44.950  1.1017394557e-01
    45.000  1.1017533445e-01
    45.050  1.1017671927e-01
    45.100  1.1017810006e-01
    45.150  1.1017947684e-01
    45.200  1.1018084961e-01
    45.250  1.1018221840e-01
    45.300  1.1018358322e-01
    45.350  1.1018494409e-01
    45.400  1.1018630103e-01
    45.450  1.1018765405e-01
    45.500  1.1018900318e-01
    45.550  1.1019034843e-01
    45.600  1.1019168980e-01
    45.650  1.1019302733e-01
    45.700  1.1019436103e-01
    45.750  1.1019569091e-01
    45.800  1.1019701699e-01
    45.850  1.1019833929e-01
    45.900  1.1019965782e-01
    45.950  1.1020097260e-01
    46.000  1.1020228364e-01
    46.050  1.1020359097e-01
    46.100  1.1020489458e-01
    46.150  1.1020619451e-01
    46.200  1.1020749077e-01
    46.250  1.1020878336e-01
    46.300  1.1021007232e-01
    46.350  1.1021135765e-01
    46.400  1.1021263936e-01
    46.450  1.1021391748e-01
    46.500  1.1021519202e-01
    46.550  1.1021646299e-01
    46.600  1.1021773040e-01
    46.650  1.1021899428e-01
    46.700  1.1022025464e-01
    46.750  1.1022151148e-01
    46.800  1.1022276484e-01
    46.850  1.1022401471e-01
    46.900  1.1022526112e-01
    46.950  1.1022650408e-01
    47.000  1.1022774360e-01
    47.050  1.1022897970e-01
    47.100  1.1023021239e-01
    47.150  1.1023144169e-01
    47.200  1.1023266760e-01
    47.250  1.1023389015e-01
    47.300  1.1023510935e-01
    47.350  1.1023632520e-01
    47.400  1.1023753773e-01
    47.450  1.1023874695e-01
    47.500  1.1023995287e-01
    47.550  1.1024115551e-01
    47.600  1.1024235487e-01
    47.650  1.1024355097e-01
    47.700  1.1024474383e-01
    47.750  1.1024593345e-01
    47.800  1.1024711986e-01
    47.850  1.1024830305e-01
    47.900  1.1024948306e-01
    47.950  1.1025065988e-01
    48.000  1.1025183353e-01
    48.050  1.1025300403e-01
    48.100  1.1025417139e-01
    48.150  1.1025533561e-01
    48.200  1.1025649672e-01
    48.250  1.1025765472e-01
    48.300  1.1025880963e-01
    48.350  1.1025996146e-01
    48.400  1.1026111022e-01
    48.450  1.1026225592e-01
    48.500  1.1026339858e-01
    48.550  1.1026453820e-01
    48.600  1.1026567480e-01
    48.650  1.1026680840e-01
    48.700  1.1026793900e-01
    48.750  1.1026906661e-01
    48.800  1.1027019125e-01
    48.850  1.1027131293e-01
    48.900  1.1027243166e-01
    48.950  1.1027354745e-01
    49.000  1.1027466031e-01
    49.050  1.1027577026e-01
    49.100  1.1027687730e-01
    49.150  1.1027798145e-01
    49.200  1.1027908272e-01
    49.250  1.1028018111e-01
    49.300  1.1028127665e-01
    49.350  1.1028236934e-01
    49.400  1.1028345919e-01
    49.450  1.1028454621e-01
    49.500  1.1028563042e-01
    49.550  1.1028671183e-01
    49.600  1.1028779044e-01
    49.650  1.1028886626e-01
    49.700  1.1028993932e-01
    49.750  1.1029100961e-01
    49.800  1.1029207715e-01
    49.850  1.1029314195e-01
    49.900  1.1029420402e-01
    49.950  1.1029526337e-01
    50.000  1.1029632001e-01
    50.050  1.1029737395e-01
    50.100  1.1029842520e-01
    50.150  1.1029947377e-01
    50.200  1.1030051967e-01
    50.250  1.1030156292e-01
    50.300  1.1030260351e-01
    50.350  1.1030364147e-01
    50.400  1.1030467680e-01
    50.450  1.1030570951e-01
    50.500  1.1030673961e-01
    50.550  1.1030776711e-01
    50.600  1.1030879202e-01
    50.650  1.1030981435e-01
    50.700  1.1031083411e-01
    50.750  1.1031185131e-01
    50.800  1.1031286596e-01
    50.850  1.1031387807e-01
    50.900  1.1031488765e-01
    50.950  1.1031589470e-01
    51.000  1.1031689924e-01
    51.050  1.1031790128e-01
    51.100  1.1031890082e-01
    51.150  1.1031989788e-01
    51.200  1.1032089246e-01
    51.250  1.1032188457e-01
    51.300  1.1032287423e-01
    51.350  1.1032386143e-01
    51.400  1.1032484620e-01
    51.450  1.1032582854e-01
    51.500  1.1032680845e-01
    51.550  1.1032778595e-01
    51.600  1.1032876105e-01
    51.650  1.1032973375e-01
    51.700  1.1033070406e-01
    51.750  1.1033167200e-01
    51.800  1.1033263756e-01
    51.850  1.1033360077e-01
    51.900  1.1033456162e-01
    51.950  1.1033552013e-01
    52.000  1.1033647631e-01
    52.050  1.1033743015e-01
    52.100  1.1033838168e-01
    52.150  1.1033933090e-01
    52.200  1.1034027782e-01
    52.250  1.1034122244e-01
    52.300  1.1034216478e-01
    52.350  1.1034310485e-01
    52.400  1.1034404264e-01
    52.450  1.1034497817e-01
    52.500  1.1034591145e-01
    52.550  1.1034684249e-01
    52.600  1.1034777129e-01
    52.650  1.1034869786e-01
    52.700  1.1034962221e-01
    52.750  1.1035054435e-01
    52.800  1.1035146429e-01
    52.850  1.1035238202e-01
    52.900  1.1035329757e-01
    52.950  1.1035421094e-01
    53.000  1.1035512213e-01
    53.050  1.1035603116e-01
    53.100  1.1035693803e-01
    53.150  1.1035784275e-01
    53.200  1.1035874532e-01
    53.250  1.1035964576e-01
    53.300  1.1036054408e-01
    53.350  1.1036144027e-01
    53.400  1.1036233435e-01
    53.450  1.1036322632e-01
    53.500  1.1036411620e-01
    53.550  1.1036500398e-01
    53.600  1.1036588968e-01
    53.650  1.1036677331e-01
    53.700  1.1036765486e-01
    53.750  1.1036853436e-01
    53.800  1.1036941180e-01
    53.850  1.1037028719e-01
    53.900  1.1037116054e-01
    53.950  1.1037203186e-01
    54.000  1.1037290115e-01
    54.050  1.1037376842e-01
    54.100  1.1037463368e-01
    54.150  1.1037549693e-01
    54.200  1.1037635819e-01
    54.250  1.1037721745e-01
    54.300  1.1037807473e-01
    54.350  1.1037893003e-01
    54.400  1.1037978336e-01
    54.450  1.1038063473e-01
    54.500  1.1038148414e-01
    54.550  1.1038233159e-01
    54.600  1.1038317710e-01
    54.650  1.1038402068e-01
    54.700  1.1038486232e-01
    54.750  1.1038570204e-01
    54.800  1.1038653984e-01
    54.850  1.1038737573e-01
    54.900  1.1038820972e-01
    54.950  1.1038904180e-01
    55.000  1.1038987199e-01
    55.050  1.1039070030e-01
    55.100  1.1039152673e-01
    55.150  1.1039235129e-01
    55.200  1.1039317398e-01
    55.250  1.1039399480e-01
    55.300  1.1039481378e-01
    55.350  1.1039563090e-01
    55.400  1.1039644619e-01
    55.450  1.1039725964e-01
    55.500  1.1039807126e-01
    55.550  1.1039888105e-01
    55.600  1.1039968903e-01
    55.650  1.1040049520e-01
    55.700  1.1040129956e-01
    55.750  1.1040210213e-01
    55.800  1.1040290290e-01
    55.850  1.1040370188e-01
    55.900  1.1040449908e-01
    55.950  1.1040529451e-01
    56.000  1.1040608817e-01
    56.050  1.1040688006e-01
    56.100  1.1040767020e-01
    56.150  1.1040845858e-01
    56.200  1.1040924522e-01
    56.250  1.1041003012e-01
    56.300  1.1041081328e-01
    56.350  1.1041159471e-01
    56.400  1.1041237442e-01
    56.450  1.1041315242e-01
    56.500  1.1041392870e-01
    56.550  1.1041470327e-01
    56.600  1.1041547614e-01
    56.650  1.1041624732e-01
    56.700  1.1041701681e-01
    56.750  1.1041778462e-01
    56.800  1.1041855074e-01
    56.850  1.1041931519e-01
    56.900  1.1042007798e-01
    56.950  1.1042083910e-01
    57.000  1.1042159856e-01
    57.050  1.1042235637e-01
    57.100  1.1042311254e-01
    57.150  1.1042386707e-01
    57.200  1.1042461996e-01
    57.250  1.1042537121e-01
    57.300  1.1042612085e-01
    57.350  1.1042686886e-01
    57.400  1.1042761526e-01
    57.450  1.1042836005e-01
    57.500  1.1042910323e-01
    57.550  1.1042984482e-01
    57.600  1.1043058481e-01
    57.650  1.1043132321e-01
    57.700  1.1043206003e-01
    57.750  1.1043279527e-01
    57.800  1.1043352894e-01
    57.850  1.1043426103e-01
    57.900  1.1043499156e-01
    57.950  1.1043572054e-01
    58.000  1.1043644796e-01
    58.050  1.1043717383e-01
    58.100  1.1043789815e-01
    58.150  1.1043862094e-01
    58.200  1.1043934219e-01
    58.250  1.1044006191e-01
    58.300  1.1044078011e-01
    58.350  1.1044149679e-01
    58.400  1.1044221195e-01
    58.450  1.1044292561e-01
    58.500  1.1044363775e-01
    58.550  1.1044434840e-01
    58.600  1.1044505755e-01
    58.650  1.1044576521e-01
    58.700  1.1044647138e-01
    58.750  1.1044717607e-01
    58.800  1.1044787928e-01
    58.850  1.1044858102e-01
    58.900  1.1044928129e-01
    58.950  1.1044998009e-01
    59.000  1.1045067744e-01
    59.050  1.1045137333e-01
    59.100  1.1045206777e-01
    59.150  1.1045276077e-01
    59.200  1.1045345232e-01
    59.250  1.1045414244e-01
    59.300  1.1045483113e-01
    59.350  1.1045551839e-01
    59.400  1.1045620422e-01
    59.450  1.1045688864e-01
    59.500  1.1045757164e-01
    59.550  1.1045825323e-01
    59.600  1.1045893341e-01
    59.650  1.1045961219e-01
    59.700  1.1046028958e-01
    59.750  1.1046096557e-01
    59.800  1.1046164017e-01
    59.850  1.1046231339e-01
    59.900  1.1046298523e-01
    59.950  1.1046365569e-01
    60.000  1.1046432478e-01
    60.050  1.1046499250e-01
    60.100  1.1046565886e-01
    60.150  1.1046632385e-01
    60.200  1.1046698750e-01
    60.250  1.1046764979e-01
    60.300  1.1046831073e-01
    60.350  1.1046897033e-01
    60.400  1.1046962859e-01
    60.450  1.1047028552e-01
    60.500  1.1047094112e-01
    60.550  1.1047159539e-01
    60.600  1.1047224833e-01
    60.650  1.1047289996e-01
    60.700  1.1047355027e-01
    60.750  1.1047419927e-01
    60.800  1.1047484696e-01
    60.850  1.1047549335e-01
    60.900  1.1047613844e-01
    60.950  1.1047678224e-01
    61.000  1.1047742474e-01
    61.050  1.1047806596e-01
    61.100  1.1047870589e-01
    61.150  1.1047934454e-01
    61.200  1.1047998192e-01
    61.250  1.1048061802e-01
    61.300  1.1048125286e-01
    61.350  1.1048188643e-01
    61.400  1.1048251873e-01
    61.450  1.1048314978e-01
    61.500  1.1048377958e-01
    61.550  1.1048440813e-01
    61.600  1.1048503543e-01
    61.650  1.1048566149e-01
    61.700  1.1048628631e-01
    61.750  1.1048690989e-01
    61.800  1.1048753224e-01
    61.850  1.1048815337e-01
    61.900  1.1048877327e-01
    61.950  1.1048939195e-01
    62.000  1.1049000941e-01
    62.050  1.1049062565e-01
    62.100  1.1049124069e-01
    62.150  1.1049185452e-01
    62.200  1.1049246715e-01
    62.250  1.1049307858e-01
    62.300  1.1049368881e-01
    62.350  1.1049429785e-01
    62.400  1.1049490570e-01
    62.450  1.1049551237e-01
    62.500  1.1049611785e-01
    62.550  1.1049672215e-01
    62.600  1.1049732528e-01
    62.650  1.1049792724e-01
    62.700  1.1049852802e-01
    62.750  1.1049912765e-01
    62.800  1.1049972611e-01
    62.850  1.1050032341e-01
    62.900  1.1050091955e-01
    62.950  1.1050151455e-01
    63.000  1.1050210839e-01
    63.050  1.1050270110e-01
    63.100  1.1050329265e-01
    63.150  1.1050388307e-01
    63.200  1.1050447236e-01
    63.250  1.1050506051e-01
    63.300  1.1050564754e-01
    63.350  1.1050623343e-01
    63.400  1.1050681821e-01
    63.450  1.1050740186e-01
    63.500  1.1050798440e-01
    63.550  1.1050856583e-01
    63.600  1.1050914615e-01
    63.650  1.1050972536e-01
    63.700  1.1051030347e-01
    63.750  1.1051088047e-01
    63.800  1.1051145638e-01
    63.850  1.1051203120e-01
    63.900  1.1051260492e-01
    63.950  1.1051317756e-01
    64.000  1.1051374911e-01
    64.050  1.1051431958e-01
    64.100  1.1051488897e-01
    64.150  1.1051545729e-01
    64.200  1.1051602453e-01
    64.250  1.1051659070e-01
    64.300  1.1051715581e-01
    64.350  1.1051771985e-01
    64.400  1.1051828283e-01
    64.450  1.1051884476e-01
    64.500  1.1051940563e-01
    64.550  1.1051996544e-01
    64.600  1.1052052421e-01
    64.650  1.1052108194e-01
    64.700  1.1052163862e-01
    64.750  1.1052219425e-01
    64.800  1.1052274886e-01
    64.850  1.1052330242e-01
    64.900  1.1052385496e-01
    64.950  1.1052440647e-01
    65.000  1.1052495695e-01
    65.050  1.1052550641e-01
    65.100  1.1052605485e-01
    65.150  1.1052660227e-01
    65.200  1.1052714868e-01
    65.250  1.1052769407e-01
    65.300  1.1052823846e-01
    65.350  1.1052878184e-01
    65.400  1.1052932421e-01
    65.450  1.1052986559e-01
    65.500  1.1053040597e-01
    65.550  1.1053094535e-01
    65.600  1.1053148374e-01
    65.650  1.1053202114e-01
    65.700  1.1053255756e-01
    65.750  1.1053309299e-01
    65.800  1.1053362744e-01
    65.850  1.1053416090e-01
    65.900  1.1053469340e-01
    65.950  1.1053522492e-01
    66.000  1.1053575547e-01
    66.050  1.1053628505e-01
    66.100  1.1053681366e-01
    66.150  1.1053734131e-01
    66.200  1.1053786801e-01
    66.250  1.1053839374e-01
    66.300  1.1053891852e-01
    66.350  1.1053944234e-01
    66.400  1.1053996522e-01
    66.450  1.1054048715e-01
    66.500  1.1054100813e-01
    66.550  1.1054152817e-01
    66.600  1.1054204727e-01
    66.650  1.1054256544e-01
    66.700  1.1054308267e-01
    66.750  1.1054359896e-01
    66.800  1.1054411433e-01
    66.850  1.1054462877e-01
    66.900  1.1054514228e-01
    66.950  1.1054565488e-01
    67.000  1.1054616655e-01
    67.050  1.1054667730e-01
    67.100  1.1054718714e-01
    67.150  1.1054769607e-01
    67.200  1.1054820409e-01
    67.250  1.1054871120e-01
    67.300  1.1054921741e-01
    67.350  1.1054972271e-01
    67.400  1.1055022711e-01
    67.450  1.1055073061e-01
    67.500  1.1055123322e-01
    67.550  1.1055173494e-01
    67.600  1.1055223576e-01
    67.650  1.1055273569e-01
    67.700  1.1055323474e-01
    67.750  1.1055373291e-01
    67.800  1.1055423019e-01
    67.850  1.1055472660e-01
    67.900  1.1055522212e-01
    67.950  1.1055571678e-01
    68.000  1.1055621056e-01
    68.050  1.1055670347e-01
    68.100  1.1055719551e-01
    68.150  1.1055768669e-01
    68.200  1.1055817700e-01
    68.250  1.1055866645e-01
    68.300  1.1055915505e-01
    68.350  1.1055964279e-01
    68.400  1.1056012967e-01
    68.450  1.1056061570e-01
    68.500  1.1056110088e-01
    68.550  1.1056158522e-01
    68.600  1.1056206871e-01
    68.650  1.1056255135e-01
    68.700  1.1056303316e-01
    68.750  1.1056351413e-01
    68.800  1.1056399426e-01
    68.850  1.1056447355e-01
    68.900  1.1056495202e-01
    68.950  1.1056542965e-01
    69.000  1.1056590645e-01
    69.050  1.1056638243e-01
    69.100  1.1056685759e-01
    69.150  1.1056733192e-01
    69.200  1.1056780544e-01
    69.250  1.1056827813e-01
    69.300  1.1056875002e-01
    69.350  1.1056922109e-01
    69.400  1.1056969134e-01
    69.450  1.1057016079e-01
    69.500  1.1057062943e-01
    69.550  1.1057109727e-01
    69.600  1.1057156431e-01
    69.650  1.1057203054e-01
    69.700  1.1057249597e-01
    69.750  1.1057296061e-01
    69.800  1.1057342446e-01
    69.850  1.1057388751e-01
    69.900  1.1057434977e-01
    69.950  1.1057481124e-01
    70.000  1.1057527193e-01
    70.050  1.1057573183e-01
    70.100  1.1057619094e-01
    70.150  1.1057664928e-01
    70.200  1.1057710684e-01
    70.250  1.1057756362e-01
    70.300  1.1057801963e-01
    70.350  1.1057847487e-01
    70.400  1.1057892933e-01
    70.450  1.1057938303e-01
    70.500  1.1057983596e-01
    70.550  1.1058028812e-01
    70.600  1.1058073952e-01
    70.650  1.1058119016e-01
    70.700  1.1058164004e-01
    70.750  1.1058208916e-01
    70.800  1.1058253753e-01
    70.850  1.1058298514e-01
    70.900  1.1058343201e-01
    70.950  1.1058387812e-01
    71.000  1.1058432349e-01
    71.050  1.1058476810e-01
    71.100  1.1058521198e-01
    71.150  1.1058565511e-01
    71.200  1.1058609750e-01
    71.250  1.1058653916e-01
    71.300  1.1058698007e-01
    71.350  1.1058742026e-01
    71.400  1.1058785970e-01
    71.450  1.1058829842e-01
    71.500  1.1058873641e-01
    71.550  1.1058917367e-01
    71.600  1.1058961021e-01
    71.650  1.1059004602e-01
    71.700  1.1059048110e-01
    71.750  1.1059091547e-01
    71.800  1.1059134912e-01
    71.850  1.1059178205e-01
    71.900  1.1059221427e-01
    71.950  1.1059264577e-01
    72.000  1.1059307657e-01
    72.050  1.1059350665e-01
    72.100  1.1059393602e-01
    72.150  1.1059436469e-01
    72.200  1.1059479265e-01
    72.250  1.1059521991e-01
    72.300  1.1059564647e-01
    72.350  1.1059607233e-01
    72.400  1.1059649749e-01
    72.450  1.1059692196e-01
    72.500  1.1059734573e-01
    72.550  1.1059776881e-01
    72.600  1.1059819119e-01
    72.650  1.1059861289e-01
    72.700  1.1059903390e-01
    72.750  1.1059945423e-01
    72.800  1.1059987387e-01
    72.850  1.1060029282e-01
    72.900  1.1060071110e-01
    72.950  1.1060112870e-01
    73.000  1.1060154561e-01
    73.050  1.1060196186e-01
    73.100  1.1060237743e-01
    73.150  1.1060279232e-01
    73.200  1.1060320655e-01
    73.250  1.1060362010e-01
    73.300  1.1060403299e-01
    73.350  1.1060444521e-01
    73.400  1.1060485676e-01
    73.450  1.1060526766e-01
    73.500  1.1060567789e-01
    73.550  1.1060608746e-01
    73.600  1.1060649637e-01
    73.650  1.1060690463e-01
    73.700  1.1060731223e-01
    73.750  1.1060771917e-01
    73.800  1.1060812547e-01
    73.850  1.1060853111e-01
    73.900  1.1060893611e-01
    73.950  1.1060934046e-01
    74.000  1.1060974416e-01
    74.050  1.1061014721e-01
    74.100  1.1061054963e-01
    74.150  1.1061095140e-01
    74.200  1.1061135254e-01
    74.250  1.1061175303e-01
    74.300  1.1061215289e-01
    74.350  1.1061255211e-01
    74.400  1.1061295070e-01
    74.450  1.1061334866e-01
    74.500  1.1061374599e-01
    74.550  1.1061414268e-01
    74.600  1.1061453875e-01
    74.650  1.1061493420e-01
    74.700  1.1061532901e-01
    74.750  1.1061572321e-01
    74.800  1.1061611678e-01
    74.850  1.1061650973e-01
    74.900  1.1061690207e-01
    74.950  1.1061729378e-01
    75.000  1.1061768488e-01
    75.050  1.1061807537e-01
    75.100  1.1061846524e-01
    75.150  1.1061885450e-01
    75.200  1.1061924315e-01
    75.250  1.1061963119e-01
    75.300  1.1062001863e-01
    75.350  1.1062040546e-01
    75.400  1.1062079168e-01
    75.450  1.1062117730e-01
    75.500  1.1062156232e-01
    75.550  1.1062194673e-01
    75.600  1.1062233055e-01
    75.650  1.1062271377e-01
    75.700  1.1062309640e-01
    75.750  1.1062347843e-01
    75.800  1.1062385987e-01
    75.850  1.1062424071e-01
    75.900  1.1062462096e-01
    75.950  1.1062500063e-01
    76.000  1.1062537970e-01
    76.050  1.1062575819e-01
    76.100  1.1062613610e-01
    76.150  1.1062651342e-01
    76.200  1.1062689016e-01
    76.250  1.1062726631e-01
    76.300  1.1062764189e-01
    76.350  1.1062801689e-01
    76.400  1.1062839131e-01
    76.450  1.1062876515e-01
    76.500  1.1062913842e-01
    76.550  1.1062951112e-01
    76.600  1.1062988324e-01
    76.650  1.1063025480e-01
    76.700  1.1063062578e-01
    76.750  1.1063099620e-01
    76.800  1.1063136605e-01
    76.850  1.1063173533e-01
    76.900  1.1063210405e-01
    76.950  1.1063247221e-01
    77.000  1.1063283981e-01
    77.050  1.1063320684e-01
    77.100  1.1063357332e-01
    77.150  1.1063393924e-01
    77.200  1.1063430460e-01
    77.250  1.1063466940e-01
    77.300  1.1063503366e-01
    77.350  1.1063539736e-01
    77.400  1.1063576050e-01
    77.450  1.1063612310e-01
    77.500  1.1063648515e-01
    77.550  1.1063684665e-01
    77.600  1.1063720761e-01
    77.650  1.1063756802e-01
    77.700  1.1063792788e-01
    77.750  1.1063828720e-01
    77.800  1.1063864598e-01
    77.850  1.1063900422e-01
    77.900  1.1063936193e-01
    77.950  1.1063971909e-01
    78.000  1.1064007572e-01
    78.050  1.1064043181e-01
    78.100  1.1064078736e-01
    78.150  1.1064114238e-01
    78.200  1.1064149688e-01
    78.250  1.1064185084e-01
    78.300  1.1064220427e-01
    78.350  1.1064255717e-01
    78.400  1.1064290954e-01
    78.450  1.1064326139e-01
    78.500  1.1064361272e-01
    78.550  1.1064396352e-01
    78.600  1.1064431379e-01
    78.650  1.1064466355e-01
    78.700  1.1064501278e-01
    78.750  1.1064536150e-01
    78.800  1.1064570970e-01
    78.850  1.1064605738e-01
    78.900  1.1064640455e-01
    78.950  1.1064675120e-01
    79.000  1.1064709734e-01
    79.050  1.1064744296e-01
    79.100  1.1064778808e-01
    79.150  1.1064813268e-01
    79.200  1.1064847678e-01
    79.250  1.1064882037e-01
    79.300  1.1064916345e-01
    79.350  1.1064950602e-01
    79.400  1.1064984810e-01
    79.450  1.1065018966e-01
    79.500  1.1065053073e-01
    79.550  1.1065087129e-01
    79.600  1.1065121136e-01
    79.650  1.1065155092e-01
    79.700  1.1065188999e-01
    79.750  1.1065222856e-01
    79.800  1.1065256664e-01
    79.850  1.1065290422e-01
    79.900  1.1065324131e-01
    79.950  1.1065357790e-01
    80.000  1.1065391401e-01
    80.050  1.1065424962e-01
    80.100  1.1065458474e-01
    80.150  1.1065491938e-01
    80.200  1.1065525353e-01
    80.250  1.1065558719e-01
    80.300  1.1065592037e-01
    80.350  1.1065625306e-01
    80.400  1.1065658528e-01
    80.450  1.1065691701e-01
    80.500  1.1065724825e-01
    80.550  1.1065757902e-01
    80.600  1.1065790931e-01
    80.650  1.1065823913e-01
    80.700  1.1065856846e-01
    80.750  1.1065889732e-01
    80.800  1.1065922571e-01
    80.850  1.1065955362e-01
    80.900  1.1065988106e-01
    80.950  1.1066020803e-01
    81.000  1.1066053452e-01
    81.050  1.1066086055e-01
    81.100  1.1066118611e-01
    81.150  1.1066151120e-01
    81.200  1.1066183583e-01
    81.250  1.1066215999e-01
    81.300  1.1066248368e-01
    81.350  1.1066280691e-01
    81.400  1.1066312968e-01
    81.450  1.1066345199e-01
    81.500  1.1066377384e-01
    81.550  1.1066409523e-01
    81.600  1.1066441616e-01
    81.650  1.1066473663e-01
    81.700  1.1066505664e-01
    81.750  1.1066537620e-01
    81.800  1.1066569531e-01
    81.850  1.1066601396e-01
    81.900  1.1066633215e-01
    81.950  1.1066664990e-01
    82.000  1.1066696719e-01
    82.050  1.1066728404e-01
    82.100  1.1066760044e-01
    82.150  1.1066791638e-01
    82.200  1.1066823189e-01
    82.250  1.1066854694e-01
    82.300  1.1066886155e-01
    82.350  1.1066917572e-01
    82.400  1.1066948944e-01
    82.450  1.1066980272e-01
    82.500  1.1067011556e-01
    82.550  1.1067042796e-01
    82.600  1.1067073991e-01
    82.650  1.1067105143e-01
    82.700  1.1067136252e-01
    82.750  1.1067167316e-01
    82.800  1.1067198337e-01
    82.850  1.1067229314e-01
    82.900  1.1067260248e-01
    82.950  1.1067291139e-01
    83.000  1.1067321987e-01
    83.050  1.1067352791e-01
    83.100  1.1067383552e-01
    83.150  1.1067414271e-01
    83.200  1.1067444946e-01
    83.250  1.1067475579e-01
    83.300  1.1067506169e-01
    83.350  1.1067536716e-01
    83.400  1.1067567221e-01
    83.450  1.1067597683e-01
    83.500  1.1067628103e-01
    83.550  1.1067658481e-01
    83.600  1.1067688817e-01
    83.650  1.1067719111e-01
    83.700  1.1067749362e-01
    83.750  1.1067779572e-01
    83.800  1.1067809740e-01
    83.850  1.1067839866e-01
    83.900  1.1067869951e-01
    83.950  1.1067899994e-01
    84.000  1.1067929995e-01
    84.050  1.1067959955e-01
    84.100  1.1067989874e-01
    84.150  1.1068019752e-01
    84.200  1.1068049588e-01
    84.250  1.1068079384e-01
    84.300  1.1068109138e-01
    84.350  1.1068138852e-01
    84.400  1.1068168525e-01
    84.450  1.1068198157e-01
    84.500  1.1068227748e-01
    84.550  1.1068257299e-01
    84.600  1.1068286810e-01
    84.650  1.1068316280e-01
    84.700  1.1068345710e-01
    84.750  1.1068375099e-01
    84.800  1.1068404449e-01
    84.850  1.1068433758e-01
    84.900  1.1068463028e-01
    84.950  1.1068492257e-01
    85.000  1.1068521447e-01
    85.050  1.1068550597e-01
    85.100  1.1068579708e-01
    85.150  1.1068608778e-01
    85.200  1.1068637810e-01
    85.250  1.1068666802e-01
    85.300  1.1068695754e-01
    85.350  1.1068724668e-01
    85.400  1.1068753542e-01
    85.450  1.1068782377e-01
    85.500  1.1068811173e-01
    85.550  1.1068839930e-01
    85.600  1.1068868649e-01
    85.650  1.1068897328e-01
    85.700  1.1068925969e-01
    85.750  1.1068954572e-01
    85.800  1.1068983135e-01
    85.850  1.1069011661e-01
    85.900  1.1069040147e-01
    85.950  1.1069068596e-01
    86.000  1.1069097006e-01
    86.050  1.1069125379e-01
    86.100  1.1069153713e-01
    86.150  1.1069182009e-01
    86.200  1.1069210267e-01
    86.250  1.1069238487e-01
    86.300  1.1069266670e-01
    86.350  1.1069294815e-01
    86.400  1.1069322922e-01
    86.450  1.1069350992e-01
    86.500  1.1069379024e-01
    86.550  1.1069407019e-01
    86.600  1.1069434977e-01
    86.650  1.1069462897e-01
    86.700  1.1069490780e-01
    86.750  1.1069518626e-01
    86.800  1.1069546435e-01
    86.850  1.1069574207e-01
    86.900  1.1069601942e-01
    86.950  1.1069629641e-01
    87.000  1.1069657302e-01
    87.050  1.1069684927e-01
    87.100  1.1069712516e-01
    87.150  1.1069740067e-01
    87.200  1.1069767583e-01
    87.250  1.1069795062e-01
    87.300  1.1069822505e-01
    87.350  1.1069849911e-01
    87.400  1.1069877282e-01
    87.450  1.1069904616e-01
    87.500  1.1069931914e-01
    87.550  1.1069959176e-01
    87.600  1.1069986403e-01
    87.650  1.1070013593e-01
    87.700  1.1070040748e-01
    87.750  1.1070067868e-01
    87.800  1.1070094951e-01
    87.850  1.1070121999e-01
    87.900  1.1070149012e-01
    87.950  1.1070175989e-01
    88.000  1.1070202931e-01
    88.050  1.1070229838e-01
    88.100  1.1070256710e-01
    88.150  1.1070283546e-01
    88.200  1.1070310347e-01
    88.250  1.1070337114e-01
    88.300  1.1070363845e-01
    88.350  1.1070390542e-01
    88.400  1.1070417204e-01
    88.450  1.1070443831e-01
    88.500  1.1070470424e-01
    88.550  1.1070496982e-01
    88.600  1.1070523505e-01
    88.650  1.1070549994e-01
    88.700  1.1070576449e-01
    88.750  1.1070602870e-01
    88.800  1.1070629256e-01
    88.850  1.1070655608e-01
    88.900  1.1070681926e-01
    88.950  1.1070708210e-01
    89.000  1.1070734460e-01
    89.050  1.1070760676e-01
    89.100  1.1070786858e-01
    89.150  1.1070813006e-01
    89.200  1.1070839121e-01
    89.250  1.1070865202e-01
    89.300  1.1070891250e-01
    89.350  1.1070917263e-01
    89.400  1.1070943244e-01
    89.450  1.1070969191e-01
    89.500  1.1070995105e-01
    89.550  1.1071020986e-01
    89.600  1.1071046833e-01
    89.650  1.1071072647e-01
    89.700  1.1071098428e-01
    89.750  1.1071124176e-01
    89.800  1.1071149892e-01
    89.850  1.1071175574e-01
    89.900  1.1071201224e-01
    89.950  1.1071226840e-01
    90.000  1.1071252424e-01
    90.050  1.1071277976e-01
    90.100  1.1071303495e-01
    90.150  1.1071328981e-01
    90.200  1.1071354435e-01
    90.250  1.1071379857e-01
    90.300  1.1071405246e-01
    90.350  1.1071430603e-01
    90.400  1.1071455928e-01
    90.450  1.1071481221e-01
    90.500  1.1071506481e-01
    90.550  1.1071531710e-01
    90.600  1.1071556906e-01
    90.650  1.1071582071e-01
    90.700  1.1071607204e-01
    90.750  1.1071632305e-01
    90.800  1.1071657375e-01
    90.850  1.1071682412e-01
    90.900  1.1071707419e-01
    90.950  1.1071732393e-01
    91.000  1.1071757336e-01
    91.050  1.1071782248e-01
    91.100  1.1071807129e-01
    91.150  1.1071831978e-01
    91.200  1.1071856796e-01
    91.250  1.1071881582e-01
    91.300  1.1071906338e-01
    91.350  1.1071931062e-01
    91.400  1.1071955756e-01
    91.450  1.1071980418e-01
    91.500  1.1072005050e-01
    91.550  1.1072029651e-01
    91.600  1.1072054221e-01
    91.650  1.1072078760e-01
    91.700  1.1072103269e-01
    91.750  1.1072127747e-01
    91.800  1.1072152195e-01
    91.850  1.1072176612e-01
    91.900  1.1072200998e-01
    91.950  1.1072225355e-01
    92.000  1.1072249681e-01
    92.050  1.1072273976e-01
    92.100  1.1072298242e-01
    92.150  1.1072322477e-01
    92.200  1.1072346682e-01
    92.250  1.1072370858e-01
    92.300  1.1072395003e-01
    92.350  1.1072419118e-01
    92.400  1.1072443204e-01
    92.450  1.1072467259e-01
    92.500  1.1072491285e-01
    92.550  1.1072515281e-01
    92.600  1.1072539248e-01
    92.650  1.1072563185e-01
    92.700  1.1072587092e-01
    92.750  1.1072610970e-01
    92.800  1.1072634818e-01
    92.850  1.1072658637e-01
    92.900  1.1072682427e-01
    92.950  1.1072706188e-01
    93.000  1.1072729919e-01
    93.050  1.1072753621e-01
    93.100  1.1072777294e-01
    93.150  1.1072800938e-01
    93.200  1.1072824553e-01
    93.250  1.1072848139e-01
    93.300  1.1072871696e-01
    93.350  1.1072895224e-01
    93.400  1.1072918723e-01
    93.450  1.1072942194e-01
    93.500  1.1072965636e-01
    93.550  1.1072989050e-01
    93.600  1.1073012434e-01
    93.650  1.1073035791e-01
    93.700  1.1073059118e-01
    93.750  1.1073082418e-01
    93.800  1.1073105689e-01
    93.850  1.1073128932e-01
    93.900  1.1073152146e-01
    93.950  1.1073175332e-01
    94.000  1.1073198490e-01
    94.050  1.1073221620e-01
    94.100  1.1073244722e-01
    94.150  1.1073267796e-01
    94.200  1.1073290842e-01
    94.250  1.1073313860e-01
    94.300  1.1073336850e-01
    94.350  1.1073359812e-01
    94.400  1.1073382746e-01
    94.450  1.1073405653e-01
    94.500  1.1073428532e-01
    94.550  1.1073451384e-01
    94.600  1.1073474208e-01
    94.650  1.1073497004e-01
    94.700  1.1073519773e-01
    94.750  1.1073542515e-01
    94.800  1.1073565229e-01
    94.850  1.1073587916e-01
    94.900  1.1073610576e-01
    94.950  1.1073633208e-01
    95.000  1.1073655813e-01
    95.050  1.1073678391e-01
    95.100  1.1073700942e-01
    95.150  1.1073723466e-01
    95.200  1.1073745963e-01
    95.250  1.1073768433e-01
    95.300  1.1073790877e-01
    95.350  1.1073813293e-01
    95.400  1.1073835683e-01
    95.450  1.1073858046e-01
    95.500  1.1073880382e-01
    95.550  1.1073902691e-01
    95.600  1.1073924974e-01
    95.650  1.1073947231e-01
    95.700  1.1073969461e-01
    95.750  1.1073991664e-01
    95.800  1.1074013841e-01
    95.850  1.1074035992e-01
    95.900  1.1074058116e-01
    95.950  1.1074080214e-01
    96.000  1.1074102286e-01
    96.050  1.1074124332e-01
    96.100  1.1074146352e-01
    96.150  1.1074168345e-01
    96.200  1.1074190313e-01
    96.250  1.1074212254e-01
    96.300  1.1074234170e-01
    96.350  1.1074256060e-01
    96.400  1.1074277924e-01
    96.450  1.1074299762e-01
    96.500  1.1074321574e-01
    96.550  1.1074343360e-01
    96.600  1.1074365121e-01
    96.650  1.1074386857e-01
    96.700  1.1074408566e-01
    96.750  1.1074430251e-01
    96.800  1.1074451909e-01
    96.850  1.1074473542e-01
    96.900  1.1074495150e-01
    96.950  1.1074516733e-01
    97.000  1.1074538290e-01
    97.050  1.1074559822e-01
    97.100  1.1074581329e-01
    97.150  1.1074602810e-01
    97.200  1.1074624267e-01
    97.250  1.1074645698e-01
    97.300  1.1074667104e-01
    97.350  1.1074688486e-01
    97.400  1.1074709842e-01
    97.450  1.1074731173e-01
    97.500  1.1074752480e-01
    97.550  1.1074773761e-01
    97.600  1.1074795018e-01
    97.650  1.1074816251e-01
    97.700  1.1074837458e-01
    97.750  1.1074858641e-01
    97.800  1.1074879799e-01
    97.850  1.1074900933e-01
    97.900  1.1074922042e-01
    97.950  1.1074943127e-01
    98.000  1.1074964187e-01
    98.050  1.1074985223e-01
    98.100  1.1075006234e-01
    98.150  1.1075027221e-01
    98.200  1.1075048184e-01
    98.250  1.1075069123e-01
    98.300  1.1075090037e-01
    98.350  1.1075110927e-01
    98.400  1.1075131794e-01
    98.450  1.1075152636e-01
    98.500  1.1075173454e-01
    98.550  1.1075194248e-01
    98.600  1.1075215018e-01
    98.650  1.1075235764e-01
    98.700  1.1075256487e-01
    98.750  1.1075277185e-01
    98.800  1.1075297860e-01
    98.850  1.1075318511e-01
    98.900  1.1075339139e-01
    98.950  1.1075359742e-01
    99.000  1.1075380323e-01
    99.050  1.1075400879e-01
    99.100  1.1075421412e-01
    99.150  1.1075441922e-01
    99.200  1.1075462408e-01
    99.250  1.1075482870e-01
    99.300  1.1075503310e-01
    99.350  1.1075523726e-01
    99.400  1.1075544118e-01
    99.450  1.1075564488e-01
    99.500  1.1075584834e-01
    99.550  1.1075605157e-01
    99.600  1.1075625457e-01
    99.650  1.1075645734e-01
    99.700  1.1075665988e-01
    99.750  1.1075686218e-01
    99.800  1.1075706426e-01
    99.850  1.1075726611e-01
    99.900  1.1075746773e-01
    99.950  1.1075766912e-01
   100.000  1.1075787028e-01
