 #   eta         3                 4                 5                 6                 7                 8                 9                10
     0.000  1.2000000000e+01  2.0000000000e+01  3.0000000000e+01  4.2000000000e+01  5.6000000000e+01  7.2000000000e+01  9.0000000000e+01  1.1000000000e+02
     0.050  1.2155127567e+01  2.0164407993e+01  3.0176571405e+01  4.2191393842e+01  5.6208795660e+01  7.2228742514e+01  9.0251217553e+01  1.1027621170e+02
     0.100  1.2321041739e+01  2.0358987116e+01  3.0408153188e+01  4.2467862540e+01  5.6537867912e+01  7.2618061493e+01  9.0708390075e+01  1.1080882489e+02
     0.150  1.2498589753e+01  2.0585982275e+01  3.0698030604e+01  4.2833680615e+01  5.6992526356e+01  7.3174386634e+01  9.1379170909e+01  1.1160682987e+02
     0.200  1.2688689751e+01  2.0847954083e+01  3.1050215038e+01  4.3294375848e+01  5.7579965732e+01  7.3906764324e+01  9.2274658742e+01  1.1268358660e+02
     0.250  1.2892336086e+01  2.1147824500e+01  3.1469563155e+01  4.3856928025e+01  5.8309550429e+01  7.4827235724e+01  9.3409878167e+01  1.1405741732e+02
     0.300  1.3110604580e+01  2.1488928436e+01  3.1961921459e+01  4.4530024005e+01  5.9193193874e+01  7.5951354890e+01  9.4804451687e+01  1.1575244814e+02
     0.350  1.3344657515e+01  2.1875071584e+01  3.2534301139e+01  4.5324383758e+01  6.0245860051e+01  7.7298888746e+01  9.6483521300e+01  1.1779977560e+02
     0.400  1.3595748101e+01  2.2310594298e+01  3.3195088368e+01  4.6253175695e+01  6.1486223999e+01  7.8894757918e+01  9.8479003882e+01  1.2023907082e+02
     0.450  1.3865224052e+01  2.2800440686e+01  3.3954294872e+01  4.7332543525e+01  6.2937540536e+01  8.0770301428e+01  1.0083130244e+02  1.2312078690e+02
     0.500  1.4154529820e+01  2.3350230900e+01  3.4823851979e+01  4.8582270069e+01  6.4628785754e+01  8.2964981313e+01  1.0359165044e+02  1.2650921631e+02
     0.550  1.4465206943e+01  2.3966332915e+01  3.5817947425e+01  5.0026603860e+01  6.6596152335e+01  8.5528687075e+01  1.0682534608e+02  1.3048676712e+02
     0.600  1.4798891826e+01  2.4655927437e+01  3.6953396028e+01  5.1695267225e+01  6.8884992120e+01  8.8524852666e+01  1.1061624461e+02  1.3516001063e+02
     0.650  1.5157310239e+01  2.5427056008e+01  3.8250020192e+01  5.3624640718e+01  7.1552292361e+01  9.2034646868e+01  1.1507301775e+02  1.4066831920e+02
     0.700  1.5542267725e+01  2.6288637603e+01  3.9730990161e+01  5.5859061000e+01  7.4669709321e+01  9.6162493425e+01  1.2033782058e+02  1.4719625341e+02
     0.750  1.5955635188e+01  2.7250433450e+01  4.1423032503e+01  5.8452048588e+01  7.8326984848e+01  1.0104298401e+02  1.2659796116e+02  1.5499112759e+02
     0.800  1.6399329035e+01  2.8322934410e+01  4.3356356521e+01  6.1467058276e+01  8.2635084648e+01  1.0684852610e+02  1.3410041121e+02  1.6438671774e+02
     0.850  1.6875285578e+01  2.9517142273e+01  4.5564079077e+01  6.4976986999e+01  8.7727386670e+01  1.1379510622e+02  1.4316607921e+02  1.7583059256e+02
     0.900  1.7385429867e+01  3.0844219703e+01  4.8080878583e+01  6.9061233678e+01  9.3755559902e+01  1.2213930812e+02  1.5419265960e+02  1.8989980395e+02
     0.950  1.7931639814e+01  3.2314998524e+01  5.0940647685e+01  7.3798889317e+01  1.0087502649e+02  1.3215339782e+02  1.6761890619e+02  2.0725758008e+02
     1.000  1.8515707267e+01  3.3939367149e+01  5.4173146287e+01  7.9257390462e+01  1.0921595044e+02  1.4406397795e+02  1.8381164841e+02  2.2846610224e+02
     1.050  1.9139298585e+01  3.5725604267e+01  5.7800151319e+01  8.5478582637e+01  1.1884472155e+02  1.5796291640e+02  2.0288451461e+02  2.5365159040e+02
     1.100  1.9803917923e+01  3.7679775278e+01  6.1832220352e+01  9.2468034747e+01  1.2973723260e+02  1.7375159085e+02  2.2459554976e+02  2.8233332613e+02
     1.150  2.0510876830e+01  3.9805334999e+01  6.6267465897e+01  1.0019477269e+02  1.4178919701e+02  1.9118775632e+02  2.4848310459e+02  3.1373779561e+02
     1.200  2.1261273491e+01  4.2103056708e+01  7.1093150515e+01  1.0860325231e+02  1.5486099995e+02  2.1000358801e+02  2.7411339511e+02  3.4724032356e+02
     1.250  2.2055984090e+01  4.4571325441e+01  7.6289573748e+01  1.1763079057e+02  1.6882364513e+02  2.2999090434e+02  3.0119939767e+02  3.8248666960e+02
     1.300  2.2895667254e+01  4.7206722045e+01  8.1834613949e+01  1.2722113694e+02  1.8358028115e+02  2.5101624019e+02  3.2958186095e+02  4.1930544286e+02
     1.350  2.3780780768e+01  5.0004740091e+01  8.7707303977e+01  1.3733023463e+02  1.9906589350e+02  2.7300101357e+02  3.5917744650e+02  4.5761688930e+02
     1.400  2.4711608051e+01  5.2960463106e+01  9.3889749492e+01  1.4792609259e+02  2.1523878787e+02  2.9589974059e+02  3.8994239169e+02  4.9738366774e+02
     1.450  2.5688290736e+01  5.6069082426e+01  1.0036762572e+02  1.5898624456e+02  2.3207235821e+02  3.1968567492e+02  4.2185317527e+02  5.3858826405e+02
     1.500  2.6710863266e+01  5.9326215738e+01  1.0712986011e+02  1.7049501477e+02  2.4954937082e+02  3.4434267147e+02  4.5489687768e+02  5.8122273987e+02
     1.550  2.7779285853e+01  6.2728050476e+01  1.1416802076e+02  1.8244137582e+02  2.6765841487e+02  3.6986072585e+02  4.8906632119e+02  6.2528391326e+02
     1.600  2.8893473080e+01  6.6271365594e+01  1.2147570039e+02  1.9481745649e+02  2.8639176065e+02  3.9623349700e+02  5.2435753531e+02  6.7077099727e+02
     1.650  3.0053316682e+01  6.9953485517e+01  1.2904800545e+02  2.0761754508e+02  3.0574405936e+02  4.2345689249e+02  5.6076838575e+02  7.1768440156e+02
     1.700  3.1258702156e+01  7.3772205939e+01  1.3688116619e+02  2.2083742886e+02  3.2571153834e+02  4.5152823570e+02  5.9829780795e+02  7.6602510805e+02
     1.750  3.2509519753e+01  7.7725715127e+01  1.4497224953e+02  2.3447395281e+02  3.4629149141e+02  4.8044576139e+02  6.3694536624e+02  8.1579434090e+02
     1.800  3.3805670842e+01  8.1812522091e+01  1.5331895000e+02  2.4852472064e+02  3.6748194852e+02  5.1020830210e+02  6.7671099451e+02  8.6699339159e+02
     1.850  3.5147070850e+01  8.6031395636e+01  1.6191943743e+02  2.6298788892e+02  3.8928145700e+02  5.4081508860e+02  7.1759484084e+02  9.1962352783e+02
     1.900  3.6533649877e+01  9.0381314499e+01  1.7077224539e+02  2.7786202309e+02  4.1168893378e+02  5.7226562035e+02  7.5959717319e+02  9.7368594825e+02
     1.950  3.7965351897e+01  9.4861427314e+01  1.7987618858e+02  2.9314599499e+02  4.3470356360e+02  6.0455957993e+02  8.0271832178e+02  1.0291817625e+03
     2.000  3.9442133225e+01  9.9471020690e+01  1.8923030121e+02  3.0883890905e+02  4.5832472790e+02  6.3769677553e+02  8.4695864383e+02  1.0861119848e+03
     2.050  4.0963960695e+01  1.0420949381e+02  1.9883379045e+02  3.2494004817e+02  4.8255195425e+02  6.7167710192e+02  8.9231850206e+02  1.1444775359e+03
     2.100  4.2530809835e+01  1.0907633817e+02  2.0868600094e+02  3.4144883376e+02  5.0738487990e+02  7.0650051350e+02  9.3879825191e+02  1.2042792472e+03
     2.150  4.4142663189e+01  1.1407112138e+02  2.1878638755e+02  3.5836479569e+02  5.3282322524e+02  7.4216700568e+02  9.8639823419e+02  1.2655178686e+03
     2.200  4.5799508846e+01  1.1919347410e+02  2.2913449415e+02  3.7568754953e+02  5.5886677420e+02  7.7867660174e+02  1.0351187711e+03  1.3281940750e+03
     2.250  4.7501339202e+01  1.2444307956e+02  2.3972993702e+02  3.9341677912e+02  5.8551535964e+02  8.1602934367e+02  1.0849601645e+03  1.3923084743e+03
     2.300  4.9248149941e+01  1.2981966494e+02  2.5057239174e+02  4.1155222311e+02  6.1276885234e+02  8.5422528559e+02  1.1359226953e+03  1.4578616142e+03
     2.350  5.1039939210e+01  1.3532299443e+02  2.6166158276e+02  4.3009366447e+02  6.4062715267e+02  8.9326448920e+02  1.1880066241e+03  1.5248539883e+03
     2.400  5.2876706963e+01  1.4095286350e+02  2.7299727506e+02  4.4904092218e+02  6.6909018415e+02  9.3314702045e+02  1.2412121917e+03  1.5932860425e+03
     2.450  5.4758454443e+01  1.4670909412e+02  2.8457926734e+02  4.6839384471e+02  6.9815788859e+02  9.7387294728e+02  1.2955396205e+03  1.6631581798e+03
     2.500  5.6685183777e+01  1.5259153088e+02  2.9640738663e+02  4.8815230481e+02  7.2783022217e+02  1.0154423379e+03  1.3509891157e+03  1.7344707651e+03
     2.550  5.8656897670e+01  1.5860003769e+02  3.0848148373e+02  5.0831619527e+02  7.5810715253e+02  1.0578552599e+03  1.4075608662e+03  1.8072241292e+03
     2.600  6.0673599162e+01  1.6473449510e+02  3.2080142958e+02  5.2888542559e+02  7.8898865638e+02  1.1011117790e+03  1.4652550464e+03  1.8814185729e+03
     2.650  6.2735291456e+01  1.7099479793e+02  3.3336711220e+02  5.4985991914e+02  8.2047471763e+02  1.1452119591e+03  1.5240718171e+03  1.9570543697e+03
     2.700  6.4841977782e+01  1.7738085338e+02  3.4617843420e+02  5.7123961099e+02  8.5256532597e+02  1.1901558616e+03  1.5840113264e+03  2.0341317690e+03
     2.750  6.6993661304e+01  1.8389257939e+02  3.5923531062e+02  5.9302444601e+02  8.8526047563e+02  1.2359435455e+03  1.6450737114e+03  2.1126509984e+03
     2.800  6.9190345054e+01  1.9052990321e+02  3.7253766721e+02  6.1521437732e+02  9.1856016449e+02  1.2825750667e+03  1.7072590985e+03  2.1926122661e+03
     2.850  7.1432031882e+01  1.9729276025e+02  3.8608543895e+02  6.3780936510e+02  9.5246439331e+02  1.3300504790e+03  1.7705676048e+03  2.2740157629e+03
     2.900  7.3718724431e+01  2.0418109301e+02  3.9987856875e+02  6.6080937543e+02  9.8697316513e+02  1.3783698329e+03  1.8349993385e+03  2.3568616637e+03
     2.950  7.6050425123e+01  2.1119485025e+02  4.1391700645e+02  6.8421437950e+02  1.0220864848e+03  1.4275331769e+03  1.9005544001e+03  2.4411501293e+03
     3.000  7.8427136147e+01  2.1833398624e+02  4.2820070786e+02  7.0802435282e+02  1.0578043584e+03  1.4775405565e+03  1.9672328827e+03  2.5268813079e+03
     3.050  8.0848859461e+01  2.2559846004e+02  4.4272963403e+02  7.3223927460e+02  1.0941267934e+03  1.5283920151e+03  2.0350348726e+03  2.6140553357e+03
     3.100  8.3315596801e+01  2.3298823501e+02  4.5750375057e+02  7.5685912722e+02  1.1310537978e+03  1.5800875936e+03  2.1039604502e+03  2.7026723388e+03
     3.150  8.5827349686e+01  2.4050327829e+02  4.7252302707e+02  7.8188389581e+02  1.1685853802e+03  1.6326273308e+03  2.1740096904e+03  2.7927324334e+03
     3.200  8.8384119430e+01  2.4814356035e+02  4.8778743662e+02  8.0731356782e+02  1.2067215499e+03  1.6860112634e+03  2.2451826628e+03  2.8842357275e+03
     3.250  9.0985907155e+01  2.5590905467e+02  5.0329695541e+02  8.3314813277e+02  1.2454623163e+03  1.7402394262e+03  2.3174794322e+03  2.9771823208e+03
     3.300  9.3632713807e+01  2.6379973736e+02  5.1905156231e+02  8.5938758188e+02  1.2848076888e+03  1.7953118519e+03  2.3909000594e+03  3.0715723060e+03
     3.350  9.6324540163e+01  2.7181558688e+02  5.3505123861e+02  8.8603190792e+02  1.3247576773e+03  1.8512285718e+03  2.4654446010e+03  3.1674057694e+03
     3.400  9.9061386855e+01  2.7995658384e+02  5.5129596770e+02  9.1308110494e+02  1.3653122914e+03  1.9079896152e+03  2.5411131100e+03  3.2646827909e+03
     3.450  1.0184325437e+02  2.8822271069e+02  5.6778573484e+02  9.4053516812e+02  1.4064715408e+03  1.9655950100e+03  2.6179056359e+03  3.3634034454e+03
     3.500  1.0467014308e+02  2.9661395161e+02  5.8452052696e+02  9.6839409365e+02  1.4482354350e+03  2.0240447828e+03  2.6958222254e+03  3.4635678024e+03
     3.550  1.0754205324e+02  3.0513029228e+02  6.0150033245e+02  9.9665787854e+02  1.4906039835e+03  2.0833389584e+03  2.7748629219e+03  3.5651759270e+03
     3.600  1.1045898501e+02  3.1377171975e+02  6.1872514102e+02  1.0253265205e+03  1.5335771956e+03  2.1434775608e+03  2.8550277664e+03  3.6682278799e+03
     3.650  1.1342093844e+02  3.2253822229e+02  6.3619494354e+02  1.0544000180e+03  1.5771550804e+03  2.2044606124e+03  2.9363167975e+03  3.7727237179e+03
     3.700  1.1642791353e+02  3.3142978928e+02  6.5390973193e+02  1.0838783700e+03  1.6213376467e+03  2.2662881346e+03  3.0187300513e+03  3.8786634944e+03
     3.750  1.1947991018e+02  3.4044641109e+02  6.7186949902e+02  1.1137615758e+03  1.6661249035e+03  2.3289601478e+03  3.1022675619e+03  3.9860472593e+03
     3.800  1.2257692826e+02  3.4958807901e+02  6.9007423849e+02  1.1440496353e+03  1.7115168590e+03  2.3924766712e+03  3.1869293614e+03  4.0948750594e+03
     3.850  1.2571896756e+02  3.5885478512e+02  7.0852394475e+02  1.1747425487e+03  1.7575135216e+03  2.4568377232e+03  3.2727154802e+03  4.2051469387e+03
     3.900  1.2890602783e+02  3.6824652224e+02  7.2721861287e+02  1.2058403164e+03  1.8041148994e+03  2.5220433213e+03  3.3596259467e+03  4.3168629388e+03
     3.950  1.3213810879e+02  3.7776328388e+02  7.4615823851e+02  1.2373429393e+03  1.8513210002e+03  2.5880934821e+03  3.4476607881e+03  4.4300230984e+03
     4.000  1.3541521011e+02  3.8716033464e+02  7.6534281788e+02  1.2684492923e+03  1.8991318316e+03  2.6533128012e+03  3.5368200298e+03  4.5417598221e+03
     4.050  1.3873733144e+02  3.9717185760e+02  7.8477234764e+02  1.3015627546e+03  1.9475474009e+03  2.7227275543e+03  3.6271036959e+03  4.6606760414e+03
     4.100  1.4210447241e+02  4.0706365949e+02  8.0444682491e+02  1.3342799495e+03  1.9965677154e+03  2.7913114950e+03  3.7185118095e+03  4.7781688919e+03
     4.150  1.4551663261e+02  4.1708046536e+02  8.2436624717e+02  1.3674020045e+03  2.0461927819e+03  2.8607400574e+03  3.8110443920e+03  4.8971060368e+03
     4.200  1.4897381163e+02  4.2722227123e+02  8.4453061225e+02  1.4009289213e+03  2.0964226072e+03  2.9310132544e+03  3.9047014641e+03  5.0174875053e+03
     4.250  1.5247600905e+02  4.3748907348e+02  8.6493991830e+02  1.4348607014e+03  2.1472571978e+03  3.0021310986e+03  3.9994830453e+03  5.1393133249e+03
     4.300  1.5602322443e+02  4.4788086884e+02  8.8559416373e+02  1.4691973467e+03  2.1986965600e+03  3.0740936018e+03  4.0953891540e+03  5.2625835216e+03
     4.350  1.5961545732e+02  4.5839765434e+02  9.0649334722e+02  1.5039388590e+03  2.2507407000e+03  3.1469007754e+03  4.1924198078e+03  5.3872981203e+03
     4.400  1.6325270728e+02  4.6903942731e+02  9.2763746766e+02  1.5390852402e+03  2.3033896237e+03  3.2205526304e+03  4.2905750234e+03  5.5134571442e+03
     4.450  1.6693497385e+02  4.7980618532e+02  9.4902652416e+02  1.5746364923e+03  2.3566433367e+03  3.2950491770e+03  4.3898548168e+03  5.6410606157e+03
     4.500  1.7066225658e+02  4.9069792619e+02  9.7066051599e+02  1.6105926171e+03  2.4105018447e+03  3.3703904253e+03  4.4902592031e+03  5.7701085557e+03
     4.550  1.7443455502e+02  5.0171464795e+02  9.9253944259e+02  1.6469536168e+03  2.4649651529e+03  3.4465763847e+03  4.5917881967e+03  5.9006009844e+03
     4.600  1.7825186872e+02  5.1285634883e+02  1.0146633036e+03  1.6837194932e+03  2.5200332667e+03  3.5236070644e+03  4.6944418112e+03  6.0325379207e+03
     4.650  1.8211419724e+02  5.2412302725e+02  1.0370320986e+03  1.7208902484e+03  2.5757061911e+03  3.6014824732e+03  4.7982200599e+03  6.1659193828e+03
     4.700  1.8602154012e+02  5.3551468178e+02  1.0596458276e+03  1.7584658844e+03  2.6319839308e+03  3.6802026194e+03  4.9031229552e+03  6.3007453878e+03
     4.750  1.8997389694e+02  5.4703131116e+02  1.0825044904e+03  1.7964464032e+03  2.6888664907e+03  3.7597675110e+03  5.0091505091e+03  6.4370159522e+03
     4.800  1.9397126725e+02  5.5867291423e+02  1.1056080872e+03  1.8348318068e+03  2.7463538753e+03  3.8401771558e+03  5.1163027329e+03  6.5747310916e+03
     4.850  1.9801365065e+02  5.7043949001e+02  1.1289566180e+03  1.8736220972e+03  2.8044460891e+03  3.9214315611e+03  5.2245796375e+03  6.7138908208e+03
     4.900  2.0210104671e+02  5.8233103759e+02  1.1525500830e+03  1.9128172763e+03  2.8631431363e+03  4.0035307341e+03  5.3339812333e+03  6.8544951541e+03
     4.950  2.0623345503e+02  5.9434755620e+02  1.1763884825e+03  1.9524173462e+03  2.9224450210e+03  4.0864746815e+03  5.4445075304e+03  6.9965441051e+03
     5.000  2.1041087519e+02  6.0648904514e+02  1.2004718169e+03  1.9924223087e+03  2.9823517474e+03  4.1702634100e+03  5.5561585381e+03  7.1400376866e+03
     5.050  2.1463330682e+02  6.1875550382e+02  1.2248000864e+03  2.0328321658e+03  3.0428633192e+03  4.2548969258e+03  5.6689342658e+03  7.2849759111e+03
     5.100  2.1890074953e+02  6.3114693173e+02  1.2493732916e+03  2.0736469193e+03  3.1039797403e+03  4.3403752351e+03  5.7828347220e+03  7.4313587903e+03
     5.150  2.2321320294e+02  6.4366332841e+02  1.2741914329e+03  2.1148665711e+03  3.1657010143e+03  4.4266983435e+03  5.8978599152e+03  7.5791863356e+03
     5.200  2.2757066668e+02  6.5630469350e+02  1.2992545108e+03  2.1564911231e+03  3.2280271448e+03  4.5138662568e+03  6.0140098535e+03  7.7284585578e+03
     5.250  2.3197314041e+02  6.6907102669e+02  1.3245625259e+03  2.1985205770e+03  3.2909581351e+03  4.6018789804e+03  6.1312845444e+03  7.8791754672e+03
     5.300  2.3642062378e+02  6.8196232773e+02  1.3501154787e+03  2.2409549346e+03  3.3544939887e+03  4.6907365194e+03  6.2496839955e+03  8.0313370737e+03
     5.350  2.4091311644e+02  6.9497859640e+02  1.3759133698e+03  2.2837941977e+03  3.4186347087e+03  4.7804388788e+03  6.3692082139e+03  8.1849433868e+03
     5.400  2.4545061807e+02  7.0811983257e+02  1.4019561999e+03  2.3270383681e+03  3.4833802983e+03  4.8709860636e+03  6.4898572063e+03  8.3399944157e+03
     5.450  2.5003312835e+02  7.2138603613e+02  1.4282439695e+03  2.3706874473e+03  3.5487307606e+03  4.9623780783e+03  6.6116309793e+03  8.4964901690e+03
     5.500  2.5466064697e+02  7.3477720700e+02  1.4547766793e+03  2.4147414370e+03  3.6146860984e+03  5.0546149275e+03  6.7345295392e+03  8.6544306552e+03
     5.550  2.5933317363e+02  7.4829334515e+02  1.4815543300e+03  2.4592003390e+03  3.6812463146e+03  5.1476966155e+03  6.8585528922e+03  8.8138158822e+03
     5.600  2.6405070803e+02  7.6193445060e+02  1.5085769223e+03  2.5040641547e+03  3.7484114120e+03  5.2416231464e+03  6.9837010439e+03  8.9746458579e+03
     5.650  2.6881324988e+02  7.7570052336e+02  1.5358444567e+03  2.5493328857e+03  3.8161813933e+03  5.3363945244e+03  7.1099740001e+03  9.1369205896e+03
     5.700  2.7362079893e+02  7.8959156351e+02  1.5633569341e+03  2.5950065337e+03  3.8845562611e+03  5.4320107532e+03  7.2373717661e+03  9.3006400844e+03
     5.750  2.7847335488e+02  8.0360757112e+02  1.5911143551e+03  2.6410851001e+03  3.9535360179e+03  5.5284718368e+03  7.3658943471e+03  9.4658043491e+03
     5.800  2.8337091750e+02  8.1774854632e+02  1.6191167203e+03  2.6875685863e+03  4.0231206662e+03  5.6257777786e+03  7.4955417483e+03  9.6324133905e+03
     5.850  2.8831348651e+02  8.3201448922e+02  1.6473640306e+03  2.7344569939e+03  4.0933102084e+03  5.7239285823e+03  7.6263139743e+03  9.8004672148e+03
     5.900  2.9330106169e+02  8.4640539998e+02  1.6758562866e+03  2.7817503243e+03  4.1641046468e+03  5.8229242513e+03  7.7582110298e+03  9.9699658280e+03
     5.950  2.9833364280e+02  8.6092127876e+02  1.7045934889e+03  2.8294485787e+03  4.2355039837e+03  5.9227647888e+03  7.8912329195e+03  1.0140909236e+04
     6.000  3.0341122960e+02  8.7556212576e+02  1.7335756384e+03  2.8775517588e+03  4.3075082212e+03  6.0234501980e+03  8.0253796475e+03  1.0313297445e+04
     6.050  3.0853382188e+02  8.9032794116e+02  1.7628027357e+03  2.9260598656e+03  4.3801173615e+03  6.1249804820e+03  8.1606512181e+03  1.0487130460e+04
     6.100  3.1370141942e+02  9.0521872517e+02  1.7922747814e+03  2.9749729007e+03  4.4533314067e+03  6.2273556438e+03  8.2970476353e+03  1.0662408286e+04
     6.150  3.1891402201e+02  9.2023447802e+02  1.8219917763e+03  3.0242908651e+03  4.5271503588e+03  6.3305756862e+03  8.4345689030e+03  1.0839130928e+04
     6.200  3.2417162946e+02  9.3537519993e+02  1.8519537211e+03  3.0740137603e+03  4.6015742197e+03  6.4346406121e+03  8.5732150250e+03  1.1017298391e+04
     6.250  3.2947424157e+02  9.5064089115e+02  1.8821606164e+03  3.1241415874e+03  4.6766029914e+03  6.5395504242e+03  8.7129860050e+03  1.1196910681e+04
     6.300  3.3482185815e+02  9.6603155193e+02  1.9126124629e+03  3.1746743477e+03  4.7522366756e+03  6.6453051251e+03  8.8538818464e+03  1.1377967800e+04
     6.350  3.4021447902e+02  9.8154718252e+02  1.9433092613e+03  3.2256120423e+03  4.8284752743e+03  6.7519047174e+03  8.9959025527e+03  1.1560469755e+04
     6.400  3.4565210401e+02  9.9718778317e+02  1.9742510123e+03  3.2769546724e+03  4.9053187891e+03  6.8593492034e+03  9.1390481272e+03  1.1744416549e+04
     6.450  3.5113473294e+02  1.0129533542e+03  2.0054377165e+03  3.3287022390e+03  4.9827672218e+03  6.9676385857e+03  9.2833185730e+03  1.1929808186e+04
     6.500  3.5666236565e+02  1.0288438958e+03  2.0368693745e+03  3.3808547434e+03  5.0608205739e+03  7.0767728665e+03  9.4287138933e+03  1.2116644670e+04
     6.550  3.6223500198e+02  1.0448594083e+03  2.0685459871e+03  3.4334121866e+03  5.1394788473e+03  7.1867520481e+03  9.5752340910e+03  1.2304926005e+04
     6.600  3.6785264179e+02  1.0609998919e+03  2.1004675548e+03  3.4863745697e+03  5.2187420433e+03  7.2975761326e+03  9.7228791689e+03  1.2494652194e+04
     6.650  3.7351528492e+02  1.0772653470e+03  2.1326340783e+03  3.5397418936e+03  5.2986101636e+03  7.4092451222e+03  9.8716491301e+03  1.2685823242e+04
     6.700  3.7922293122e+02  1.0936557739e+03  2.1650455581e+03  3.5935141595e+03  5.3790832096e+03  7.5217590189e+03  1.0021543977e+04  1.2878439152e+04
     6.750  3.8497558057e+02  1.1101711728e+03  2.1977019950e+03  3.6476913683e+03  5.4601611829e+03  7.6351178248e+03  1.0172563712e+04  1.3072499926e+04
     6.800  3.9077323282e+02  1.1268115439e+03  2.2306033895e+03  3.7022735209e+03  5.5418440847e+03  7.7493215417e+03  1.0324708339e+04  1.3268005569e+04
     6.850  3.9661588785e+02  1.1435768877e+03  2.2637497422e+03  3.7572606184e+03  5.6241319166e+03  7.8643701716e+03  1.0477977859e+04  1.3464956084e+04
     6.900  4.0250354553e+02  1.1604672044e+03  2.2971410538e+03  3.8126526617e+03  5.7070246797e+03  7.9802637163e+03  1.0632372274e+04  1.3663351472e+04
     6.950  4.0843620574e+02  1.1774824942e+03  2.3307773247e+03  3.8684496517e+03  5.7905223756e+03  8.0970021776e+03  1.0787891588e+04  1.3863191738e+04
     7.000  4.1441386837e+02  1.1946227575e+03  2.3646585555e+03  3.9246515893e+03  5.8746250053e+03  8.2145855572e+03  1.0944535803e+04  1.4064476885e+04
     7.050  4.2043653330e+02  1.2118879946e+03  2.3987847470e+03  3.9812584754e+03  5.9593325703e+03  8.3330138568e+03  1.1102304920e+04  1.4267206914e+04
     7.100  4.2650420043e+02  1.2292782057e+03  2.4331558995e+03  4.0382703108e+03  6.0446450717e+03  8.4522870780e+03  1.1261198941e+04  1.4471381829e+04
     7.150  4.3261686965e+02  1.2467933911e+03  2.4677720136e+03  4.0956870963e+03  6.1305625106e+03  8.5724052224e+03  1.1421217870e+04  1.4677001633e+04
     7.200  4.3877454085e+02  1.2644335512e+03  2.5026330899e+03  4.1535088328e+03  6.2170848883e+03  8.6933682916e+03  1.1582361707e+04  1.4884066327e+04
     7.250  4.4497721395e+02  1.2821986861e+03  2.5377391290e+03  4.2117355212e+03  6.3042122058e+03  8.8151762870e+03  1.1744630456e+04  1.5092575914e+04
     7.300  4.5122488884e+02  1.3000887963e+03  2.5730901313e+03  4.2703671621e+03  6.3919444644e+03  8.9378292102e+03  1.1908024117e+04  1.5302530397e+04
     7.350  4.5751756544e+02  1.3181038819e+03  2.6086860974e+03  4.3294037564e+03  6.4802816649e+03  9.0613270626e+03  1.2072542692e+04  1.5513929778e+04
     7.400  4.6385524366e+02  1.3362439433e+03  2.6445270277e+03  4.3888453049e+03  6.5692238086e+03  9.1856698456e+03  1.2238186183e+04  1.5726774059e+04
     7.450  4.7023792341e+02  1.3545089807e+03  2.6806129228e+03  4.4486918081e+03  6.6587708964e+03  9.3108575604e+03  1.2404954593e+04  1.5941063243e+04
     7.500  4.7666560461e+02  1.3728989945e+03  2.7169437832e+03  4.5089432670e+03  6.7489229293e+03  9.4368902085e+03  1.2572847922e+04  1.6156797331e+04
     7.550  4.8313828718e+02  1.3914139848e+03  2.7535196094e+03  4.5695996822e+03  6.8396799083e+03  9.5637677911e+03  1.2741866173e+04  1.6373976325e+04
     7.600  4.8965597105e+02  1.4100539520e+03  2.7903404018e+03  4.6306610544e+03  6.9310418344e+03  9.6914903095e+03  1.2912009347e+04  1.6592600228e+04
     7.650  4.9621865614e+02  1.4288188963e+03  2.8274061609e+03  4.6921273843e+03  7.0230087084e+03  9.8200577649e+03  1.3083277445e+04  1.6812669041e+04
     7.700  5.0282634238e+02  1.4477088180e+03  2.8647168872e+03  4.7539986726e+03  7.1155805313e+03  9.9494701584e+03  1.3255670469e+04  1.7034182766e+04
     7.750  5.0947902970e+02  1.4667237174e+03  2.9022725811e+03  4.8162749198e+03  7.2087573040e+03  1.0079727491e+04  1.3429188421e+04  1.7257141406e+04
     7.800  5.1617671803e+02  1.4858635948e+03  2.9400732431e+03  4.8789561268e+03  7.3025390274e+03  1.0210829765e+04  1.3603831301e+04  1.7481544961e+04
     7.850  5.2291940732e+02  1.5051284503e+03  2.9781188736e+03  4.9420422940e+03  7.3969257023e+03  1.0342776980e+04  1.3779599112e+04  1.7707393434e+04
     7.900  5.2970709750e+02  1.5245182842e+03  3.0164094731e+03  5.0055334221e+03  7.4919173294e+03  1.0475569137e+04  1.3956491855e+04  1.7934686827e+04
     7.950  5.3653978850e+02  1.5440330969e+03  3.0549450420e+03  5.0694295118e+03  7.5875139098e+03  1.0609206238e+04  1.4134509530e+04  1.8163425140e+04
     8.000  5.4341748028e+02  1.5636728885e+03  3.0937255807e+03  5.1337305635e+03  7.6837154440e+03  1.0743688284e+04  1.4313652140e+04  1.8393608375e+04
     8.050  5.5034017278e+02  1.5834376593e+03  3.1327510897e+03  5.1984365780e+03  7.7805219330e+03  1.0879015276e+04  1.4493919685e+04  1.8625236535e+04
     8.100  5.5730786594e+02  1.6033274096e+03  3.1720215693e+03  5.2635475557e+03  7.8779333774e+03  1.1015187215e+04  1.4675312167e+04  1.8858309620e+04
     8.150  5.6432055971e+02  1.6233421396e+03  3.2115370199e+03  5.3290634973e+03  7.9759497780e+03  1.1152204101e+04  1.4857829587e+04  1.9092827633e+04
     8.200  5.7137825404e+02  1.6434818495e+03  3.2512974420e+03  5.3949844032e+03  8.0745711355e+03  1.1290065935e+04  1.5041471946e+04  1.9328790573e+04
     8.250  5.7848094889e+02  1.6637465396e+03  3.2913028359e+03  5.4613102740e+03  8.1737974507e+03  1.1428772719e+04  1.5226239245e+04  1.9566198444e+04
     8.300  5.8562864421e+02  1.6841362101e+03  3.3315532020e+03  5.5280411103e+03  8.2736287242e+03  1.1568324454e+04  1.5412131486e+04  1.9805051245e+04
     8.350  5.9282133995e+02  1.7046508613e+03  3.3720485407e+03  5.5951769125e+03  8.3740649567e+03  1.1708721139e+04  1.5599148669e+04  2.0045348980e+04
     8.400  6.0005903607e+02  1.7252904933e+03  3.4127888523e+03  5.6627176812e+03  8.4751061488e+03  1.1849962777e+04  1.5787290795e+04  2.0287091648e+04
     8.450  6.0734173253e+02  1.7460551065e+03  3.4537741373e+03  5.7306634169e+03  8.5767523013e+03  1.1992049368e+04  1.5976557866e+04  2.0530279251e+04
     8.500  6.1466942929e+02  1.7669447010e+03  3.4950043960e+03  5.7990141200e+03  8.6790034148e+03  1.2134980912e+04  1.6166949883e+04  2.0774911790e+04
     8.550  6.2204212631e+02  1.7879592770e+03  3.5364796286e+03  5.8677697910e+03  8.7818594898e+03  1.2278757411e+04  1.6358466846e+04  2.1020989267e+04
     8.600  6.2945982355e+02  1.8090988348e+03  3.5781998357e+03  5.9369304305e+03  8.8853205270e+03  1.2423378865e+04  1.6551108756e+04  2.1268511682e+04
     8.650  6.3692252098e+02  1.8303633746e+03  3.6201650175e+03  6.0064960388e+03  8.9893865269e+03  1.2568845275e+04  1.6744875615e+04  2.1517479037e+04
     8.700  6.4443021856e+02  1.8517528967e+03  3.6623751743e+03  6.0764666164e+03  9.0940574903e+03  1.2715156642e+04  1.6939767423e+04  2.1767891334e+04
     8.750  6.5198291626e+02  1.8732674011e+03  3.7048303065e+03  6.1468421638e+03  9.1993334176e+03  1.2862312966e+04  1.7135784181e+04  2.2019748572e+04
     8.800  6.5958061405e+02  1.8949068881e+03  3.7475304145e+03  6.2176226814e+03  9.3052143093e+03  1.3010314248e+04  1.7332925890e+04  2.2273050752e+04
     8.850  6.6722331189e+02  1.9166713580e+03  3.7904754985e+03  6.2888081695e+03  9.4117001661e+03  1.3159160489e+04  1.7531192551e+04  2.2527797877e+04
     8.900  6.7491100976e+02  1.9385608109e+03  3.8336655588e+03  6.3603986288e+03  9.5187909885e+03  1.3308851690e+04  1.7730584165e+04  2.2783989948e+04
     8.950  6.8264370763e+02  1.9605752471e+03  3.8771005957e+03  6.4323940595e+03  9.6264867771e+03  1.3459387851e+04  1.7931100732e+04  2.3041626964e+04
     9.000  6.9042140547e+02  1.9827146667e+03  3.9207806097e+03  6.5047944620e+03  9.7347875322e+03  1.3610768973e+04  1.8132742254e+04  2.3300708927e+04
     9.050  6.9824410326e+02  2.0049790699e+03  3.9647056009e+03  6.5775998368e+03  9.8436932544e+03  1.3762995056e+04  1.8335508730e+04  2.3561235837e+04
     9.100  7.0611180096e+02  2.0273684569e+03  4.0088755696e+03  6.6508101842e+03  9.9532039443e+03  1.3916066101e+04  1.8539400163e+04  2.3823207697e+04
     9.150  7.1402449855e+02  2.0498828279e+03  4.0532905162e+03  6.7244255047e+03  1.0063319602e+04  1.4069982109e+04  1.8744416552e+04  2.4086624506e+04
     9.200  7.2198219602e+02  2.0725221832e+03  4.0979504409e+03  6.7984457986e+03  1.0174040229e+04  1.4224743081e+04  1.8950557898e+04  2.4351486266e+04
     9.250  7.2998489333e+02  2.0952865228e+03  4.1428553440e+03  6.8728710662e+03  1.0285365824e+04  1.4380349016e+04  1.9157824202e+04  2.4617792978e+04
     9.300  7.3803259046e+02  2.1181758470e+03  4.1880052259e+03  6.9477013080e+03  1.0397296390e+04  1.4536799915e+04  1.9366215465e+04  2.4885544641e+04
     9.350  7.4612528740e+02  2.1411901559e+03  4.2334000866e+03  7.0229365242e+03  1.0509831925e+04  1.4694095779e+04  1.9575731688e+04  2.5154741258e+04
     9.400  7.5426298413e+02  2.1643294497e+03  4.2790399266e+03  7.0985767153e+03  1.0622972430e+04  1.4852236609e+04  1.9786372870e+04  2.5425382829e+04
     9.450  7.6244568062e+02  2.1875937287e+03  4.3249247461e+03  7.1746218816e+03  1.0736717906e+04  1.5011222405e+04  1.9998139013e+04  2.5697469354e+04
     9.500  7.7067337685e+02  2.2109829929e+03  4.3710545453e+03  7.2510720234e+03  1.0851068354e+04  1.5171053168e+04  2.0211030117e+04  2.5971000834e+04
     9.550  7.7894607281e+02  2.2344972425e+03  4.4174293246e+03  7.3279271411e+03  1.0966023773e+04  1.5331728897e+04  2.0425046183e+04  2.6245977271e+04
     9.600  7.8726376848e+02  2.2581364778e+03  4.4640490841e+03  7.4051872349e+03  1.1081584164e+04  1.5493249594e+04  2.0640187212e+04  2.6522398664e+04
     9.650  7.9562646384e+02  2.2819006988e+03  4.5109138241e+03  7.4828523052e+03  1.1197749528e+04  1.5655615260e+04  2.0856453203e+04  2.6800265015e+04
     9.700  8.0403415888e+02  2.3057899058e+03  4.5580235448e+03  7.5609223523e+03  1.1314519865e+04  1.5818825893e+04  2.1073844159e+04  2.7079576324e+04
     9.750  8.1248685358e+02  2.3298040989e+03  4.6053782465e+03  7.6393973765e+03  1.1431895175e+04  1.5982881496e+04  2.1292360078e+04  2.7360332593e+04
     9.800  8.2098454793e+02  2.3539432782e+03  4.6529779295e+03  7.7182773782e+03  1.1549875458e+04  1.6147782068e+04  2.1512000963e+04  2.7642533820e+04
     9.850  8.2952724191e+02  2.3782074439e+03  4.7008225939e+03  7.7975623576e+03  1.1668460715e+04  1.6313527610e+04  2.1732766812e+04  2.7926180008e+04
     9.900  8.3811493551e+02  2.4025965963e+03  4.7489122399e+03  7.8772523149e+03  1.1787650947e+04  1.6480118123e+04  2.1954657628e+04  2.8211271157e+04
     9.950  8.4674762871e+02  2.4271107353e+03  4.7972468679e+03  7.9573472506e+03  1.1907446154e+04  1.6647553606e+04  2.2177673410e+04  2.8497807268e+04
    10.000  8.5542532151e+02  2.4515019959e+03  4.8458264780e+03  8.0370407062e+03  1.2027846335e+04  1.6814149810e+04  2.2401814159e+04  2.8782907101e+04
    10.050  8.6414801389e+02  2.4765139742e+03  4.8946510704e+03  8.1187520580e+03  1.2148851492e+04  1.6984959486e+04  2.2627079875e+04  2.9075214375e+04
    10.100  8.7291570584e+02  2.5014030743e+03  4.9437206454e+03  8.2000619302e+03  1.2270461625e+04  1.7154929884e+04  2.2853470560e+04  2.9366085374e+04
    10.150  8.8172839735e+02  2.5264171617e+03  4.9930352032e+03  8.2817767819e+03  1.2392676734e+04  1.7325745255e+04  2.3080986212e+04  2.9658401336e+04
    10.200  8.9058608841e+02  2.5515562366e+03  5.0425947439e+03  8.3638966132e+03  1.2515496819e+04  1.7497405598e+04  2.3309626834e+04  2.9952162263e+04
    10.250  8.9948877900e+02  2.5768202990e+03  5.0923992678e+03  8.4464214244e+03  1.2638921881e+04  1.7669910915e+04  2.3539392425e+04  3.0247368154e+04
    10.300  9.0843646913e+02  2.6022093492e+03  5.1424487751e+03  8.5293512158e+03  1.2762951920e+04  1.7843261205e+04  2.3770282985e+04  3.0544019012e+04
    10.350  9.1742915877e+02  2.6277233873e+03  5.1927432660e+03  8.6126859877e+03  1.2887586936e+04  1.8017456469e+04  2.4002298516e+04  3.0842114835e+04
    10.400  9.2646684792e+02  2.6533624134e+03  5.2432827407e+03  8.6964257402e+03  1.3012826930e+04  1.8192496707e+04  2.4235439017e+04  3.1141655624e+04
    10.450  9.3554953658e+02  2.6791264277e+03  5.2940671993e+03  8.7805704736e+03  1.3138671901e+04  1.8368381920e+04  2.4469704490e+04  3.1442641381e+04
    10.500  9.4467722473e+02  2.7050154302e+03  5.3450966421e+03  8.8651201882e+03  1.3265121851e+04  1.8545112108e+04  2.4705094934e+04  3.1745072106e+04
    10.550  9.5384991237e+02  2.7310294211e+03  5.3963710692e+03  8.9500748842e+03  1.3392176780e+04  1.8722687272e+04  2.4941610350e+04  3.2048947798e+04
    10.600  9.6306759949e+02  2.7571684005e+03  5.4478904809e+03  9.0354345618e+03  1.3519836687e+04  1.8901107411e+04  2.5179250738e+04  3.2354268459e+04
    10.650  9.7233028608e+02  2.7834323686e+03  5.4996548772e+03  9.1211992213e+03  1.3648101574e+04  1.9080372527e+04  2.5418016099e+04  3.2661034088e+04
    10.700  9.8163797213e+02  2.8098213255e+03  5.5516642585e+03  9.2073688629e+03  1.3776971439e+04  1.9260482618e+04  2.5657906433e+04  3.2969244688e+04
    10.750  9.9099065765e+02  2.8363352712e+03  5.6039186248e+03  9.2939434867e+03  1.3906446285e+04  1.9441437687e+04  2.5898921741e+04  3.3278900257e+04
    10.800  1.0003883426e+03  2.8629742060e+03  5.6564179764e+03  9.3809230931e+03  1.4036526110e+04  1.9623237732e+04  2.6141062022e+04  3.3590000796e+04
    10.850  1.0098310270e+03  2.8897381300e+03  5.7091623133e+03  9.4683076821e+03  1.4167210915e+04  1.9805882755e+04  2.6384327277e+04  3.3902546306e+04
    10.900  1.0193187109e+03  2.9166270432e+03  5.7621516358e+03  9.5560972542e+03  1.4298500701e+04  1.9989372755e+04  2.6628717508e+04  3.4216536788e+04
    10.950  1.0288513942e+03  2.9436409458e+03  5.8153859441e+03  9.6442918093e+03  1.4430395467e+04  2.0173707733e+04  2.6874232713e+04  3.4531972240e+04
    11.000  1.0384290769e+03  2.9707798378e+03  5.8688652383e+03  9.7328913478e+03  1.4562895214e+04  2.0358887690e+04  2.7120872893e+04  3.4848852665e+04
    11.050  1.0480517591e+03  2.9980437195e+03  5.9225895185e+03  9.8218958699e+03  1.4695999943e+04  2.0544912625e+04  2.7368638049e+04  3.5167178062e+04
    11.100  1.0577194407e+03  3.0254325909e+03  5.9765587850e+03  9.9113053757e+03  1.4829709652e+04  2.0731782539e+04  2.7617528181e+04  3.5486948432e+04
    11.150  1.0674321217e+03  3.0529464521e+03  6.0307730378e+03  1.0001119865e+04  1.4964024343e+04  2.0919497432e+04  2.7867543289e+04  3.5808163776e+04
    11.200  1.0771898021e+03  3.0805853033e+03  6.0852322772e+03  1.0091339339e+04  1.5098944016e+04  2.1108057304e+04  2.8118683373e+04  3.6130824092e+04
    11.250  1.0869924819e+03  3.1083491445e+03  6.1399365033e+03  1.0181963797e+04  1.5234468672e+04  2.1297462156e+04  2.8370948435e+04  3.6454929383e+04
    11.300  1.0968401611e+03  3.1362379758e+03  6.1948857161e+03  1.0272993240e+04  1.5370598309e+04  2.1487711987e+04  2.8624338474e+04  3.6780479648e+04
    11.350  1.1067328398e+03  3.1642517974e+03  6.2500799160e+03  1.0364427667e+04  1.5507332929e+04  2.1678806799e+04  2.8878853490e+04  3.7107474887e+04
    11.400  1.1166705178e+03  3.1923906093e+03  6.3055191030e+03  1.0456267080e+04  1.5644672531e+04  2.1870746591e+04  2.9134493484e+04  3.7435915101e+04
    11.450  1.1266531953e+03  3.2206544117e+03  6.3612032773e+03  1.0548511477e+04  1.5782617117e+04  2.2063531364e+04  2.9391258457e+04  3.7765800291e+04
    11.500  1.1366808721e+03  3.2490432047e+03  6.4171324389e+03  1.0641160859e+04  1.5921166685e+04  2.2257161118e+04  2.9649148407e+04  3.8097130456e+04
    11.550  1.1467535483e+03  3.2775569883e+03  6.4733065881e+03  1.0734215227e+04  1.6060321237e+04  2.2451635852e+04  2.9908163337e+04  3.8429905598e+04
    11.600  1.1568712240e+03  3.3061957627e+03  6.5297257250e+03  1.0827674581e+04  1.6200080773e+04  2.2646955569e+04  3.0168303245e+04  3.8764125715e+04
    11.650  1.1670338990e+03  3.3349595279e+03  6.5863898498e+03  1.0921538920e+04  1.6340445292e+04  2.2843120266e+04  3.0429568133e+04  3.9099790810e+04
    11.700  1.1772415734e+03  3.3638482841e+03  6.6432989624e+03  1.1015808245e+04  1.6481414795e+04  2.3040129946e+04  3.0691958000e+04  3.9436900881e+04
    11.750  1.1874942472e+03  3.3928620313e+03  6.7004530632e+03  1.1110482556e+04  1.6622989282e+04  2.3237984607e+04  3.0955472847e+04  3.9775455929e+04
    11.800  1.1977919204e+03  3.4220007696e+03  6.7578521521e+03  1.1205561853e+04  1.6765168753e+04  2.3436684251e+04  3.1220112673e+04  4.0115455955e+04
    11.850  1.2081345930e+03  3.4512644992e+03  6.8154962294e+03  1.1301046136e+04  1.6907953209e+04  2.3636228877e+04  3.1485877480e+04  4.0456900959e+04
    11.900  1.2185222649e+03  3.4806532200e+03  6.8733852952e+03  1.1396935406e+04  1.7051342649e+04  2.3836618487e+04  3.1752767268e+04  4.0799790941e+04
    11.950  1.2289549362e+03  3.5101669323e+03  6.9315193496e+03  1.1493229663e+04  1.7195337075e+04  2.4037853078e+04  3.2020782036e+04  4.1144125901e+04
    12.000  1.2394326070e+03  3.5398056361e+03  6.9898983926e+03  1.1589928907e+04  1.7339936485e+04  2.4239932653e+04  3.2289921786e+04  4.1489905840e+04
    12.050  1.2499552771e+03  3.5695693314e+03  7.0485224245e+03  1.1687033137e+04  1.7485140881e+04  2.4442857212e+04  3.2560186516e+04  4.1837130758e+04
    12.100  1.2605229465e+03  3.5994580184e+03  7.1073914454e+03  1.1784542355e+04  1.7630950262e+04  2.4646626754e+04  3.2831576229e+04  4.2185800655e+04
    12.150  1.2711356154e+03  3.6294716971e+03  7.1665054553e+03  1.1882456560e+04  1.7777364628e+04  2.4851241279e+04  3.3104090923e+04  4.2535915532e+04
    12.200  1.2817932836e+03  3.6596103677e+03  7.2258644544e+03  1.1980775752e+04  1.7924383980e+04  2.5056700789e+04  3.3377730599e+04  4.2887475388e+04
    12.250  1.2924959512e+03  3.6898740302e+03  7.2854684428e+03  1.2079499931e+04  1.8072008319e+04  2.5263005282e+04  3.3652495256e+04  4.3240480225e+04
    12.300  1.3032436182e+03  3.7202626847e+03  7.3453174206e+03  1.2178629099e+04  1.8220237643e+04  2.5470154760e+04  3.3928384897e+04  4.3594930042e+04
    12.350  1.3140362846e+03  3.7507763312e+03  7.4054113879e+03  1.2278163254e+04  1.8369071953e+04  2.5678149223e+04  3.4205399520e+04  4.3950824839e+04
    12.400  1.3248739503e+03  3.7814149699e+03  7.4657503449e+03  1.2378102397e+04  1.8518511249e+04  2.5886988670e+04  3.4483539126e+04  4.4308164617e+04
    12.450  1.3357566155e+03  3.8121786009e+03  7.5263342916e+03  1.2478446528e+04  1.8668555532e+04  2.6096673101e+04  3.4762803715e+04  4.4666949376e+04
    12.500  1.3466842800e+03  3.8430672241e+03  7.5871632281e+03  1.2579195648e+04  1.8819204802e+04  2.6307202518e+04  3.5043193287e+04  4.5027179117e+04
    12.550  1.3576569439e+03  3.8740808397e+03  7.6482371546e+03  1.2680349755e+04  1.8970459059e+04  2.6518576921e+04  3.5324707843e+04  4.5388853839e+04
    12.600  1.3686746071e+03  3.9052194478e+03  7.7095560712e+03  1.2781908851e+04  1.9122318302e+04  2.6730796308e+04  3.5607347381e+04  4.5751973542e+04
    12.650  1.3797372698e+03  3.9364830484e+03  7.7711199779e+03  1.2883872936e+04  1.9274782532e+04  2.6943860681e+04  3.5891111904e+04  4.6116538228e+04
    12.700  1.3908449318e+03  3.9678716416e+03  7.8329288748e+03  1.2986242009e+04  1.9427851750e+04  2.7157770040e+04  3.6176001411e+04  4.6482547896e+04
    12.750  1.4019975932e+03  3.9993852275e+03  7.8949827621e+03  1.3089016071e+04  1.9581525955e+04  2.7372524384e+04  3.6462015902e+04  4.6850002546e+04
    12.800  1.4131952540e+03  4.0310238062e+03  7.9572816399e+03  1.3192195122e+04  1.9735805148e+04  2.7588123715e+04  3.6749155378e+04  4.7218902179e+04
    12.850  1.4244379141e+03  4.0627873776e+03  8.0198255082e+03  1.3295779163e+04  1.9890689329e+04  2.7804568031e+04  3.7037419838e+04  4.7589246794e+04
    12.900  1.4357255737e+03  4.0946759420e+03  8.0826143672e+03  1.3399768192e+04  2.0046178496e+04  2.8021857335e+04  3.7326809284e+04  4.7961036392e+04
    12.950  1.4470582326e+03  4.1266894993e+03  8.1456482168e+03  1.3504162210e+04  2.0202272652e+04  2.8239991624e+04  3.7617323714e+04  4.8334270974e+04
    13.000  1.4584358909e+03  4.1588280497e+03  8.2089270574e+03  1.3608961218e+04  2.0358971796e+04  2.8458970900e+04  3.7908963128e+04  4.8708950539e+04
    13.050  1.4698585487e+03  4.1910915931e+03  8.2724508888e+03  1.3714165216e+04  2.0516275929e+04  2.8678795163e+04  3.8201727529e+04  4.9085075088e+04
    13.100  1.4813262057e+03  4.2234801297e+03  8.3362197113e+03  1.3819774203e+04  2.0674185049e+04  2.8899464414e+04  3.8495616916e+04  4.9462644621e+04
    13.150  1.4928388622e+03  4.2559936595e+03  8.4002335249e+03  1.3925788179e+04  2.0832699158e+04  2.9120978651e+04  3.8790631286e+04  4.9841659137e+04
    13.200  1.5043965181e+03  4.2886321826e+03  8.4644923297e+03  1.4032207146e+04  2.0991818255e+04  2.9343337875e+04  3.9086770644e+04  5.0222118638e+04
    13.250  1.5159991734e+03  4.3213956991e+03  8.5289961257e+03  1.4139031102e+04  2.1151542341e+04  2.9566542086e+04  3.9384034985e+04  5.0604023123e+04
    13.300  1.5276468280e+03  4.3542842090e+03  8.5937449132e+03  1.4246260049e+04  2.1311871416e+04  2.9790591286e+04  3.9682424315e+04  5.0987372593e+04
    13.350  1.5393394821e+03  4.3872977124e+03  8.6587386919e+03  1.4353893985e+04  2.1472805481e+04  3.0015485472e+04  3.9981938633e+04  5.1372167048e+04
    13.400  1.5510771355e+03  4.4204362093e+03  8.7239774624e+03  1.4461932912e+04  2.1634344533e+04  3.0241224647e+04  4.0282577933e+04  5.1758406487e+04
    13.450  1.5628597883e+03  4.4536996998e+03  8.7894612244e+03  1.4570376829e+04  2.1796488576e+04  3.0467808809e+04  4.0584342221e+04  5.2146090911e+04
    13.500  1.5746874406e+03  4.4870881840e+03  8.8551899781e+03  1.4679225736e+04  2.1959237607e+04  3.0695237960e+04  4.0887231497e+04  5.2535220321e+04
    13.550  1.5865600922e+03  4.5206016619e+03  8.9211637236e+03  1.4788479634e+04  2.2122591627e+04  3.0923512099e+04  4.1191245758e+04  5.2925794716e+04
    13.600  1.5984777433e+03  4.5542401336e+03  8.9873824609e+03  1.4898138523e+04  2.2286550636e+04  3.1152631226e+04  4.1496385007e+04  5.3317814097e+04
    13.650  1.6104403937e+03  4.5880035991e+03  9.0538461903e+03  1.5008202402e+04  2.2451114636e+04  3.1382595341e+04  4.1802649244e+04  5.3711278464e+04
    13.700  1.6224480436e+03  4.6218920585e+03  9.1205549113e+03  1.5118671273e+04  2.2616283624e+04  3.1613404445e+04  4.2110038466e+04  5.4106187816e+04
    13.750  1.6345006928e+03  4.6559055119e+03  9.1875086250e+03  1.5229545134e+04  2.2782057605e+04  3.1845058538e+04  4.2418552681e+04  5.4502542155e+04
    13.800  1.6465983415e+03  4.6900439592e+03  9.2547073307e+03  1.5340823986e+04  2.2948436574e+04  3.2077557619e+04  4.2728191878e+04  5.4900341480e+04
    13.850  1.6587409895e+03  4.7243074007e+03  9.3221510285e+03  1.5452507829e+04  2.3115420535e+04  3.2310901690e+04  4.3038956057e+04  5.5299585791e+04
    13.900  1.6709286370e+03  4.7586958362e+03  9.3898397190e+03  1.5564596663e+04  2.3283009485e+04  3.2545090749e+04  4.3350845244e+04  5.5700275089e+04
    13.950  1.6831612839e+03  4.7932092660e+03  9.4577733997e+03  1.5677090488e+04  2.3451203420e+04  3.2780124797e+04  4.3663859371e+04  5.6102409373e+04
    14.000  1.6953501646e+03  4.8278476899e+03  9.5254640255e+03  1.5789989305e+04  2.3618795587e+04  3.3016003835e+04  4.3975753588e+04  5.6505988644e+04
    14.050  1.7077615759e+03  4.8626111082e+03  9.5943757441e+03  1.5903293113e+04  2.3789406271e+04  3.3252727862e+04  4.4293262721e+04  5.6911012902e+04
    14.100  1.7201292211e+03  4.8974995207e+03  9.6630444035e+03  1.6017001913e+04  2.3959415188e+04  3.3490296879e+04  4.4609651822e+04  5.7317482149e+04
    14.150  1.7325418657e+03  4.9325129277e+03  9.7319580565e+03  1.6131115704e+04  2.4130029087e+04  3.3728710885e+04  4.4927165928e+04  5.7725396380e+04
    14.200  1.7449995097e+03  4.9676513291e+03  9.8011167022e+03  1.6245634487e+04  2.4301247974e+04  3.3967969881e+04  4.5245805031e+04  5.8134755601e+04
    14.250  1.7575021531e+03  5.0029147249e+03  9.8705203402e+03  1.6360558262e+04  2.4473071857e+04  3.4208073867e+04  4.5565569131e+04  5.8545559808e+04
    14.300  1.7700497959e+03  5.0383031153e+03  9.9401689715e+03  1.6475887028e+04  2.4645500730e+04  3.4449022842e+04  4.5886458204e+04  5.8957809004e+04
    14.350  1.7826424382e+03  5.0738165003e+03  1.0010062595e+04  1.6591620787e+04  2.4818534596e+04  3.4690816808e+04  4.6208472277e+04  5.9371503187e+04
    14.400  1.7952800799e+03  5.1094548799e+03  1.0080201213e+04  1.6707759537e+04  2.4992173452e+04  3.4933455764e+04  4.6531611340e+04  5.9786642357e+04
    14.450  1.8079627210e+03  5.1452182542e+03  1.0150584823e+04  1.6824303279e+04  2.5166417299e+04  3.5176939709e+04  4.6855875392e+04  6.0203226517e+04
    14.500  1.8206903616e+03  5.1811066232e+03  1.0221213427e+04  1.6941252014e+04  2.5341266136e+04  3.5421268646e+04  4.7181264427e+04  6.0621255665e+04
    14.550  1.8334630016e+03  5.2171199869e+03  1.0292087023e+04  1.7058605741e+04  2.5516719965e+04  3.5666442572e+04  4.7507778455e+04  6.1040729801e+04
    14.600  1.8462806411e+03  5.2532583455e+03  1.0363205613e+04  1.7176364460e+04  2.5692778785e+04  3.5912461489e+04  4.7835417473e+04  6.1461648924e+04
    14.650  1.8591432800e+03  5.2895216990e+03  1.0434569196e+04  1.7294528171e+04  2.5869442598e+04  3.6159325397e+04  4.8164181477e+04  6.1884013038e+04
    14.700  1.8720509183e+03  5.3259100474e+03  1.0506177773e+04  1.7413096875e+04  2.6046711401e+04  3.6407034295e+04  4.8494070475e+04  6.2307822139e+04
    14.750  1.8850035561e+03  5.3624233907e+03  1.0578031343e+04  1.7532070571e+04  2.6224585197e+04  3.6655588185e+04  4.8825084462e+04  6.2733076230e+04
    14.800  1.8980011933e+03  5.3990617290e+03  1.0650129906e+04  1.7651449260e+04  2.6403063984e+04  3.6904987065e+04  4.9157223433e+04  6.3159775307e+04
    14.850  1.9110438300e+03  5.4358250624e+03  1.0722473463e+04  1.7771232941e+04  2.6582147763e+04  3.7155230936e+04  4.9490487403e+04  6.3587919376e+04
    14.900  1.9241314661e+03  5.4727133908e+03  1.0795062014e+04  1.7891421615e+04  2.6761836533e+04  3.7406319798e+04  4.9824876359e+04  6.4017508434e+04
    14.950  1.9372641017e+03  5.5097267144e+03  1.0867895558e+04  1.8012015282e+04  2.6942130296e+04  3.7658253651e+04  5.0160390308e+04  6.4448542480e+04
    15.000  1.9504417368e+03  5.5468650331e+03  1.0940974096e+04  1.8133013942e+04  2.7123029051e+04  3.7911032495e+04  5.0497029244e+04  6.4881021517e+04
    15.050  1.9636643713e+03  5.5841283471e+03  1.1014297628e+04  1.8254417594e+04  2.7304532798e+04  3.8164656331e+04  5.0834793171e+04  6.5314945543e+04
    15.100  1.9769320052e+03  5.6215166563e+03  1.1087866154e+04  1.8376226240e+04  2.7486641537e+04  3.8419125158e+04  5.1173682088e+04  6.5750314556e+04
    15.150  1.9902446387e+03  5.6590299608e+03  1.1161679673e+04  1.8498439878e+04  2.7669355268e+04  3.8674438976e+04  5.1513695997e+04  6.6187128563e+04
    15.200  2.0036022716e+03  5.6966682606e+03  1.1235738187e+04  1.8621058510e+04  2.7852673991e+04  3.8930597786e+04  5.1854834896e+04  6.6625387558e+04
    15.250  2.0170049039e+03  5.7344315558e+03  1.1310041694e+04  1.8744082135e+04  2.8036597707e+04  3.9187601589e+04  5.2197098786e+04  6.7065091541e+04
    15.300  2.0304525358e+03  5.7723198464e+03  1.1384590196e+04  1.8867510753e+04  2.8221126416e+04  3.9445450382e+04  5.2540487667e+04  6.7506240516e+04
    15.350  2.0439451671e+03  5.8103331325e+03  1.1459383692e+04  1.8991344364e+04  2.8406260117e+04  3.9704144167e+04  5.2885001540e+04  6.7948834482e+04
    15.400  2.0574827978e+03  5.8484714141e+03  1.1534422181e+04  1.9115582969e+04  2.8591998811e+04  3.9963682945e+04  5.3230640403e+04  6.8392873437e+04
    15.450  2.0710654281e+03  5.8867346911e+03  1.1609705666e+04  1.9240226567e+04  2.8778342497e+04  4.0224066714e+04  5.3577404257e+04  6.8838357381e+04
    15.500  2.0846930578e+03  5.9251229638e+03  1.1685234144e+04  1.9365275158e+04  2.8965291175e+04  4.0485295475e+04  5.3925293100e+04  6.9285286317e+04
    15.550  2.0983656871e+03  5.9636362321e+03  1.1761007616e+04  1.9490728743e+04  2.9152844848e+04  4.0747369229e+04  5.4274306940e+04  6.9733660244e+04
    15.600  2.1120833158e+03  6.0022744960e+03  1.1837026083e+04  1.9616587322e+04  2.9341003513e+04  4.1010287974e+04  5.4624445767e+04  7.0183479160e+04
    15.650  2.1258459440e+03  6.0410377555e+03  1.1913289545e+04  1.9742850894e+04  2.9529767170e+04  4.1274051711e+04  5.4975709585e+04  7.0634743067e+04
    15.700  2.1396535716e+03  6.0799260108e+03  1.1989798001e+04  1.9869519460e+04  2.9719135821e+04  4.1538660441e+04  5.5328098398e+04  7.1087451967e+04
    15.750  2.1535061988e+03  6.1189392618e+03  1.2066551451e+04  1.9996593019e+04  2.9909109464e+04  4.1804114164e+04  5.5681612203e+04  7.1541605855e+04
    15.800  2.1674038255e+03  6.1580775087e+03  1.2143549896e+04  2.0124071573e+04  3.0099688101e+04  4.2070412878e+04  5.6036250997e+04  7.1997204734e+04
    15.850  2.1813464516e+03  6.1973407513e+03  1.2220793335e+04  2.0251955119e+04  3.0290871731e+04  4.2337556585e+04  5.6392014783e+04  7.2454248605e+04
    15.900  2.1953340773e+03  6.2367289898e+03  1.2298281770e+04  2.0380243661e+04  3.0482660354e+04  4.2605545286e+04  5.6748903561e+04  7.2912737469e+04
    15.950  2.2093667024e+03  6.2762422242e+03  1.2376015198e+04  2.0508937196e+04  3.0675053971e+04  4.2874378978e+04  5.7106917331e+04  7.3372671323e+04
    16.000  2.2234443271e+03  6.3158804545e+03  1.2453993622e+04  2.0638035725e+04  3.0868052581e+04  4.3144057664e+04  5.7466056095e+04  7.3834050167e+04
    16.050  2.2375669513e+03  6.3556436807e+03  1.2532217040e+04  2.0767539248e+04  3.1061656184e+04  4.3414581343e+04  5.7826319848e+04  7.4296874004e+04
    16.100  2.2517345749e+03  6.3955319030e+03  1.2610685454e+04  2.0897447765e+04  3.1255864782e+04  4.3685950014e+04  5.8187708597e+04  7.4761142831e+04
    16.150  2.2659471981e+03  6.4355451212e+03  1.2689398862e+04  2.1027761276e+04  3.1450678372e+04  4.3958163678e+04  5.8550222336e+04  7.5226856652e+04
    16.200  2.2802048208e+03  6.4756833356e+03  1.2768357264e+04  2.1158479782e+04  3.1646096956e+04  4.4231222334e+04  5.8913861067e+04  7.5694015462e+04
    16.250  2.2945074430e+03  6.5159465460e+03  1.2847560662e+04  2.1289603282e+04  3.1842120534e+04  4.4505125985e+04  5.9278624790e+04  7.6162619265e+04
    16.300  2.3088550647e+03  6.5563347525e+03  1.2927009055e+04  2.1421131776e+04  3.2038749105e+04  4.4779874627e+04  5.9644513509e+04  7.6632668056e+04
    16.350  2.3232476860e+03  6.5968479551e+03  1.3006702443e+04  2.1553065264e+04  3.2235982670e+04  4.5055468264e+04  6.0011527217e+04  7.7104161845e+04
    16.400  2.3376853067e+03  6.6374861540e+03  1.3086640826e+04  2.1685403747e+04  3.2433821230e+04  4.5331906894e+04  6.0379665919e+04  7.7577100620e+04
    16.450  2.3521679270e+03  6.6782493491e+03  1.3166824204e+04  2.1818147225e+04  3.2632264782e+04  4.5609190517e+04  6.0748929613e+04  7.8051484394e+04
    16.500  2.3666955468e+03  6.7191375404e+03  1.3247252577e+04  2.1951295696e+04  3.2831313329e+04  4.5887319133e+04  6.1119318301e+04  7.8527313157e+04
    16.550  2.3812681661e+03  6.7601507279e+03  1.3327925946e+04  2.2084849163e+04  3.3030966870e+04  4.6166292742e+04  6.1490831979e+04  7.9004586910e+04
    16.600  2.3958857850e+03  6.8012889118e+03  1.3408844309e+04  2.2218807624e+04  3.3231225405e+04  4.6446111347e+04  6.1863470652e+04  7.9483305658e+04
    16.650  2.4105484034e+03  6.8425520920e+03  1.3490007668e+04  2.2353171079e+04  3.3432088934e+04  4.6726774941e+04  6.2237234320e+04  7.9963469396e+04
    16.700  2.4252560213e+03  6.8839402685e+03  1.3571416023e+04  2.2487939530e+04  3.3633557457e+04  4.7008283533e+04  6.2612122978e+04  8.0445078127e+04
    16.750  2.4400086388e+03  6.9254534415e+03  1.3653069372e+04  2.2623112974e+04  3.3835630974e+04  4.7290637116e+04  6.2988136629e+04  8.0928131848e+04
    16.800  2.4548062558e+03  6.9670916109e+03  1.3734967717e+04  2.2758691414e+04  3.4038309486e+04  4.7573835694e+04  6.3365275274e+04  8.1412630568e+04
    16.850  2.4696488723e+03  7.0088547767e+03  1.3817111058e+04  2.2894674849e+04  3.4241592992e+04  4.7857879267e+04  6.3743538915e+04  8.1898574279e+04
    16.900  2.4845364884e+03  7.0507429389e+03  1.3899499394e+04  2.3031063278e+04  3.4445481491e+04  4.8142767831e+04  6.4122927545e+04  8.2385962978e+04
    16.950  2.4994691040e+03  7.0927560978e+03  1.3982132725e+04  2.3167856702e+04  3.4649974987e+04  4.8428501389e+04  6.4503441170e+04  8.2874796672e+04
    17.000  2.5144467192e+03  7.1348942530e+03  1.4065011052e+04  2.3305055122e+04  3.4855073475e+04  4.8715079945e+04  6.4885079789e+04  8.3365075364e+04
    17.050  2.5294693339e+03  7.1771574049e+03  1.4148134374e+04  2.3442658536e+04  3.5060776958e+04  4.9002503489e+04  6.5267843397e+04  8.3856799035e+04
    17.100  2.5445369482e+03  7.2195455533e+03  1.4231502692e+04  2.3580666945e+04  3.5267085436e+04  4.9290772033e+04  6.5651732004e+04  8.4349967717e+04
    17.150  2.5596495620e+03  7.2620586984e+03  1.4315116006e+04  2.3719080350e+04  3.5473998909e+04  4.9579885568e+04  6.6036745602e+04  8.4844581384e+04
    17.200  2.5748071754e+03  7.3046968401e+03  1.4398974315e+04  2.3857898749e+04  3.5681517376e+04  4.9869844099e+04  6.6422884194e+04  8.5340640044e+04
    17.250  2.5900097883e+03  7.3474599784e+03  1.4483077620e+04  2.3997122143e+04  3.5889640838e+04  5.0160647619e+04  6.6810147782e+04  8.5838143690e+04
    17.300  2.6052574009e+03  7.3903481134e+03  1.4567425921e+04  2.4136750533e+04  3.6098369295e+04  5.0452296140e+04  6.7198536361e+04  8.6337092342e+04
    17.350  2.6205500129e+03  7.4333612452e+03  1.4652019218e+04  2.4276783918e+04  3.6307702745e+04  5.0744789650e+04  6.7588049934e+04  8.6837485980e+04
    17.400  2.6358876245e+03  7.4764993737e+03  1.4736857510e+04  2.4417222299e+04  3.6517641191e+04  5.1038128154e+04  6.7978688502e+04  8.7339324610e+04
    17.450  2.6512702357e+03  7.5197624989e+03  1.4821940799e+04  2.4558065673e+04  3.6728184632e+04  5.1332311659e+04  6.8370452063e+04  8.7842608243e+04
    17.500  2.6666978465e+03  7.5631506208e+03  1.4907269083e+04  2.4699314045e+04  3.6939333068e+04  5.1627340152e+04  6.8763340618e+04  8.8347336849e+04
    17.550  2.6821704568e+03  7.6066637397e+03  1.4992842363e+04  2.4840967410e+04  3.7151086499e+04  5.1923213641e+04  6.9157354168e+04  8.8853510471e+04
    17.600  2.6976880667e+03  7.6503018554e+03  1.5078660639e+04  2.4983025773e+04  3.7363444924e+04  5.2219932123e+04  6.9552492710e+04  8.9361129077e+04
    17.650  2.7132506762e+03  7.6940649680e+03  1.5164723911e+04  2.5125489129e+04  3.7576408345e+04  5.2517495604e+04  6.9948756249e+04  8.9870192672e+04
    17.700  2.7288582853e+03  7.7379530773e+03  1.5251032179e+04  2.5268357482e+04  3.7789976761e+04  5.2815904075e+04  7.0346144779e+04  9.0380701272e+04
    17.750  2.7445108939e+03  7.7819661837e+03  1.5337585443e+04  2.5411630829e+04  3.8004150171e+04  5.3115157547e+04  7.0744658306e+04  9.0892654855e+04
    17.800  2.7602085021e+03  7.8261042869e+03  1.5424383703e+04  2.5555309173e+04  3.8218928577e+04  5.3415256010e+04  7.1144296823e+04  9.1406053432e+04
    17.850  2.7759511099e+03  7.8703673870e+03  1.5511426959e+04  2.5699392512e+04  3.8434311978e+04  5.3716199461e+04  7.1545060339e+04  9.1920897002e+04
    17.900  2.7917387173e+03  7.9147554843e+03  1.5598715211e+04  2.5843880847e+04  3.8650300374e+04  5.4017987916e+04  7.1946948848e+04  9.2437185567e+04
    17.950  2.8075713243e+03  7.9592685785e+03  1.5686248459e+04  2.5988774178e+04  3.8866893766e+04  5.4320621369e+04  7.2349962351e+04  9.2954919135e+04
    18.000  2.8234489308e+03  8.0039066697e+03  1.5774026704e+04  2.6134072505e+04  3.9084092152e+04  5.4624099806e+04  7.2754100850e+04  9.3474097694e+04
    18.050  2.8393715370e+03  8.0486697577e+03  1.5862049945e+04  2.6279775826e+04  3.9301895534e+04  5.4928423241e+04  7.3159364339e+04  9.3994721245e+04
    18.100  2.8553391427e+03  8.0935578433e+03  1.5950318182e+04  2.6425884142e+04  3.9520303911e+04  5.5233591675e+04  7.3565752826e+04  9.4516789780e+04
    18.150  2.8713517481e+03  8.1385709253e+03  1.6038831415e+04  2.6572397456e+04  3.9739317284e+04  5.5539605099e+04  7.3973266307e+04  9.5040303305e+04
    18.200  2.8874093530e+03  8.1837090051e+03  1.6127589645e+04  2.6719315764e+04  3.9958935652e+04  5.5846463521e+04  7.4381904783e+04  9.5565261847e+04
    18.250  2.9035119575e+03  8.2289720816e+03  1.6216592871e+04  2.6866639070e+04  4.0179159016e+04  5.6154166941e+04  7.4791668252e+04  9.6091665383e+04
    18.300  2.9196595617e+03  8.2743601553e+03  1.6305841093e+04  2.7014367372e+04  4.0399987375e+04  5.6462715357e+04  7.5202556717e+04  9.6619513927e+04
    18.350  2.9358521654e+03  8.3198732261e+03  1.6395334311e+04  2.7162500671e+04  4.0621420729e+04  5.6772108782e+04  7.5614570178e+04  9.7148807444e+04
    18.400  2.9520897688e+03  8.3655112942e+03  1.6485072526e+04  2.7311038960e+04  4.0843459080e+04  5.7082347173e+04  7.6027708631e+04  9.7679545959e+04
    18.450  2.9683723717e+03  8.4112743601e+03  1.6575055738e+04  2.7459982247e+04  4.1066102426e+04  5.7393430555e+04  7.6441972081e+04  9.8211729421e+04
    18.500  2.9846999743e+03  8.4571624227e+03  1.6665283946e+04  2.7609330535e+04  4.1289350767e+04  5.7705358984e+04  7.6857360525e+04  9.8745357925e+04
    18.550  3.0010725765e+03  8.5031754824e+03  1.6755757150e+04  2.7759083819e+04  4.1513204104e+04  5.8018132364e+04  7.7273873961e+04  9.9280431462e+04
    18.600  3.0174901782e+03  8.5493135381e+03  1.6846475351e+04  2.7909242088e+04  4.1737662436e+04  5.8331750743e+04  7.7691512399e+04  9.9816949934e+04
    18.650  3.0339527796e+03  8.5955765890e+03  1.6937438549e+04  2.8059805380e+04  4.1962725766e+04  5.8646214222e+04  7.8110275827e+04  1.0035491344e+05
    18.700  3.0504603806e+03  8.6419646452e+03  1.7028646743e+04  2.8210773652e+04  4.2188394089e+04  5.8961522579e+04  7.8530164251e+04  1.0089432202e+05
    18.750  3.0670129813e+03  8.6884776941e+03  1.7120099933e+04  2.8362146901e+04  4.2414667410e+04  5.9277675860e+04  7.8951177672e+04  1.0143517562e+05
    18.800  3.0836105815e+03  8.7351157413e+03  1.7211798120e+04  2.8513925149e+04  4.2641545725e+04  5.9594674208e+04  7.9373316084e+04  1.0197747383e+05
    18.850  3.1002531814e+03  8.7818787844e+03  1.7303741304e+04  2.8666108411e+04  4.2869029037e+04  5.9912517593e+04  7.9796579494e+04  1.0252121731e+05
    18.900  3.1169407809e+03  8.8287668252e+03  1.7395929485e+04  2.8818696670e+04  4.3097117345e+04  6.0231205923e+04  8.0220967898e+04  1.0306640570e+05
    18.950  3.1336733800e+03  8.8757798644e+03  1.7488362662e+04  2.8971689922e+04  4.3325810649e+04  6.0550739273e+04  8.0646481299e+04  1.0361303915e+05
    19.000  3.1504509788e+03  8.9229179004e+03  1.7581040836e+04  2.9125088166e+04  4.3555108948e+04  6.0871117620e+04  8.1073119694e+04  1.0416111761e+05
    19.050  3.1672735772e+03  8.9701809337e+03  1.7673964007e+04  2.9278891412e+04  4.3785012243e+04  6.1192340966e+04  8.1500883084e+04  1.0471064103e+05
    19.100  3.1841411752e+03  9.0175689642e+03  1.7767132174e+04  2.9433099651e+04  4.4015520535e+04  6.1514409305e+04  8.1929771468e+04  1.0526160949e+05
    19.150  3.2010537729e+03  9.0650819927e+03  1.7860545338e+04  2.9587712885e+04  4.4246633822e+04  6.1837322636e+04  8.2359784849e+04  1.0581402290e+05
    19.200  3.2180113701e+03  9.1127200188e+03  1.7954203499e+04  2.9742731117e+04  4.4478352106e+04  6.2161080974e+04  8.2790923227e+04  1.0636788135e+05
    19.250  3.2350139671e+03  9.1604830418e+03  1.8048106657e+04  2.9898154343e+04  4.4710675385e+04  6.2485684303e+04  8.3223186599e+04  1.0692318479e+05
    19.300  3.2520615636e+03  9.2083710628e+03  1.8142254812e+04  3.0053982570e+04  4.4943603661e+04  6.2811132624e+04  8.3656574967e+04  1.0747993319e+05
    19.350  3.2691541598e+03  9.2563840814e+03  1.8236647963e+04  3.0210215790e+04  4.5177136933e+04  6.3137425937e+04  8.4091088328e+04  1.0803812660e+05
    19.400  3.2862917557e+03  9.3045220974e+03  1.8331286112e+04  3.0366854009e+04  4.5411275201e+04  6.3464564250e+04  8.4526726689e+04  1.0859776500e+05
    19.450  3.3034743512e+03  9.3527851113e+03  1.8426169257e+04  3.0523897223e+04  4.5646018465e+04  6.3792547554e+04  8.4963490042e+04  1.0915884841e+05
    19.500  3.3207019463e+03  9.4011731222e+03  1.8521297399e+04  3.0681345432e+04  4.5881366726e+04  6.4121375866e+04  8.5401378394e+04  1.0972137679e+05
    19.550  3.3379745411e+03  9.4496861311e+03  1.8616670538e+04  3.0839198640e+04  4.6117319983e+04  6.4451049166e+04  8.5840391736e+04  1.1028535020e+05
    19.600  3.3552921355e+03  9.4983241375e+03  1.8712288675e+04  3.0997456845e+04  4.6353878236e+04  6.4781567462e+04  8.6280530076e+04  1.1085076856e+05
    19.650  3.3726547296e+03  9.5470871415e+03  1.8808151808e+04  3.1156120045e+04  4.6591041485e+04  6.5112930756e+04  8.6721793412e+04  1.1141763196e+05
    19.700  3.3900623233e+03  9.5959751433e+03  1.8904259938e+04  3.1315188241e+04  4.6828809732e+04  6.5445139043e+04  8.7164181747e+04  1.1198594035e+05
    19.750  3.4075149167e+03  9.6449881429e+03  1.9000613065e+04  3.1474661435e+04  4.7067182974e+04  6.5778192323e+04  8.7607695075e+04  1.1255569370e+05
    19.800  3.4250125098e+03  9.6941261400e+03  1.9097211190e+04  3.1634539626e+04  4.7306161214e+04  6.6112090605e+04  8.8052333404e+04  1.1312689208e+05
    19.850  3.4425551025e+03  9.7433891347e+03  1.9194054311e+04  3.1794822813e+04  4.7545744448e+04  6.6446833890e+04  8.8498096718e+04  1.1369953544e+05
    19.900  3.4601426948e+03  9.7927771273e+03  1.9291142429e+04  3.1955510997e+04  4.7785932680e+04  6.6782422160e+04  8.8944985035e+04  1.1427362378e+05
    19.950  3.4777752869e+03  9.8422901176e+03  1.9388475545e+04  3.2116604179e+04  4.8026725907e+04  6.7118855438e+04  8.9392998347e+04  1.1484915716e+05
    20.000  3.4954528785e+03  9.8919281057e+03  1.9486053658e+04  3.2278102356e+04  4.8268124131e+04  6.7456133693e+04  8.9842136658e+04  1.1542613551e+05
