 #   eta         2                 3                 4                 5                 6                 7                 8                 9                10
     0.000  6.0000000000e+00  1.2000000000e+01  2.0000000000e+01  3.0000000000e+01  4.2000000000e+01  5.6000000000e+01  7.2000000000e+01  9.0000000000e+01  1.1000000000e+02
     0.050  6.1036816010e+00  1.2110260181e+01  2.0119933486e+01  3.0132287066e+01  4.2147216294e+01  5.6164684166e+01  7.2184674763e+01  9.0207180283e+01  1.1023219653e+02
     0.100  6.2151926331e+00  1.2242168564e+01  2.0281206158e+01  3.0330914742e+01  4.2390932006e+01  5.6461128892e+01  7.2541449719e+01  9.0631867158e+01  1.1073236649e+02
     0.150  6.3352946137e+00  1.2397634022e+01  2.0486471695e+01  3.0599287248e+01  4.2735384798e+01  5.6894512836e+01  7.3076562235e+01  9.1281479280e+01  1.1150923498e+02
     0.200  6.4648411345e+00  1.2578897695e+01  2.0739063436e+01  3.0941937631e+01  4.3186489812e+01  5.7472337517e+01  7.3799313147e+01  9.2167333798e+01  1.1257635460e+02
     0.250  6.6047906827e+00  1.2788596066e+01  2.1043126953e+01  3.1364725984e+01  4.3752108883e+01  5.8204776016e+01  7.4722504567e+01  9.3305183402e+01  1.1395275209e+02
     0.300  6.7562212206e+00  1.3029837876e+01  2.1403790799e+01  3.1875105972e+01  4.4442423039e+01  5.9105165532e+01  7.5863067926e+01  9.4715995838e+01  1.1566387560e+02
     0.350  6.9203466565e+00  1.3306298017e+01  2.1827387111e+01  3.2482482903e+01  4.5270443670e+01  6.0190692410e+01  7.7242945558e+01  9.6427055470e+01  1.1774294002e+02
     0.400  7.0985352705e+00  1.3622332110e+01  2.2321737558e+01  3.3198696315e+01  4.6252714526e+01  6.1483342681e+01  7.8890321983e+01  9.8473508765e+01  1.2023282059e+02
     0.450  7.2923300459e+00  1.3983115917e+01  2.2896524928e+01  3.4038673928e+01  4.7410282018e+01  6.3011228897e+01  8.0841352406e+01  1.0090054179e+02  1.2318872775e+02
     0.500  7.5034706516e+00  1.4394813817e+01  2.3563776351e+01  3.5021323590e+01  4.8770050001e+01  6.4810463863e+01  8.3142618526e+01  1.0376648534e+02  1.2668203076e+02
     0.550  7.7339165070e+00  1.4864779870e+01  2.4338490235e+01  3.6170756947e+01  5.0366694528e+01  6.6927848355e+01  8.5854678534e+01  1.0714732355e+02  1.3080582522e+02
     0.600  7.9858698726e+00  1.5401792569e+01  2.5239443171e+01  3.7517973702e+01  5.2245403597e+01  6.9424797155e+01  8.9057310033e+01  1.1114339406e+02  1.3568323843e+02
     0.650  8.2617971980e+00  1.6016318665e+01  2.6290210083e+01  3.9103173508e+01  5.4465836310e+01  7.2383183156e+01  9.2857445127e+01  1.1588962533e+02  1.4148019220e+02
     0.700  8.5644459694e+00  1.6720789790e+01  2.7520408070e+01  4.0978883293e+01  5.7107860158e+01  7.5914178098e+01  9.7401488597e+01  1.2157167601e+02  1.4842571440e+02
     0.750  8.8968529929e+00  1.7529853893e+01  2.8967104848e+01  4.3214026134e+01  6.0279753697e+01  8.0171712365e+01  1.0289485210e+02  1.2845220164e+02  1.5684554613e+02
     0.800  9.2623384794e+00  1.8460526521e+01  3.0676164190e+01  4.5898739474e+01  6.4129351883e+01  8.5372573497e+01  1.0963308520e+02  1.3691461852e+02  1.6721984834e+02
     0.850  9.6644786535e+00  1.9532110711e+01  3.2702948242e+01  4.9148767868e+01  6.8857066350e+01  9.1823863353e+01  1.1804930576e+02  1.4753520991e+02  1.8028380781e+02
     0.900  1.0107048380e+01  2.0765683889e+01  3.5111176652e+01  5.3105865421e+01  7.4724189468e+01  9.9949723278e+01  1.2877246484e+02  1.6118674079e+02  1.9718968468e+02
     0.950  1.0593925357e+01  2.2182897274e+01  3.7967960435e+01  5.7926310545e+01  8.2035942548e+01  1.1027776650e+02  1.4263582845e+02  1.7909702616e+02  2.1965071460e+02
     1.000  1.1128950062e+01  2.3803880154e+01  4.1332883698e+01  6.3746252067e+01  9.1060158127e+01  1.2328416348e+02  1.6042435940e+02  2.0248485242e+02  2.4946853635e+02
     1.050  1.1715742306e+01  2.5644318642e+01  4.5241474871e+01  7.0622954783e+01  1.0186837443e+02  1.3903586542e+02  1.8216928550e+02  2.3130230439e+02  2.8646098437e+02
     1.100  1.2357486682e+01  2.7712356554e+01  4.9689918439e+01  7.8488206648e+01  1.1422836183e+02  1.5698403677e+02  2.0679902327e+02  2.6369856699e+02  3.2769668835e+02
     1.150  1.3056714044e+01  3.0006601142e+01  5.4633377598e+01  8.7173029254e+01  1.2773717045e+02  1.7637476644e+02  2.3310566510e+02  2.9793723228e+02  3.7087189762e+02
     1.200  1.3815119641e+01  3.2516538468e+01  6.0003415574e+01  9.6495530157e+01  1.4206693144e+02  1.9673975055e+02  2.6052007672e+02  3.3340956959e+02  4.1540876583e+02
     1.250  1.4633462917e+01  3.5225569709e+01  6.5732918574e+01  1.0632747915e+02  1.5704979368e+02  2.1790894330e+02  2.8890737806e+02  3.7004608494e+02  4.6132560644e+02
     1.300  1.5511582248e+01  3.8115312031e+01  7.1771753445e+01  1.1660084885e+02  1.7262378379e+02  2.3984532330e+02  3.1826722181e+02  4.0789035369e+02  5.0871520361e+02
     1.350  1.6448529793e+01  4.1169210779e+01  7.8088822275e+01  1.2728571910e+02  1.8877197230e+02  2.6255090144e+02  3.4862391053e+02  4.4699169005e+02  5.5765460645e+02
     1.400  1.7442797206e+01  4.4374353155e+01  8.4666990325e+01  1.3837047614e+02  2.0549260787e+02  2.8603587033e+02  3.8000131424e+02  4.8738943882e+02  6.0820050290e+02
     1.450  1.8492578251e+01  4.7721630660e+01  9.1497382758e+01  1.4985115915e+02  2.2278832226e+02  3.1031066068e+02  4.1241890939e+02  5.2911341012e+02  6.6039433810e+02
     1.500  1.9596010897e+01  5.1205019935e+01  9.8575484799e+01  1.6172683185e+02  2.4066268650e+02  3.3538424966e+02  4.4589200313e+02  5.7218616821e+02  7.1426685772e+02
     1.550  2.0751358435e+01  5.4820666866e+01  1.0589898123e+02  1.7399772926e+02  2.5911916551e+02  3.6126402059e+02  4.8043258278e+02  6.1662498353e+02  7.6984128955e+02
     1.600  2.1957115261e+01  5.8566120903e+01  1.1346666986e+02  1.8666451857e+02  2.7816083100e+02  3.8795597593e+02  5.1605009704e+02  6.6244325945e+02  8.2713549607e+02
     1.650  2.3212045391e+01  6.2439802976e+01  1.2127792933e+02  1.9972799569e+02  2.9779031876e+02  4.1546499636e+02  5.5275206582e+02  7.0965154383e+02  8.8616343877e+02
     1.700  2.4515173636e+01  6.6440670189e+01  1.2933245327e+02  2.1318895804e+02  3.1800986345e+02  4.4379506939e+02  5.9054453640e+02  7.5825824645e+02  9.4693619033e+02
     1.750  2.5865750910e+01  7.0568014176e+01  1.3763011166e+02  2.2704815257e+02  3.3882135354e+02  4.7294947433e+02  6.2943242162e+02  8.0827015311e+02  1.0094626474e+03
     1.800  2.7263210592e+01  7.4821341085e+01  1.4617087508e+02  2.4130625743e+02  3.6022638651e+02  5.0293092756e+02  6.6941975127e+02  8.5969279919e+02  1.0737500418e+03
     1.850  2.8707126433e+01  7.9200299110e+01  1.5495477157e+02  2.5596387872e+02  3.8222631776e+02  5.3374169550e+02  7.1050986062e+02  9.1253074485e+02  1.1398043138e+03
     1.900  3.0197176968e+01  8.3704633418e+01  1.6398186139e+02  2.7102155399e+02  4.0482230200e+02  5.6538368247e+02  7.5270553307e+02  9.6678778069e+02  1.2076303885e+03
     1.950  3.1733117720e+01  8.8334157159e+01  1.7325222192e+02  2.8647975836e+02  4.2801532744e+02  5.9785849929e+02  7.9600910931e+02  1.0224670835e+03  1.2772323844e+03
     2.000  3.3314760548e+01  9.3088732179e+01  1.8276593857e+02  3.0233891136e+02  4.5180624372e+02  6.3116751713e+02  8.4042257162e+02  1.0795713353e+03  1.3486137721e+03
     2.050  3.4941958733e+01  9.7968255834e+01  1.9252309918e+02  3.1859938366e+02  4.7619578483e+02  6.6531191011e+02  8.8594760975e+02  1.1381028165e+03  1.4217774966e+03
     2.100  3.6614596355e+01  1.0297265175e+02  2.0252379079e+02  3.3526150325e+02  5.0118458770e+02  7.0029268926e+02  9.3258567275e+02  1.1980634776e+03  1.4967260733e+03
     2.150  3.8332580729e+01  1.0810186321e+02  2.1276809764e+02  3.5232556094e+02  5.2677320754e+02  7.3611072966e+02  9.8033801025e+02  1.2594549969e+03  1.5734616632e+03
     2.200  4.0095836979e+01  1.1335584838e+02  2.2325610012e+02  3.6979181518e+02  5.5296213034e+02  7.7276679246e+02  1.0292057055e+03  1.3222788263e+03  1.6519861334e+03
     2.250  4.1904304093e+01  1.1873457673e+02  2.3398787423e+02  3.8766049623e+02  5.7975178323e+02  8.1026154275e+02  1.0791897019e+03  1.3865362280e+03  1.7323011049e+03
     2.300  4.3757931995e+01  1.2423802647e+02  2.4496349137e+02  4.0593180981e+02  6.0714254308e+02  8.4859556414e+02  1.1302908250e+03  1.4522283044e+03  1.8144079915e+03
     2.350  4.5656679352e+01  1.2986618246e+02  2.5618301833e+02  4.2460594016e+02  6.3513474362e+02  8.8776937087e+02  1.1825098003e+03  1.5193560224e+03  1.8983080324e+03
     2.400  4.7600511885e+01  1.3561903481e+02  2.6764651745e+02  4.4368305277e+02  6.6372868143e+02  9.2778341774e+02  1.2358472676e+03  1.5879202336e+03  1.9840023173e+03
     2.450  4.9589401063e+01  1.4149657761e+02  2.7935404681e+02  4.6316329661e+02  6.9292462092e+02  9.6863810844e+02  1.2903037933e+03  1.6579216909e+03  2.0714918090e+03
     2.500  5.1623323075e+01  1.4749880811e+02  2.9130566049e+02  4.8304680619e+02  7.2272279859e+02  1.0103338025e+03  1.3458798809e+03  1.7293610621e+03  2.1607773604e+03
     2.550  5.3702258010e+01  1.5362572599e+02  3.0350140880e+02  5.0333370318e+02  7.5312342659e+02  1.0528708211e+03  1.4025759791e+03  1.8022389419e+03  2.2518597304e+03
     2.600  5.5826189197e+01  1.5987733280e+02  3.1594133856e+02  5.2402409800e+02  7.8412669580e+02  1.0962494522e+03  1.4603924891e+03  1.8765558611e+03  2.3447395959e+03
     2.650  5.7995102678e+01  1.6625363155e+02  3.2862549335e+02  5.4511809099e+02  8.1573277840e+02  1.1404699544e+03  1.5193297707e+03  1.9523122953e+03  2.4394175624e+03
     2.700  6.0208986766e+01  1.7275462638e+02  3.4155391378e+02  5.6661577362e+02  8.4794183011e+02  1.1855325609e+03  1.5793881476e+03  2.0295086715e+03  2.5358941735e+03
     2.750  6.2467831691e+01  1.7938032224e+02  3.5472663766e+02  5.8851722939e+02  8.8075399212e+02  1.2314374824e+03  1.6405679116e+03  2.1081453744e+03  2.6341699183e+03
     2.800  6.4771629305e+01  1.8613072475e+02  3.6814370028e+02  6.1082253471e+02  9.1416939276e+02  1.2781849096e+03  1.7028693264e+03  2.1882227512e+03  2.7342452381e+03
     2.850  6.7120372833e+01  1.9300583996e+02  3.8180513459e+02  6.3353175966e+02  9.4818814889e+02  1.3257750158e+03  1.7662926311e+03  2.2697411162e+03  2.8361205317e+03
     2.900  6.9514056672e+01  2.0000567426e+02  3.9571097134e+02  6.5664496858e+02  9.8281036721e+02  1.3742079585e+03  1.8308380428e+03  2.3527007545e+03  2.9397961609e+03
     2.950  7.1952676215e+01  2.0713023424e+02  4.0986123931e+02  6.8016222072e+02  1.0180361453e+03  1.4234838816e+03  1.8965057591e+03  2.4371019253e+03  3.0452724541e+03
     3.000  7.4436227705e+01  2.1413504804e+02  4.2425596544e+02  7.0328420616e+02  1.0538655726e+03  1.4719315985e+03  1.9632959602e+03  2.5200845217e+03  3.1525497104e+03
     3.050  7.6964708117e+01  2.2175355827e+02  4.3889517497e+02  7.2840906892e+02  1.0902987312e+03  1.5245651827e+03  2.0312088108e+03  2.6102297884e+03  3.2616282026e+03
     3.100  7.9538115049e+01  2.2925233590e+02  4.5377889156e+02  7.5313876206e+02  1.1273356966e+03  1.5763707913e+03  2.1002444617e+03  2.6989568935e+03  3.3725081800e+03
     3.150  8.2156446635e+01  2.3687586630e+02  4.6890713743e+02  7.7827269335e+02  1.1649765385e+03  1.6290198433e+03  2.1704030512e+03  2.7891263605e+03  3.4851898709e+03
     3.200  8.4819701469e+01  2.4462415616e+02  4.8427993346e+02  8.0381090289e+02  1.2032213212e+03  1.6825124319e+03  2.2416847064e+03  2.8807383554e+03  3.5996734846e+03
     3.250  8.7527878539e+01  2.5249721209e+02  4.9989729928e+02  8.2975342797e+02  1.2420701039e+03  1.7368486432e+03  2.3140895444e+03  2.9737930306e+03  3.7159592136e+03
     3.300  9.0280977174e+01  2.6049504055e+02  5.1575925339e+02  8.5610030326e+02  1.2815229418e+03  1.7920285565e+03  2.3876176731e+03  3.0682905265e+03  3.8340472347e+03
     3.350  9.3078996993e+01  2.6861764789e+02  5.3186581320e+02  8.8285156110e+02  1.3215798858e+03  1.8480522453e+03  2.4622691919e+03  3.1642309726e+03  3.9539377113e+03
     3.400  9.5921937864e+01  2.7686504031e+02  5.4821699513e+02  9.1000723166e+02  1.3622409833e+03  1.9049197775e+03  2.5380441931e+03  3.2616144886e+03  4.0756307939e+03
     3.450  9.8809799869e+01  2.8523722387e+02  5.6481281471e+02  9.3756734310e+02  1.4035062782e+03  1.9626312163e+03  2.6149427619e+03  3.3604411852e+03  4.1991266218e+03
     3.500  1.0174258327e+02  2.9373420446e+02  5.8165328657e+02  9.6553192179e+02  1.4453758118e+03  2.0211866202e+03  2.6929649774e+03  3.4607111648e+03  4.3244253239e+03
     3.550  1.0472028850e+02  3.0235598780e+02  5.9873842457e+02  9.9390099243e+02  1.4878496220e+03  2.0805860438e+03  2.7721109130e+03  3.5624245227e+03  4.4515270197e+03
     3.600  1.0774291611e+02  3.1110257946e+02  6.1606824183e+02  1.0226745782e+03  1.5309277448e+03  2.1408295377e+03  2.8523806371e+03  3.6655813471e+03  4.5804318200e+03
     3.650  1.1081046675e+02  3.1997398486e+02  6.3364275075e+02  1.0518527007e+03  1.5746102133e+03  2.2019171493e+03  2.9337742133e+03  3.7701817202e+03  4.7111398281e+03
     3.700  1.1392294121e+02  3.2897020924e+02  6.5146196311e+02  1.0814353805e+03  1.6188970589e+03  2.2638489227e+03  3.0162917007e+03  3.8762257186e+03  4.8436511397e+03
     3.750  1.1708034031e+02  3.3809125767e+02  6.6952589007e+02  1.1114226367e+03  1.6637883107e+03  2.3266248992e+03  3.0999331547e+03  3.9837134135e+03  4.9779658444e+03
     3.800  1.2028266497e+02  3.4733713510e+02  6.8783454223e+02  1.1418144875e+03  1.7092839962e+03  2.3902451173e+03  3.1846986269e+03  4.0926448715e+03  5.1140840253e+03
     3.850  1.2352991615e+02  3.5670784627e+02  7.0638792966e+02  1.1726109498e+03  1.7553841411e+03  2.4547096134e+03  3.2705881656e+03  4.2030201549e+03  5.2520057602e+03
     3.900  1.2682209486e+02  3.6620339582e+02  7.2518606191e+02  1.2038120398e+03  1.8020887696e+03  2.5200184211e+03  3.3576018161e+03  4.3148393217e+03  5.3917311221e+03
     3.950  1.3015920215e+02  3.7582378822e+02  7.4422894811e+02  1.2354177726e+03  1.8493979044e+03  2.5861715725e+03  3.4457396208e+03  4.4281024265e+03  5.5332601788e+03
     4.000  1.3354123908e+02  3.8556902779e+02  7.6351659691e+02  1.2674281626e+03  1.8973115671e+03  2.6531690973e+03  3.5350016193e+03  4.5428095202e+03  5.6765929941e+03
     4.050  1.3696820676e+02  3.9543911871e+02  7.8304901657e+02  1.2998432234e+03  1.9458297776e+03  2.7210110236e+03  3.6253878491e+03  4.6589606508e+03  5.8217296277e+03
     4.100  1.4044010629e+02  4.0543406504e+02  8.0282621495e+02  1.3326629677e+03  1.9949525552e+03  2.7896973780e+03  3.7168983452e+03  4.7765558632e+03  5.9686701357e+03
     4.150  1.4395693880e+02  4.1555387069e+02  8.2284819956e+02  1.3658874079e+03  2.0446799176e+03  2.8592281852e+03  3.8095331407e+03  4.8955951997e+03  6.1174145708e+03
     4.200  1.4751870541e+02  4.2579853945e+02  8.4311497755e+02  1.3995165553e+03  2.0950118821e+03  2.9296034689e+03  3.9032922666e+03  5.0160787000e+03  6.2679629825e+03
     4.250  1.5112540726e+02  4.3616807498e+02  8.6362655577e+02  1.4335504210e+03  2.1459484645e+03  3.0008232511e+03  3.9981757522e+03  5.1380064016e+03  6.4203154172e+03
     4.300  1.5477704547e+02  4.4666248084e+02  8.8438294075e+02  1.4679890153e+03  2.1974896801e+03  3.0728875529e+03  4.0941836251e+03  5.2613783397e+03  6.5744719190e+03
     4.350  1.5847362117e+02  4.5728176044e+02  9.0538413874e+02  1.5028323483e+03  2.2496355433e+03  3.1457963939e+03  4.1913159114e+03  5.3861945475e+03  6.7304325290e+03
     4.400  1.6221513548e+02  4.6802591711e+02  9.2663015570e+02  1.5380804291e+03  2.3023860676e+03  3.2195497930e+03  4.2895726357e+03  5.5124550565e+03  6.8881972863e+03
     4.450  1.6600158952e+02  4.7889495405e+02  9.4812099735e+02  1.5737332668e+03  2.3557412662e+03  3.2941477677e+03  4.3889538214e+03  5.6401598962e+03  7.0477662277e+03
     4.500  1.6983298439e+02  4.8988887437e+02  9.6985666916e+02  1.6097908700e+03  2.4097011512e+03  3.3695903350e+03  4.4894594903e+03  5.7693090948e+03  7.2091393880e+03
     4.550  1.7370932117e+02  5.0100768107e+02  9.9183717638e+02  1.6462532466e+03  2.4642657342e+03  3.4458775107e+03  4.5910896635e+03  5.8999026787e+03  7.3723167999e+03
     4.600  1.7763060095e+02  5.1225137707e+02  1.0140625240e+03  1.6831204045e+03  2.5194350265e+03  3.5230093099e+03  4.6938443607e+03  6.0319406729e+03  7.5372984946e+03
     4.650  1.8159682480e+02  5.2361996517e+02  1.0365327169e+03  1.7203923510e+03  2.5752090385e+03  3.6009857470e+03  4.7977236005e+03  6.1654231013e+03  7.7040845015e+03
     4.700  1.8560799375e+02  5.3511344810e+02  1.0592477597e+03  1.7580690932e+03  2.6315877802e+03  3.6798068355e+03  4.9027274008e+03  6.3003499864e+03  7.8726748485e+03
     4.750  1.8966410885e+02  5.4673182849e+02  1.0822076568e+03  1.7961506378e+03  2.6885712613e+03  3.7594725884e+03  5.0088557784e+03  6.4367213496e+03  8.0430695619e+03
     4.800  1.9376517112e+02  5.5847510890e+02  1.1054124125e+03  1.8346369912e+03  2.7461594908e+03  3.8399830179e+03  5.1161087494e+03  6.5745372111e+03  8.2152686669e+03
     4.850  1.9791118155e+02  5.7034329180e+02  1.1288620308e+03  1.8735281596e+03  2.8043524774e+03  3.9213381359e+03  5.2244863290e+03  6.7137975902e+03  8.3892721873e+03
     4.900  2.0210214113e+02  5.8233637959e+02  1.1525565158e+03  1.9128241488e+03  2.8631502293e+03  4.0035379534e+03  5.3339885317e+03  6.8545025052e+03  8.5650801455e+03
     4.950  2.0633805083e+02  5.9445437458e+02  1.1764958711e+03  1.9525249646e+03  2.9225527546e+03  4.0865824811e+03  5.4446153712e+03  6.9966519735e+03  8.7426925632e+03
     5.000  2.1061891160e+02  6.0669727902e+02  1.2006801004e+03  1.9926306122e+03  2.9825600608e+03  4.1704717291e+03  5.5563668608e+03  7.1402460117e+03  8.9221094607e+03
     5.050  2.1494472436e+02  6.1906509509e+02  1.2251092073e+03  2.0331410968e+03  3.0431721550e+03  4.2552057071e+03  5.6692430129e+03  7.2852846355e+03  9.1033308573e+03
     5.100  2.1931549005e+02  6.3155782490e+02  1.2497831950e+03  2.0740564235e+03  3.1043890442e+03  4.3407844242e+03  5.7832438394e+03  7.4317678599e+03  9.2863567718e+03
     5.150  2.2373120954e+02  6.4417547050e+02  1.2747020669e+03  2.1153765969e+03  3.1662107349e+03  4.4272078894e+03  5.8983693518e+03  7.5796956993e+03  9.4711872215e+03
     5.200  2.2819188373e+02  6.5691803387e+02  1.2998658261e+03  2.1571016216e+03  3.2286372335e+03  4.5144761110e+03  6.0146195609e+03  7.7290681673e+03  9.6578222233e+03
     5.250  2.3269751347e+02  6.6978551694e+02  1.3252744755e+03  2.1992315020e+03  3.2916685461e+03  4.6025890971e+03  6.1319944770e+03  7.8798852769e+03  9.8462617933e+03
     5.300  2.3724809960e+02  6.8277792156e+02  1.3509280181e+03  2.2417662423e+03  3.3553046784e+03  4.6915468553e+03  6.2504941101e+03  8.0321470405e+03  1.0036505947e+04
     5.350  2.4184364296e+02  6.9589524956e+02  1.3768264567e+03  2.2847058466e+03  3.4195456360e+03  4.7813493930e+03  6.3701184696e+03  8.1858534701e+03  1.0228554698e+04
     5.400  2.4648414436e+02  7.0913750268e+02  1.4029697940e+03  2.3280503186e+03  3.4843914242e+03  4.8719967173e+03  6.4908675646e+03  8.3410045770e+03  1.0422408061e+04
     5.450  2.5116960458e+02  7.2250468262e+02  1.4293580326e+03  2.3717996621e+03  3.5498420481e+03  4.9634888350e+03  6.6127414038e+03  8.4976003719e+03  1.0618066049e+04
     5.500  2.5590002441e+02  7.3599679106e+02  1.4559911750e+03  2.4159538808e+03  3.6158975126e+03  5.0558257524e+03  6.7357399954e+03  8.6556408653e+03  1.0815528675e+04
     5.550  2.6067540460e+02  7.4961382958e+02  1.4828692237e+03  2.4605129781e+03  3.6825578225e+03  5.1490074758e+03  6.8598633473e+03  8.8151260671e+03  1.1014795951e+04
     5.600  2.6549574590e+02  7.6335579974e+02  1.5099921809e+03  2.5054769573e+03  3.7498229823e+03  5.2430340112e+03  6.9851114673e+03  8.9760559868e+03  1.1215867889e+04
     5.650  2.7036104903e+02  7.7722270307e+02  1.5373600491e+03  2.5508458216e+03  3.8176929962e+03  5.3379053642e+03  7.1114843625e+03  9.1384306334e+03  1.1418744499e+04
     5.700  2.7527131472e+02  7.9121454103e+02  1.5649728303e+03  2.5966195741e+03  3.8861678685e+03  5.4336215404e+03  7.2389820400e+03  9.3022500158e+03  1.1623425793e+04
     5.750  2.8022654365e+02  8.0533131504e+02  1.5928305266e+03  2.6427982178e+03  3.9552476033e+03  5.5301825449e+03  7.3676045064e+03  9.4675141422e+03  1.1829911781e+04
     5.800  2.8522673650e+02  8.1957302651e+02  1.6209331403e+03  2.6893817556e+03  4.0249322043e+03  5.6275883829e+03  7.4973517682e+03  9.6342230207e+03  1.2038202472e+04
     5.850  2.9027189395e+02  8.3393967676e+02  1.6492806732e+03  2.7363701901e+03  4.0952216753e+03  5.7258390592e+03  7.6282238317e+03  9.8023766589e+03  1.2248297875e+04
     5.900  2.9536201664e+02  8.4843126712e+02  1.6778731272e+03  2.7837635242e+03  4.1661160199e+03  5.8249345785e+03  7.7602207026e+03  9.9719750642e+03  1.2460198001e+04
     5.950  3.0049710522e+02  8.6304779886e+02  1.7067105042e+03  2.8315617603e+03  4.2376152415e+03  5.9248749452e+03  7.8933423868e+03  1.0143018244e+04  1.2673902856e+04
     6.000  3.0558922184e+02  8.7778927322e+02  1.7353065615e+03  2.8797649010e+03  4.3085161363e+03  6.0256601637e+03  8.0253500689e+03  1.0315506204e+04  1.2885819366e+04
     6.050  3.1090218251e+02  8.9265569140e+02  1.7651200345e+03  2.9283729487e+03  4.3824283290e+03  6.1272902382e+03  8.1629602164e+03  1.0489438952e+04  1.3106726792e+04
     6.100  3.1617217243e+02  9.0764705458e+02  1.7946921912e+03  2.9773859056e+03  4.4557422012e+03  6.2297651727e+03  8.2994563723e+03  1.0664816494e+04  1.3325845887e+04
     6.150  3.2148713065e+02  9.2276336388e+02  1.8245092778e+03  3.0268037741e+03  4.5296609630e+03  6.3330849709e+03  8.4370773621e+03  1.0841638836e+04  1.3546769744e+04
     6.200  3.2684705775e+02  9.3800462043e+02  1.8545712958e+03  3.0766265562e+03  4.6041846174e+03  6.4372496367e+03  8.5758231904e+03  1.1019905983e+04  1.3769498370e+04
     6.250  3.3225195427e+02  9.5337082530e+02  1.8848782469e+03  3.1268542542e+03  4.6793131670e+03  6.5422591736e+03  8.7156938619e+03  1.1199617942e+04  1.3994031771e+04
     6.300  3.3770182077e+02  9.6886197954e+02  1.9154301325e+03  3.1774868700e+03  4.7550466146e+03  6.6481135851e+03  8.8566893809e+03  1.1380774717e+04  1.4220369954e+04
     6.350  3.4319665779e+02  9.8447808418e+02  1.9462269541e+03  3.2285244056e+03  4.8313849628e+03  6.7548128745e+03  8.9988097516e+03  1.1563376315e+04  1.4448512925e+04
     6.400  3.4873646584e+02  1.0002191402e+03  1.9772687131e+03  3.2799668629e+03  4.9083282141e+03  6.8623570450e+03  9.1420549779e+03  1.1747422738e+04  1.4678460691e+04
     6.450  3.5432124544e+02  1.0160851486e+03  2.0085554108e+03  3.3318142437e+03  4.9858763708e+03  6.9707460997e+03  9.2864250639e+03  1.1932913994e+04  1.4910213257e+04
     6.500  3.5995099708e+02  1.0320761103e+03  2.0400870486e+03  3.3840665498e+03  5.0640294354e+03  7.0799800417e+03  9.4319200133e+03  1.2119850086e+04  1.5143770628e+04
     6.550  3.6562572126e+02  1.0481920262e+03  2.0718636277e+03  3.4367237830e+03  5.1427874100e+03  7.1900588737e+03  9.5785398297e+03  1.2308231018e+04  1.5379132811e+04
     6.600  3.7134541846e+02  1.0644328972e+03  2.1038851495e+03  3.4897859449e+03  5.2221502969e+03  7.3009825987e+03  9.7262845166e+03  1.2498056796e+04  1.5616299810e+04
     6.650  3.7711008915e+02  1.0807987242e+03  2.1361516150e+03  3.5432530372e+03  5.3021180982e+03  7.4127512193e+03  9.8751540774e+03  1.2689327422e+04  1.5855271631e+04
     6.700  3.8291973378e+02  1.0972895080e+03  2.1686630256e+03  3.5971250614e+03  5.3826908159e+03  7.5253647381e+03  1.0025148515e+04  1.2882042902e+04  1.6096048278e+04
     6.750  3.8877435280e+02  1.1139052496e+03  2.2014193824e+03  3.6514020190e+03  5.4638684521e+03  7.6388231577e+03  1.0176267834e+04  1.3076203239e+04  1.6338629756e+04
     6.800  3.9467394666e+02  1.1306459495e+03  2.2344206863e+03  3.7060839116e+03  5.5456510086e+03  7.7531264805e+03  1.0328512035e+04  1.3271808437e+04  1.6583016069e+04
     6.850  4.0061851577e+02  1.1475116088e+03  2.2676669387e+03  3.7611707405e+03  5.6280384873e+03  7.8682747088e+03  1.0481881123e+04  1.3468858499e+04  1.6829207222e+04
     6.900  4.0660806057e+02  1.1645022281e+03  2.3011581405e+03  3.8166625071e+03  5.7110308899e+03  7.9842678449e+03  1.0636375100e+04  1.3667353429e+04  1.7077203220e+04
     6.950  4.1264258146e+02  1.1816178082e+03  2.3348942926e+03  3.8725592129e+03  5.7946282184e+03  8.1011058911e+03  1.0791993969e+04  1.3867293231e+04  1.7327004065e+04
     7.000  4.1872207885e+02  1.1988583497e+03  2.3688753963e+03  3.9288608590e+03  5.8788304742e+03  8.2187888495e+03  1.0948737733e+04  1.4068677906e+04  1.7578609763e+04
     7.050  4.2484655314e+02  1.2162238535e+03  2.4031014523e+03  3.9855674469e+03  5.9636376591e+03  8.3373167222e+03  1.1106606394e+04  1.4271507460e+04  1.7832020316e+04
     7.100  4.3101600469e+02  1.2337143203e+03  2.4375724616e+03  4.0426789777e+03  6.0490497747e+03  8.4566895111e+03  1.1265599954e+04  1.4475781894e+04  1.8087235729e+04
     7.150  4.3723043391e+02  1.2513297506e+03  2.4722884253e+03  4.1001954526e+03  6.1350668225e+03  8.5769072183e+03  1.1425718417e+04  1.4681501212e+04  1.8344256004e+04
     7.200  4.4348984115e+02  1.2690701452e+03  2.5072493441e+03  4.1581168728e+03  6.2216888041e+03  8.6979698456e+03  1.1586961783e+04  1.4888665417e+04  1.8603081147e+04
     7.250  4.4979422677e+02  1.2869355047e+03  2.5424552189e+03  4.2164432394e+03  6.3089157207e+03  8.8198773948e+03  1.1749330057e+04  1.5097274511e+04  1.8863711159e+04
     7.300  4.5614359114e+02  1.3049258297e+03  2.5779060506e+03  4.2751745536e+03  6.3967475740e+03  8.9426298677e+03  1.1912823239e+04  1.5307328496e+04  1.9126146044e+04
     7.350  4.6253793459e+02  1.3230411209e+03  2.6136018400e+03  4.3343108164e+03  6.4851843652e+03  9.0662272661e+03  1.2077441333e+04  1.5518827377e+04  1.9390385805e+04
     7.400  4.6897725748e+02  1.3412813788e+03  2.6495425880e+03  4.3938520288e+03  6.5742260957e+03  9.1906695916e+03  1.2243184339e+04  1.5731771154e+04  1.9656430446e+04
     7.450  4.7546156013e+02  1.3596466041e+03  2.6857282952e+03  4.4537981919e+03  6.6638727667e+03  9.3159568458e+03  1.2410052261e+04  1.5946159831e+04  1.9924279968e+04
     7.500  4.8199084286e+02  1.3781367973e+03  2.7221589625e+03  4.5141493067e+03  6.7541243795e+03  9.4420890303e+03  1.2578045099e+04  1.6161993410e+04  2.0193934376e+04
     7.550  4.8856510600e+02  1.3967519589e+03  2.7588345906e+03  4.5749053741e+03  6.8449809354e+03  9.5690661466e+03  1.2747162857e+04  1.6379271893e+04  2.0465393671e+04
     7.600  4.9518434986e+02  1.4154920896e+03  2.7957551803e+03  4.6360663951e+03  6.9364424356e+03  9.6968881963e+03  1.2917405535e+04  1.6597995282e+04  2.0738657856e+04
     7.650  5.0184857475e+02  1.4343571899e+03  2.8329207322e+03  4.6976323705e+03  7.0285088811e+03  9.8255551807e+03  1.3088773135e+04  1.6818163580e+04  2.1013726934e+04
     7.700  5.0855778097e+02  1.4533472602e+03  2.8703312471e+03  4.7596033013e+03  7.1211802731e+03  9.9550671012e+03  1.3261265660e+04  1.7039776788e+04  2.1290600908e+04
     7.750  5.1531196881e+02  1.4724623012e+03  2.9079867256e+03  4.8219791884e+03  7.2144566127e+03  1.0085423959e+04  1.3434883111e+04  1.7262834909e+04  2.1569279779e+04
     7.800  5.2211113855e+02  1.4917023132e+03  2.9458871684e+03  4.8847600324e+03  7.3083379010e+03  1.0216625756e+04  1.3609625489e+04  1.7487337945e+04  2.1849763550e+04
     7.850  5.2895529049e+02  1.5110672968e+03  2.9840325761e+03  4.9479458344e+03  7.4028241389e+03  1.0348672493e+04  1.3785492796e+04  1.7713285897e+04  2.2132052224e+04
     7.900  5.3584442490e+02  1.5305572525e+03  3.0224229494e+03  5.0115365951e+03  7.4979153276e+03  1.0481564171e+04  1.3962485033e+04  1.7940678768e+04  2.2416145802e+04
     7.950  5.4277854205e+02  1.5501721807e+03  3.0610582888e+03  5.0755323152e+03  7.5936114679e+03  1.0615300792e+04  1.4140602203e+04  1.8169516558e+04  2.2702044287e+04
     8.000  5.4975764220e+02  1.5699120818e+03  3.0999385950e+03  5.1399329955e+03  7.6899125608e+03  1.0749882357e+04  1.4319844306e+04  1.8399799271e+04  2.2989747681e+04
     8.050  5.5678172562e+02  1.5897769565e+03  3.1390638685e+03  5.2047386369e+03  7.7868186073e+03  1.0885308866e+04  1.4500211345e+04  1.8631526907e+04  2.3279255986e+04
     8.100  5.6385079257e+02  1.6097668049e+03  3.1784341100e+03  5.2699492399e+03  7.8843296082e+03  1.1021580322e+04  1.4681703319e+04  1.8864699468e+04  2.3570569203e+04
     8.150  5.7096484328e+02  1.6298816277e+03  3.2180493199e+03  5.3355648052e+03  7.9824455645e+03  1.1158696724e+04  1.4864320231e+04  1.9099316956e+04  2.3863687336e+04
     8.200  5.7812387802e+02  1.6501214252e+03  3.2579094989e+03  5.4015853337e+03  8.0811664769e+03  1.1296658075e+04  1.5048062082e+04  1.9335379372e+04  2.4158610384e+04
     8.250  5.8532789701e+02  1.6704861978e+03  3.2980146474e+03  5.4680108259e+03  8.1804923464e+03  1.1435464375e+04  1.5232928873e+04  1.9572886718e+04  2.4455338352e+04
     8.300  5.9257690050e+02  1.6909759459e+03  3.3383647660e+03  5.5348412825e+03  8.2804231737e+03  1.1575115625e+04  1.5418920605e+04  1.9811838996e+04  2.4753871239e+04
     8.350  5.9987088871e+02  1.7115906700e+03  3.3789598551e+03  5.6020767042e+03  8.3809589597e+03  1.1715611826e+04  1.5606037280e+04  2.0052236206e+04  2.5054209048e+04
     8.400  6.0720986188e+02  1.7323303703e+03  3.4197999153e+03  5.6697170915e+03  8.4820997050e+03  1.1856952980e+04  1.5794278899e+04  2.0294078351e+04  2.5356351780e+04
     8.450  6.1459382023e+02  1.7531950473e+03  3.4608849471e+03  5.7377624451e+03  8.5838454105e+03  1.1999139086e+04  1.5983645462e+04  2.0537365431e+04  2.5660299438e+04
     8.500  6.2202276397e+02  1.7741847014e+03  3.5022149510e+03  5.8062127655e+03  8.6861960769e+03  1.2142170146e+04  1.6174136972e+04  2.0782097447e+04  2.5966052022e+04
     8.550  6.2949669332e+02  1.7952993328e+03  3.5437899273e+03  5.8750680534e+03  8.7891517049e+03  1.2286046162e+04  1.6365753428e+04  2.1028274402e+04  2.6273609534e+04
     8.600  6.3701560849e+02  1.8165389420e+03  3.5856098766e+03  5.9443283093e+03  8.8927122952e+03  1.2430767132e+04  1.6558494833e+04  2.1275896296e+04  2.6582971976e+04
     8.650  6.4457950969e+02  1.8379035293e+03  3.6276747992e+03  6.0139935337e+03  8.9968778485e+03  1.2576333060e+04  1.6752361186e+04  2.1524963131e+04  2.6894139349e+04
     8.700  6.5218839711e+02  1.8593930951e+03  3.6699846957e+03  6.0840637273e+03  9.1016483655e+03  1.2722743944e+04  1.6947352490e+04  2.1775474908e+04  2.7207111655e+04
     8.750  6.5984227096e+02  1.8810076396e+03  3.7125395665e+03  6.1545388905e+03  9.2070238468e+03  1.2869999787e+04  1.7143468744e+04  2.2027431627e+04  2.7521888894e+04
     8.800  6.6754113144e+02  1.9027471632e+03  3.7553394119e+03  6.2254190238e+03  9.3130042930e+03  1.3018100589e+04  1.7340709951e+04  2.2280833291e+04  2.7838471069e+04
     8.850  6.7528497872e+02  1.9246116662e+03  3.7983842324e+03  6.2967041278e+03  9.4195897047e+03  1.3167046350e+04  1.7539076110e+04  2.2535679900e+04  2.8156858179e+04
     8.900  6.8307381301e+02  1.9466011489e+03  3.8416740283e+03  6.3683942029e+03  9.5267800827e+03  1.3316837072e+04  1.7738567223e+04  2.2791971454e+04  2.8477050228e+04
     8.950  6.9090763448e+02  1.9687156117e+03  3.8852088001e+03  6.4404892496e+03  9.6345754274e+03  1.3467472755e+04  1.7939183290e+04  2.3049707956e+04  2.8799047215e+04
     9.000  6.9878644332e+02  1.9909550548e+03  3.9289885482e+03  6.5129892684e+03  9.7429757394e+03  1.3618953399e+04  1.8140924313e+04  2.3308889407e+04  2.9122849143e+04
     9.050  7.0671023970e+02  2.0133194785e+03  3.9730132729e+03  6.5858942598e+03  9.8519810193e+03  1.3771279006e+04  1.8343790293e+04  2.3569515806e+04  2.9448456012e+04
     9.100  7.1467902379e+02  2.0358088832e+03  4.0172829745e+03  6.6592042242e+03  9.9615912677e+03  1.3924449577e+04  1.8547781229e+04  2.3831587156e+04  2.9775867824e+04
     9.150  7.2269279578e+02  2.0584232690e+03  4.0617976535e+03  6.7329191620e+03  1.0071806485e+04  1.4078465111e+04  1.8752897123e+04  2.4095103456e+04  3.0105084578e+04
     9.200  7.3075155582e+02  2.0811626363e+03  4.1065573102e+03  6.8070390737e+03  1.0182626672e+04  1.4233325609e+04  1.8959137976e+04  2.4360064709e+04  3.0436106278e+04
     9.250  7.3885530409e+02  2.1040269853e+03  4.1515619448e+03  6.8815639597e+03  1.0294051829e+04  1.4389031073e+04  1.9166503788e+04  2.4626470915e+04  3.0768932923e+04
     9.300  7.4700404073e+02  2.1270163163e+03  4.1968115579e+03  6.9564938204e+03  1.0406081956e+04  1.4545581502e+04  1.9374994561e+04  2.4894322074e+04  3.1103564515e+04
     9.350  7.5519776592e+02  2.1501306296e+03  4.2423061497e+03  7.0318286562e+03  1.0518717055e+04  1.4702976897e+04  1.9584610294e+04  2.5163618188e+04  3.1440001055e+04
     9.400  7.6343647981e+02  2.1733699255e+03  4.2880457204e+03  7.1075684675e+03  1.0631957125e+04  1.4861217260e+04  1.9795350989e+04  2.5434359258e+04  3.1778242543e+04
     9.450  7.7172018256e+02  2.1967342041e+03  4.3340302705e+03  7.1837132547e+03  1.0745802167e+04  1.5020302590e+04  2.0007216645e+04  2.5706545284e+04  3.2118288981e+04
     9.500  7.8004887430e+02  2.2202234657e+03  4.3802598003e+03  7.2602630182e+03  1.0860252181e+04  1.5180232888e+04  2.0220207265e+04  2.5980176267e+04  3.2460140370e+04
     9.550  7.8842255520e+02  2.2438377105e+03  4.4267343099e+03  7.3372177583e+03  1.0975307168e+04  1.5341008154e+04  2.0434322849e+04  2.6255252207e+04  3.2803796710e+04
     9.600  7.9684122539e+02  2.2675769389e+03  4.4734537999e+03  7.4145774754e+03  1.1090967129e+04  1.5502628389e+04  2.0649563396e+04  2.6531773107e+04  3.3149258002e+04
     9.650  8.0530488502e+02  2.2914411510e+03  4.5204182703e+03  7.4923421698e+03  1.1207232063e+04  1.5665093594e+04  2.0865928908e+04  2.6809738965e+04  3.3496524248e+04
     9.700  8.1381353423e+02  2.3154303471e+03  4.5676277216e+03  7.5705118420e+03  1.1324101971e+04  1.5828403769e+04  2.1083419386e+04  2.7089149784e+04  3.3845595447e+04
     9.750  8.2236717316e+02  2.3395445273e+03  4.6150821540e+03  7.6490864922e+03  1.1441576854e+04  1.5992558915e+04  2.1302034829e+04  2.7370005563e+04  3.4196471602e+04
     9.800  8.3096580195e+02  2.3637836919e+03  4.6627815677e+03  7.7280661208e+03  1.1559656712e+04  1.6157559031e+04  2.1521775239e+04  2.7652306304e+04  3.4549152712e+04
     9.850  8.3960942072e+02  2.3881478412e+03  4.7107259631e+03  7.8074507281e+03  1.1678341546e+04  1.6323404120e+04  2.1742640617e+04  2.7936052007e+04  3.4903638779e+04
     9.900  8.4829802961e+02  2.4126369753e+03  4.7589153404e+03  7.8872403144e+03  1.1797631355e+04  1.6490094180e+04  2.1964630961e+04  2.8221242673e+04  3.5259929803e+04
     9.950  8.5703162875e+02  2.4372510944e+03  4.8073496998e+03  7.9674348801e+03  1.1917526140e+04  1.6657629212e+04  2.2187746274e+04  2.8507878302e+04  3.5618025785e+04
    10.000  8.6581021826e+02  2.4617418339e+03  4.8560290417e+03  8.0472274663e+03  1.2038025902e+04  1.6824324467e+04  2.2411986556e+04  2.8793077155e+04  3.5977926725e+04
    10.050  8.7463379827e+02  2.4868542886e+03  4.9049533662e+03  8.1290389507e+03  1.2159130641e+04  1.6995234197e+04  2.2637351807e+04  2.9085484453e+04  3.6339632625e+04
    10.100  8.8350236889e+02  2.5118433640e+03  4.9541226737e+03  8.2104484562e+03  1.2280840357e+04  1.7165304149e+04  2.2863842028e+04  2.9376454975e+04  3.6703143486e+04
    10.150  8.9241593026e+02  2.5369574253e+03  5.0035369643e+03  8.2922629422e+03  1.2403155050e+04  1.7336219076e+04  2.3091457219e+04  2.9668870464e+04  3.7068459307e+04
    10.200  9.0137448249e+02  2.5621964726e+03  5.0531962383e+03  8.3744824091e+03  1.2526074722e+04  1.7507978977e+04  2.3320197381e+04  2.9962730919e+04  3.7435580089e+04
    10.250  9.1037802570e+02  2.5875605061e+03  5.1031004959e+03  8.4571068570e+03  1.2649599371e+04  1.7680583853e+04  2.3550062513e+04  3.0258036341e+04  3.7804505834e+04
    10.300  9.1942655999e+02  2.6130495260e+03  5.1532497373e+03  8.5401362864e+03  1.2773728999e+04  1.7854033705e+04  2.3781052618e+04  3.0554786731e+04  3.8175236541e+04
    10.350  9.2852008548e+02  2.6386635324e+03  5.2036439628e+03  8.6235706973e+03  1.2898463607e+04  1.8028328532e+04  2.4013167695e+04  3.0852982088e+04  3.8547772212e+04
    10.400  9.3765860229e+02  2.6644025256e+03  5.2542831727e+03  8.7074100902e+03  1.3023803193e+04  1.8203468336e+04  2.4246407744e+04  3.1152622414e+04  3.8922112847e+04
    10.450  9.4684211052e+02  2.6902665058e+03  5.3051673670e+03  8.7916544652e+03  1.3149747759e+04  1.8379453116e+04  2.4480772766e+04  3.1453707709e+04  3.9298258446e+04
    10.500  9.5607061028e+02  2.7162554730e+03  5.3562965460e+03  8.8763038226e+03  1.3276297304e+04  1.8556282872e+04  2.4716262762e+04  3.1756237974e+04  3.9676209011e+04
    10.550  9.6534410167e+02  2.7423694275e+03  5.4076707099e+03  8.9613581627e+03  1.3403451830e+04  1.8733957606e+04  2.4952877731e+04  3.2060213209e+04  4.0055964542e+04
    10.600  9.7466258480e+02  2.7686083694e+03  5.4592898590e+03  9.0468174857e+03  1.3531211336e+04  1.8912477318e+04  2.5190617675e+04  3.2365633414e+04  4.0437525039e+04
    10.650  9.8402605976e+02  2.7949722989e+03  5.5111539934e+03  9.1326817918e+03  1.3659575823e+04  1.9091842007e+04  2.5429482594e+04  3.2672498590e+04  4.0820890503e+04
    10.700  9.9343452667e+02  2.8214612161e+03  5.5632631132e+03  9.2189510813e+03  1.3788545291e+04  1.9272051675e+04  2.5669472487e+04  3.2980808738e+04  4.1206060934e+04
    10.750  1.0028879856e+03  2.8480751213e+03  5.6156172189e+03  9.3056253545e+03  1.3918119740e+04  1.9453106321e+04  2.5910587356e+04  3.3290563857e+04  4.1593036333e+04
    10.800  1.0123864367e+03  2.8748140145e+03  5.6682163104e+03  9.3927046114e+03  1.4048299171e+04  1.9635005946e+04  2.6152827200e+04  3.3601763949e+04  4.1981816701e+04
    10.850  1.0219298800e+03  2.9016778959e+03  5.7210603879e+03  9.4801888524e+03  1.4179083583e+04  1.9817750550e+04  2.6396192021e+04  3.3914409013e+04  4.2372402037e+04
    10.900  1.0315183156e+03  2.9286667657e+03  5.7741494518e+03  9.5680780777e+03  1.4310472978e+04  2.0001340134e+04  2.6640681818e+04  3.4228499051e+04  4.2764792343e+04
    10.950  1.0411517437e+03  2.9557806239e+03  5.8274835021e+03  9.6563722874e+03  1.4442467355e+04  2.0185774697e+04  2.6886296593e+04  3.4544034063e+04  4.3158987619e+04
    11.000  1.0508301642e+03  2.9830194709e+03  5.8810625390e+03  9.7450714818e+03  1.4575066714e+04  2.0371054240e+04  2.7133036344e+04  3.4861014048e+04  4.3554987866e+04
    11.050  1.0605535774e+03  3.0103833066e+03  5.9348865627e+03  9.8341756612e+03  1.4708271056e+04  2.0557178764e+04  2.7380901073e+04  3.5179439008e+04  4.3952793083e+04
    11.100  1.0703219832e+03  3.0378721312e+03  5.9889555734e+03  9.9236848256e+03  1.4842080381e+04  2.0744148268e+04  2.7629890780e+04  3.5499308942e+04  4.4352403272e+04
    11.150  1.0801353818e+03  3.0654859449e+03  6.0432695712e+03  1.0013598975e+04  1.4976494689e+04  2.0931962754e+04  2.7880005465e+04  3.5820623852e+04  4.4753818432e+04
    11.200  1.0899937733e+03  3.0932247478e+03  6.0978285563e+03  1.0103918111e+04  1.5111513981e+04  2.1120622220e+04  2.8131245129e+04  3.6143383738e+04  4.5157038565e+04
    11.250  1.0998971577e+03  3.1210885401e+03  6.1526325289e+03  1.0194642231e+04  1.5247138257e+04  2.1310126668e+04  2.8383609771e+04  3.6467588599e+04  4.5562063670e+04
    11.300  1.1098455351e+03  3.1490773218e+03  6.2076814891e+03  1.0285771338e+04  1.5383367516e+04  2.1500476098e+04  2.8637099393e+04  3.6793238437e+04  4.5968893748e+04
    11.350  1.1198389057e+03  3.1771910931e+03  6.2629754370e+03  1.0377305431e+04  1.5520201760e+04  2.1691670509e+04  2.8891713994e+04  3.7120333251e+04  4.6377528800e+04
    11.400  1.1298772694e+03  3.2054298541e+03  6.3185143729e+03  1.0469244510e+04  1.5657640988e+04  2.1883709903e+04  2.9147453575e+04  3.7448873042e+04  4.6787968825e+04
    11.450  1.1399606264e+03  3.2337936049e+03  6.3742982968e+03  1.0561588576e+04  1.5795685200e+04  2.2076594280e+04  2.9404318136e+04  3.7778857810e+04  4.7200213825e+04
    11.500  1.1500889767e+03  3.2622823457e+03  6.4303272090e+03  1.0654337628e+04  1.5934334398e+04  2.2270323639e+04  2.9662307677e+04  3.8110287557e+04  4.7614263800e+04
    11.550  1.1602623205e+03  3.2908960766e+03  6.4866011095e+03  1.0747491667e+04  1.6073588580e+04  2.2464897980e+04  2.9921422199e+04  3.8443162281e+04  4.8030118749e+04
    11.600  1.1704806577e+03  3.3196347977e+03  6.5431199986e+03  1.0841050692e+04  1.6213447748e+04  2.2660317306e+04  3.0181661702e+04  3.8777481983e+04  4.8447778674e+04
    11.650  1.1807439885e+03  3.3484985091e+03  6.5998838763e+03  1.0935014705e+04  1.6353911900e+04  2.2856581614e+04  3.0443026186e+04  3.9113246664e+04  4.8867243575e+04
    11.700  1.1910523130e+03  3.3774872110e+03  6.6568927428e+03  1.1029383706e+04  1.6494981039e+04  2.3053690906e+04  3.0705515651e+04  3.9450456324e+04  4.9288513451e+04
    11.750  1.2014056312e+03  3.4066009034e+03  6.7141465983e+03  1.1124157693e+04  1.6636655163e+04  2.3251645182e+04  3.0969130098e+04  3.9789110963e+04  4.9711588305e+04
    11.800  1.2118039431e+03  3.4358395864e+03  6.7716454428e+03  1.1219336668e+04  1.6778934273e+04  2.3450444442e+04  3.1233869528e+04  4.0129210582e+04  5.0136468135e+04
    11.850  1.2222472489e+03  3.4652032602e+03  6.8293892765e+03  1.1314920631e+04  1.6921818370e+04  2.3650088687e+04  3.1499733938e+04  4.0470755180e+04  5.0563152942e+04
    11.900  1.2327355487e+03  3.4946919249e+03  6.8873780995e+03  1.1410909582e+04  1.7065307452e+04  2.3850577916e+04  3.1766723332e+04  4.0813744759e+04  5.0991642727e+04
    11.950  1.2432688424e+03  3.5243055806e+03  6.9456119120e+03  1.1507303521e+04  1.7209401522e+04  2.4051912129e+04  3.2034837708e+04  4.1158179318e+04  5.1421937489e+04
    12.000  1.2538471302e+03  3.5540442273e+03  7.0040907141e+03  1.1604102448e+04  1.7354100577e+04  2.4254091328e+04  3.2304077067e+04  4.1504058857e+04  5.1854037230e+04
    12.050  1.2644704121e+03  3.5839078653e+03  7.0628145059e+03  1.1701306363e+04  1.7499404620e+04  2.4457115511e+04  3.2574441410e+04  4.1851383378e+04  5.2287941949e+04
    12.100  1.2751386882e+03  3.6138964945e+03  7.1217832875e+03  1.1798915267e+04  1.7645313650e+04  2.4660984680e+04  3.2845930736e+04  4.2200152879e+04  5.2723651647e+04
    12.150  1.2858519586e+03  3.6440101151e+03  7.1809970590e+03  1.1896929160e+04  1.7791827666e+04  2.4865698835e+04  3.3118545045e+04  4.2550367362e+04  5.3161166323e+04
    12.200  1.2966102233e+03  3.6742487272e+03  7.2404558206e+03  1.1995348041e+04  1.7938946670e+04  2.5071257975e+04  3.3392284338e+04  4.2902026827e+04  5.3600485979e+04
    12.250  1.3074134823e+03  3.7046123308e+03  7.3001595724e+03  1.2094171911e+04  1.8086670662e+04  2.5277662101e+04  3.3667148615e+04  4.3255131274e+04  5.4041610614e+04
    12.300  1.3182617358e+03  3.7351009262e+03  7.3601083145e+03  1.2193400770e+04  1.8234999641e+04  2.5484911213e+04  3.3943137876e+04  4.3609680703e+04  5.4484540230e+04
    12.350  1.3291549838e+03  3.7657145133e+03  7.4203020470e+03  1.2293034619e+04  1.8383933608e+04  2.5693005311e+04  3.4220252122e+04  4.3965675114e+04  5.4929274826e+04
    12.400  1.3400932264e+03  3.7964530923e+03  7.4807407700e+03  1.2393073456e+04  1.8533472563e+04  2.5901944396e+04  3.4498491352e+04  4.4323114508e+04  5.5375814402e+04
    12.450  1.3510764636e+03  3.8273166632e+03  7.5414244837e+03  1.2493517283e+04  1.8683616506e+04  2.6111728467e+04  3.4777855567e+04  4.4681998885e+04  5.5824158959e+04
    12.500  1.3621046954e+03  3.8583052262e+03  7.6023531880e+03  1.2594366100e+04  1.8834365437e+04  2.6322357525e+04  3.5058344768e+04  4.5042328245e+04  5.6274308497e+04
    12.550  1.3731779220e+03  3.8894187813e+03  7.6635268833e+03  1.2695619906e+04  1.8985719357e+04  2.6533831570e+04  3.5339958954e+04  4.5404102588e+04  5.6726263017e+04
    12.600  1.3842961434e+03  3.9206573286e+03  7.7249455695e+03  1.2797278702e+04  1.9137678265e+04  2.6746150602e+04  3.5622698124e+04  4.5767321915e+04  5.7180022515e+04
    12.650  1.3954593597e+03  3.9520208683e+03  7.7866092467e+03  1.2899342488e+04  1.9290242162e+04  2.6959314621e+04  3.5906562281e+04  4.6131986226e+04  5.7635587000e+04
    12.700  1.4066675708e+03  3.9835094003e+03  7.8485179151e+03  1.3001811264e+04  1.9443411048e+04  2.7173323627e+04  3.6191551424e+04  4.6498095521e+04  5.8092956466e+04
    12.750  1.4179207769e+03  4.0151229248e+03  7.9106715746e+03  1.3104685031e+04  1.9597184922e+04  2.7388177622e+04  3.6477665553e+04  4.6865649800e+04  5.8552130910e+04
    12.800  1.4292189780e+03  4.0468614418e+03  7.9730702257e+03  1.3207963787e+04  1.9751563786e+04  2.7603876604e+04  3.6764904667e+04  4.7234649063e+04  5.9013110337e+04
    12.850  1.4405621741e+03  4.0787249515e+03  8.0357138681e+03  1.3311647534e+04  1.9906547639e+04  2.7820420573e+04  3.7053268768e+04  4.7605093311e+04  5.9475894750e+04
    12.900  1.4519503654e+03  4.1107134539e+03  8.0986025020e+03  1.3415736271e+04  2.0062136481e+04  2.8037809531e+04  3.7342757855e+04  4.7976982544e+04  5.9940484145e+04
    12.950  1.4633835518e+03  4.1428269490e+03  8.1617361276e+03  1.3520229999e+04  2.0218330313e+04  2.8256043477e+04  3.7633371929e+04  4.8350316762e+04  6.0406878523e+04
    13.000  1.4748617335e+03  4.1750654371e+03  8.2251147450e+03  1.3625128717e+04  2.0375129134e+04  2.8475122411e+04  3.7925110990e+04  4.8725095964e+04  6.0875077884e+04
    13.050  1.4863849104e+03  4.2074289181e+03  8.2887383541e+03  1.3730432427e+04  2.0532532945e+04  2.8695046334e+04  3.8217975039e+04  4.9101320153e+04  6.1345082230e+04
    13.100  1.4979530826e+03  4.2399173921e+03  8.3526069551e+03  1.3836141127e+04  2.0690541746e+04  2.8915815245e+04  3.8511964073e+04  4.9478989327e+04  6.1816891556e+04
    13.150  1.5095662502e+03  4.2725308592e+03  8.4167205481e+03  1.3942254818e+04  2.0849155536e+04  2.9137429145e+04  3.8807078096e+04  4.9858103486e+04  6.2290505869e+04
    13.200  1.5212244132e+03  4.3052693195e+03  8.4810791333e+03  1.4048773501e+04  2.1008374317e+04  2.9359888034e+04  3.9103317105e+04  5.0238662632e+04  6.2765925168e+04
    13.250  1.5329275716e+03  4.3381327730e+03  8.5456827106e+03  1.4155697174e+04  2.1168198088e+04  2.9583191912e+04  3.9400681103e+04  5.0620666764e+04  6.3243149448e+04
    13.300  1.5446757256e+03  4.3711212199e+03  8.6105312802e+03  1.4263025839e+04  2.1328626849e+04  2.9807340778e+04  3.9699170089e+04  5.1004115882e+04  6.3722178712e+04
    13.350  1.5564688751e+03  4.4042346601e+03  8.6756248420e+03  1.4370759496e+04  2.1489660601e+04  3.0032334635e+04  3.9998784061e+04  5.1389009987e+04  6.4203012963e+04
    13.400  1.5683070201e+03  4.4374730937e+03  8.7409633963e+03  1.4478898143e+04  2.1651299343e+04  3.0258173480e+04  4.0299523024e+04  5.1775349077e+04  6.4685652197e+04
    13.450  1.5801901609e+03  4.4708365209e+03  8.8065469432e+03  1.4587441783e+04  2.1813543076e+04  3.0484857315e+04  4.0601386974e+04  5.2163133156e+04  6.5170096419e+04
    13.500  1.5921182973e+03  4.5043249417e+03  8.8723754826e+03  1.4696390414e+04  2.1976391799e+04  3.0712386140e+04  4.0904375911e+04  5.2552362221e+04  6.5656345629e+04
    13.550  1.6040914294e+03  4.5379383561e+03  8.9384490146e+03  1.4805744037e+04  2.2139845513e+04  3.0940759955e+04  4.1208489839e+04  5.2943036274e+04  6.6144399820e+04
    13.600  1.6161095573e+03  4.5716767642e+03  9.0047675393e+03  1.4915502651e+04  2.2303904218e+04  3.1169978759e+04  4.1513728753e+04  5.3335155313e+04  6.6634258997e+04
    13.650  1.6281726810e+03  4.6055401662e+03  9.0713310570e+03  1.5025666258e+04  2.2468567915e+04  3.1400042553e+04  4.1820092656e+04  5.3728719339e+04  6.7125923158e+04
    13.700  1.6402808005e+03  4.6395285619e+03  9.1381395675e+03  1.5136234857e+04  2.2633836602e+04  3.1630951337e+04  4.2127581551e+04  5.4123728354e+04  6.7619392312e+04
    13.750  1.6524339160e+03  4.6736419516e+03  9.2051930709e+03  1.5247208448e+04  2.2799710281e+04  3.1862705112e+04  4.2436195433e+04  5.4520182356e+04  6.8114666448e+04
    13.800  1.6646320273e+03  4.7078803352e+03  9.2724915674e+03  1.5358587031e+04  2.2966188950e+04  3.2095303876e+04  4.2745934303e+04  5.4918081346e+04  6.8611745568e+04
    13.850  1.6768751347e+03  4.7422437129e+03  9.3400350571e+03  1.5470370606e+04  2.3133272611e+04  3.2328747632e+04  4.3056798162e+04  5.5317425324e+04  6.9110629677e+04
    13.900  1.6891632380e+03  4.7767320847e+03  9.4078235398e+03  1.5582559174e+04  2.3300961264e+04  3.2563036378e+04  4.3368787013e+04  5.5718214290e+04  6.9611318773e+04
    13.950  1.7014963374e+03  4.8113454506e+03  9.4758570158e+03  1.5695152734e+04  2.3469254908e+04  3.2798170114e+04  4.3681900851e+04  5.6120448244e+04  7.0113812847e+04
    14.000  1.7138744329e+03  4.8460838107e+03  9.5441354853e+03  1.5808151287e+04  2.3638153545e+04  3.3034148841e+04  4.3996139681e+04  5.6524127188e+04  7.0618111925e+04
    14.050  1.7262975246e+03  4.8809471651e+03  9.6126589480e+03  1.5921554832e+04  2.3807657173e+04  3.3270972560e+04  4.4311503500e+04  5.6929251119e+04  7.1124215981e+04
    14.100  1.7387656123e+03  4.9159355138e+03  9.6814274040e+03  1.6035363370e+04  2.3977765793e+04  3.3508641268e+04  4.4627992311e+04  5.7335820039e+04  7.1632125021e+04
    14.150  1.7512786963e+03  4.9510488569e+03  9.7504408539e+03  1.6149576901e+04  2.4148479404e+04  3.3747154969e+04  4.4945606106e+04  5.7743833948e+04  7.2141839054e+04
    14.200  1.7638367766e+03  4.9862871945e+03  9.8196992972e+03  1.6264195425e+04  2.4319798007e+04  3.3986513660e+04  4.5264344892e+04  5.8153292846e+04  7.2653358075e+04
    14.250  1.7764398531e+03  5.0216505265e+03  9.8892027342e+03  1.6379218942e+04  2.4491721604e+04  3.4226717342e+04  4.5584208677e+04  5.8564196734e+04  7.3166682082e+04
    14.300  1.7890879259e+03  5.0571388531e+03  9.9589511649e+03  1.6494647451e+04  2.4664250193e+04  3.4467766016e+04  4.5905197443e+04  5.8976545610e+04  7.3681811076e+04
    14.350  1.8017809950e+03  5.0927521742e+03  1.0028944589e+04  1.6610480954e+04  2.4837383772e+04  3.4709659681e+04  4.6227311202e+04  5.9390339476e+04  7.4198745072e+04
    14.400  1.8145190605e+03  5.1284904901e+03  1.0099183008e+04  1.6726719450e+04  2.5011122345e+04  3.4952398338e+04  4.6550549956e+04  5.9805578331e+04  7.4717484031e+04
    14.450  1.8273021225e+03  5.1643538006e+03  1.0169666420e+04  1.6843362939e+04  2.5185465912e+04  3.5195981986e+04  4.6874913700e+04  6.0222262176e+04  7.5238027989e+04
    14.500  1.8401301809e+03  5.2003421059e+03  1.0240394826e+04  1.6960411421e+04  2.5360414468e+04  3.5440410627e+04  4.7200402431e+04  6.0640391011e+04  7.5760376934e+04
    14.550  1.8530032357e+03  5.2364554060e+03  1.0311368226e+04  1.7077864897e+04  2.5535968020e+04  3.5685684259e+04  4.7527016153e+04  6.1059964835e+04  7.6284530874e+04
    14.600  1.8659212871e+03  5.2726937009e+03  1.0382586620e+04  1.7195723366e+04  2.5712126563e+04  3.5931802882e+04  4.7854754865e+04  6.1480983649e+04  7.6810489794e+04
    14.650  1.8788843351e+03  5.3090569907e+03  1.0454050009e+04  1.7313986828e+04  2.5888890101e+04  3.6178766498e+04  4.8183618585e+04  6.1903447454e+04  7.7338253738e+04
    14.700  1.8918923796e+03  5.3455452755e+03  1.0525758392e+04  1.7432655285e+04  2.6066258629e+04  3.6426575106e+04  4.8513607263e+04  6.2327356248e+04  7.7867822617e+04
    14.750  1.9049454207e+03  5.3821585553e+03  1.0597711768e+04  1.7551728734e+04  2.6244232147e+04  3.6675228706e+04  4.8844720941e+04  6.2752710033e+04  7.8399196508e+04
    14.800  1.9180434584e+03  5.4188968302e+03  1.0669910140e+04  1.7671207178e+04  2.6422810669e+04  3.6924727299e+04  4.9176959632e+04  6.3179508807e+04  7.8932375386e+04
    14.850  1.9311864929e+03  5.4557601001e+03  1.0742353506e+04  1.7791090615e+04  2.6601994173e+04  3.7175070883e+04  4.9510323314e+04  6.3607752574e+04  7.9467359278e+04
    14.900  1.9443745240e+03  5.4927483652e+03  1.0815041865e+04  1.7911379046e+04  2.6781782667e+04  3.7426259461e+04  4.9844811960e+04  6.4037441331e+04  8.0004148048e+04
    14.950  1.9576075520e+03  5.5298616255e+03  1.0887975224e+04  1.8032072471e+04  2.6962176170e+04  3.7678293030e+04  5.0180425587e+04  6.4468575078e+04  8.0542741920e+04
    15.000  1.9707963961e+03  5.5670998810e+03  1.0960665066e+04  1.8153170889e+04  2.7141967357e+04  3.7931171592e+04  5.0514918632e+04  6.4901153816e+04  8.1079537480e+04
    15.050  1.9842085980e+03  5.6044631318e+03  1.1034576912e+04  1.8274674302e+04  2.7324778141e+04  3.8184895146e+04  5.0855027877e+04  6.5335177544e+04  8.1625344750e+04
    15.100  1.9975766163e+03  5.6419513779e+03  1.1108245250e+04  1.8396582709e+04  2.7506986621e+04  3.8439463693e+04  5.1194016552e+04  6.5770646263e+04  8.2169353488e+04
    15.150  2.0109896313e+03  5.6795646194e+03  1.1182158582e+04  1.8518896110e+04  2.7689800076e+04  3.8694877234e+04  5.1534130135e+04  6.6207559974e+04  8.2715167289e+04
    15.200  2.0244476433e+03  5.7173028563e+03  1.1256316911e+04  1.8641614505e+04  2.7873218540e+04  3.8951135767e+04  5.1875368773e+04  6.6645918677e+04  8.3262786104e+04
    15.250  2.0379506522e+03  5.7551660886e+03  1.1330720234e+04  1.8764737894e+04  2.8057241994e+04  3.9208239293e+04  5.2217732378e+04  6.7085722370e+04  8.3812209852e+04
    15.300  2.0514986580e+03  5.7931543165e+03  1.1405368551e+04  1.8888266277e+04  2.8241870440e+04  3.9466187812e+04  5.2561220964e+04  6.7526971055e+04  8.4363438670e+04
    15.350  2.0650916608e+03  5.8312675398e+03  1.1480261862e+04  1.9012199655e+04  2.8427103885e+04  3.9724981324e+04  5.2905834565e+04  6.7969664732e+04  8.4916472437e+04
    15.400  2.0787296606e+03  5.8695057588e+03  1.1555400170e+04  1.9136538028e+04  2.8612942322e+04  3.9984619829e+04  5.3251573131e+04  6.8413803399e+04  8.5471311196e+04
    15.450  2.0924126574e+03  5.9078689733e+03  1.1630783472e+04  1.9261281394e+04  2.8799385750e+04  4.0245103327e+04  5.3598436717e+04  6.8859387058e+04  8.6027954961e+04
    15.500  2.1061406512e+03  5.9463571835e+03  1.1706411769e+04  1.9386429755e+04  2.8986434175e+04  4.0506431819e+04  5.3946425275e+04  6.9306415711e+04  8.6586403690e+04
    15.550  2.1199136421e+03  5.9849703894e+03  1.1782285061e+04  1.9511983111e+04  2.9174087593e+04  4.0768605304e+04  5.4295538842e+04  6.9754889353e+04  8.7146657447e+04
    15.600  2.1337316301e+03  6.0237085911e+03  1.1858403348e+04  1.9637941461e+04  2.9362346001e+04  4.1031623783e+04  5.4645777387e+04  7.0204807989e+04  8.7708716158e+04
    15.650  2.1475946153e+03  6.0625717885e+03  1.1934766631e+04  1.9764304806e+04  2.9551209409e+04  4.1295487255e+04  5.4997140938e+04  7.0656171615e+04  8.8272579872e+04
    15.700  2.1615025975e+03  6.1015599817e+03  1.2011374908e+04  1.9891073146e+04  2.9740677809e+04  4.1560195721e+04  5.5349629474e+04  7.1108980236e+04  8.8838248592e+04
    15.750  2.1754555770e+03  6.1406731708e+03  1.2088228180e+04  2.0018246480e+04  2.9930751201e+04  4.1825749180e+04  5.5703243001e+04  7.1563233847e+04  8.9405722289e+04
    15.800  2.1894535536e+03  6.1799113558e+03  1.2165326449e+04  2.0145824809e+04  3.0121429593e+04  4.2092147632e+04  5.6057981526e+04  7.2018932450e+04  8.9975000979e+04
    15.850  2.2034965275e+03  6.2192745367e+03  1.2242669713e+04  2.0273808134e+04  3.0312712976e+04  4.2359391079e+04  5.6413845041e+04  7.2476076046e+04  9.0546084663e+04
    15.900  2.2175844986e+03  6.2587627135e+03  1.2320257972e+04  2.0402196452e+04  3.0504601352e+04  4.2627479520e+04  5.6770833556e+04  7.2934664635e+04  9.1118973349e+04
    15.950  2.2317174670e+03  6.2983758864e+03  1.2398091226e+04  2.0530989766e+04  3.0697094725e+04  4.2896412954e+04  5.7128947061e+04  7.3394698215e+04  9.1693666998e+04
    16.000  2.2458954326e+03  6.3381140553e+03  1.2476169476e+04  2.0660188075e+04  3.0890193090e+04  4.3166191381e+04  5.7488185555e+04  7.3856176787e+04  9.2270165670e+04
    16.050  2.2601183956e+03  6.3779772202e+03  1.2554492721e+04  2.0789791379e+04  3.1083896452e+04  4.3436814804e+04  5.7848549049e+04  7.4319100354e+04  9.2848469313e+04
    16.100  2.2743863559e+03  6.4179653812e+03  1.2633060962e+04  2.0919799678e+04  3.1278204807e+04  4.3708283221e+04  5.8210037531e+04  7.4783468912e+04  9.3428577958e+04
    16.150  2.2886993136e+03  6.4580785384e+03  1.2711874198e+04  2.1050212972e+04  3.1473118158e+04  4.3980596630e+04  5.8572651011e+04  7.5249282466e+04  9.4010491592e+04
    16.200  2.3030572687e+03  6.4983166918e+03  1.2790932430e+04  2.1181031261e+04  3.1668636503e+04  4.4253755034e+04  5.8936389480e+04  7.5716541008e+04  9.4594210221e+04
    16.250  2.3174602212e+03  6.5386798413e+03  1.2870235658e+04  2.1312254546e+04  3.1864759842e+04  4.4527758433e+04  5.9301252941e+04  7.6185244549e+04  9.5179733836e+04
    16.300  2.3319081711e+03  6.5791679871e+03  1.2949783881e+04  2.1443882825e+04  3.2061488177e+04  4.4802606826e+04  5.9667241399e+04  7.6655393077e+04  9.5767062439e+04
    16.350  2.3464011184e+03  6.6197811291e+03  1.3029577100e+04  2.1575916100e+04  3.2258821506e+04  4.5078300214e+04  6.0034354852e+04  7.7126986602e+04  9.6356196050e+04
    16.400  2.3609390633e+03  6.6605192675e+03  1.3109615315e+04  2.1708354371e+04  3.2456759830e+04  4.5354838595e+04  6.0402593295e+04  7.7600025116e+04  9.6947134636e+04
    16.450  2.3755220056e+03  6.7013824022e+03  1.3189898526e+04  2.1841197636e+04  3.2655303148e+04  4.5632221971e+04  6.0771956737e+04  7.8074508626e+04  9.7539878235e+04
    16.500  2.3901499454e+03  6.7423705332e+03  1.3270426732e+04  2.1974445898e+04  3.2854451462e+04  4.5910450342e+04  6.1142445173e+04  7.8550437132e+04  9.8134426810e+04
    16.550  2.4048228828e+03  6.7834836606e+03  1.3351199934e+04  2.2108099154e+04  3.3054204772e+04  4.6189523707e+04  6.1514058597e+04  7.9027810627e+04  9.8730780388e+04
    16.600  2.4195408177e+03  6.8247217844e+03  1.3432218133e+04  2.2242157406e+04  3.3254563074e+04  4.6469442067e+04  6.1886797018e+04  7.9506629116e+04  9.9328938948e+04
    16.650  2.4343037502e+03  6.8660849047e+03  1.3513481327e+04  2.2376620654e+04  3.3455526374e+04  4.6750205421e+04  6.2260660433e+04  7.9986892602e+04  9.9928902510e+04
    16.700  2.4491116803e+03  6.9075730215e+03  1.3594989517e+04  2.2511488897e+04  3.3657094669e+04  4.7031813770e+04  6.2635648847e+04  8.0468601077e+04  1.0053067107e+05
    16.750  2.4639646080e+03  6.9491861349e+03  1.3676742704e+04  2.2646762136e+04  3.3859267957e+04  4.7314267113e+04  6.3011762249e+04  8.0951754547e+04  1.0113424461e+05
    16.800  2.4788625334e+03  6.9909242447e+03  1.3758740887e+04  2.2782440371e+04  3.4062046243e+04  4.7597565451e+04  6.3389000647e+04  8.1436353012e+04  1.0173962315e+05
    16.850  2.4938054564e+03  7.0327873511e+03  1.3840984065e+04  2.2918523601e+04  3.4265429523e+04  4.7881708785e+04  6.3767364041e+04  8.1922396471e+04  1.0234680668e+05
    16.900  2.5087933770e+03  7.0747754542e+03  1.3923472239e+04  2.3055011827e+04  3.4469417798e+04  4.8166697114e+04  6.4146852426e+04  8.2409884922e+04  1.0295579520e+05
    16.950  2.5238262954e+03  7.1168885538e+03  1.4006205410e+04  2.3191905049e+04  3.4674011068e+04  4.8452530437e+04  6.4527465806e+04  8.2898818370e+04  1.0356658872e+05
    17.000  2.5389042115e+03  7.1591266501e+03  1.4089183577e+04  2.3329203266e+04  3.4879209334e+04  4.8739208755e+04  6.4909204184e+04  8.3389196808e+04  1.0417918723e+05
    17.050  2.5540271253e+03  7.2014897431e+03  1.4172406740e+04  2.3466906480e+04  3.5085012597e+04  4.9026732068e+04  6.5292067552e+04  8.3881020242e+04  1.0479359073e+05
    17.100  2.5691950369e+03  7.2439778329e+03  1.4255874900e+04  2.3605014689e+04  3.5291420854e+04  4.9315100376e+04  6.5676055918e+04  8.4374288668e+04  1.0540979923e+05
    17.150  2.5844079462e+03  7.2865909194e+03  1.4339588056e+04  2.3743527894e+04  3.5498434105e+04  4.9604313678e+04  6.6061169278e+04  8.4869002090e+04  1.0602781272e+05
    17.200  2.5996658533e+03  7.3293290026e+03  1.4423546207e+04  2.3882446095e+04  3.5706052353e+04  4.9894371978e+04  6.6447407629e+04  8.5365160508e+04  1.0664763120e+05
    17.250  2.6149687582e+03  7.3721920826e+03  1.4507749356e+04  2.4021769293e+04  3.5914275598e+04  5.0185275272e+04  6.6834770981e+04  8.5862763918e+04  1.0726925468e+05
    17.300  2.6303166610e+03  7.4151801594e+03  1.4592197501e+04  2.4161497486e+04  3.6123103839e+04  5.0477023560e+04  6.7223259323e+04  8.6361812321e+04  1.0789268315e+05
    17.350  2.6457095615e+03  7.4582932331e+03  1.4676890642e+04  2.4301630675e+04  3.6332537072e+04  5.0769616845e+04  6.7612872662e+04  8.6862305721e+04  1.0851791662e+05
    17.400  2.6611474600e+03  7.5015313037e+03  1.4761828780e+04  2.4442168860e+04  3.6542575303e+04  5.1063055123e+04  6.8003610995e+04  8.7364244111e+04  1.0914495508e+05
    17.450  2.6766303563e+03  7.5448943712e+03  1.4847011914e+04  2.4583112042e+04  3.6753218529e+04  5.1357338399e+04  6.8395474322e+04  8.7867627502e+04  1.0977379853e+05
    17.500  2.6921582505e+03  7.5883824356e+03  1.4932440045e+04  2.4724460220e+04  3.6964466753e+04  5.1652466669e+04  6.8788462644e+04  8.8372455881e+04  1.1040444698e+05
    17.550  2.7077311426e+03  7.6319954970e+03  1.5018113172e+04  2.4866213394e+04  3.7176319971e+04  5.1948439933e+04  6.9182575966e+04  8.8878729255e+04  1.1103690041e+05
    17.600  2.7233490326e+03  7.6757335552e+03  1.5104031295e+04  2.5008371564e+04  3.7388778185e+04  5.2245258197e+04  6.9577814276e+04  8.9386447632e+04  1.1167115885e+05
    17.650  2.7390119206e+03  7.7195966105e+03  1.5190194416e+04  2.5150934730e+04  3.7601841396e+04  5.2542921452e+04  6.9974177584e+04  8.9895610994e+04  1.1230722228e+05
    17.700  2.7547198065e+03  7.7635846629e+03  1.5276602533e+04  2.5293902892e+04  3.7815509601e+04  5.2841429705e+04  7.0371665888e+04  9.0406219354e+04  1.1294509070e+05
    17.750  2.7704726904e+03  7.8076977122e+03  1.5363255646e+04  2.5437276052e+04  3.8029782803e+04  5.3140782953e+04  7.0770279190e+04  9.0918272710e+04  1.1358476413e+05
    17.800  2.7862705723e+03  7.8519357587e+03  1.5450153757e+04  2.5581054206e+04  3.8244661002e+04  5.3440981196e+04  7.1170017481e+04  9.1431771055e+04  1.1422624254e+05
    17.850  2.8021134522e+03  7.8962988022e+03  1.5537296863e+04  2.5725237358e+04  3.8460144195e+04  5.3742024435e+04  7.1570880770e+04  9.1946714399e+04  1.1486952594e+05
    17.900  2.8180013301e+03  7.9407868429e+03  1.5624684967e+04  2.5869825506e+04  3.8676232386e+04  5.4043912672e+04  7.1972869055e+04  9.2463102740e+04  1.1551461435e+05
    17.950  2.8339342061e+03  7.9853998806e+03  1.5712318068e+04  2.6014818651e+04  3.8892925572e+04  5.4346645901e+04  7.2375982336e+04  9.2980936077e+04  1.1616150775e+05
    18.000  2.8499120800e+03  8.0301379156e+03  1.5800196165e+04  2.6160216792e+04  3.9110223754e+04  5.4650224130e+04  7.2780220607e+04  9.3500214407e+04  1.1681020613e+05
    18.050  2.8659349521e+03  8.0750009477e+03  1.5888319259e+04  2.6306019929e+04  3.9328126933e+04  5.4954647351e+04  7.3185583881e+04  9.4020937727e+04  1.1746070951e+05
    18.100  2.8820028223e+03  8.1199889770e+03  1.5976687350e+04  2.6452228063e+04  3.9546635108e+04  5.5259915569e+04  7.3592072146e+04  9.4543106050e+04  1.1811301788e+05
    18.150  2.8981156905e+03  8.1651020037e+03  1.6065300437e+04  2.6598841194e+04  3.9765748278e+04  5.5566028784e+04  7.3999685406e+04  9.5066719364e+04  1.1876713125e+05
    18.200  2.9142735568e+03  8.2103400276e+03  1.6154158522e+04  2.6745859321e+04  3.9985466447e+04  5.5872986992e+04  7.4408423664e+04  9.5591777674e+04  1.1942304963e+05
    18.250  2.9304764213e+03  8.2557030486e+03  1.6243261603e+04  2.6893282445e+04  4.0205789609e+04  5.6180790199e+04  7.4818286917e+04  9.6118280972e+04  1.2008077299e+05
    18.300  2.9467242839e+03  8.3011910669e+03  1.6332609682e+04  2.7041110565e+04  4.0426717769e+04  5.6489438401e+04  7.5229275169e+04  9.6646229278e+04  1.2074030135e+05
    18.350  2.9630171447e+03  8.3468040827e+03  1.6422202757e+04  2.7189343682e+04  4.0648250926e+04  5.6798931601e+04  7.5641388410e+04  9.7175622576e+04  1.2140163470e+05
    18.400  2.9793550036e+03  8.3925420957e+03  1.6512040829e+04  2.7337981796e+04  4.0870389079e+04  5.7109269794e+04  7.6054626647e+04  9.7706460865e+04  1.2206477304e+05
    18.450  2.9957378607e+03  8.4384051061e+03  1.6602123899e+04  2.7487024907e+04  4.1093132228e+04  5.7420452983e+04  7.6468989886e+04  9.8238744141e+04  1.2272971639e+05
    18.500  3.0121657160e+03  8.4843931138e+03  1.6692451965e+04  2.7636473013e+04  4.1316480374e+04  5.7732481168e+04  7.6884478119e+04  9.8772472423e+04  1.2339646472e+05
    18.550  3.0286385695e+03  8.5305061190e+03  1.6783025029e+04  2.7786326118e+04  4.1540433516e+04  5.8045354354e+04  7.7301091342e+04  9.9307645706e+04  1.2406501805e+05
    18.600  3.0451564212e+03  8.5767441216e+03  1.6873843089e+04  2.7936584218e+04  4.1764991654e+04  5.8359072531e+04  7.7718829566e+04  9.9844263973e+04  1.2473537638e+05
    18.650  3.0617192712e+03  8.6231071216e+03  1.6964906146e+04  2.8087247315e+04  4.1990154789e+04  5.8673635707e+04  7.8137692785e+04  1.0038232725e+05  1.2540753970e+05
    18.700  3.0783271194e+03  8.6695951191e+03  1.7056214201e+04  2.8238315411e+04  4.2215922922e+04  5.8989043880e+04  7.8557680999e+04  1.0092183551e+05  1.2608150801e+05
    18.750  3.0949799659e+03  8.7162081141e+03  1.7147767253e+04  2.8389788502e+04  4.2442296050e+04  5.9305297045e+04  7.8978794212e+04  1.0146278876e+05  1.2675728133e+05
    18.800  3.1116778106e+03  8.7629461064e+03  1.7239565302e+04  2.8541666590e+04  4.2669274175e+04  5.9622395211e+04  7.9401032418e+04  1.0200518702e+05  1.2743485963e+05
    18.850  3.1284206537e+03  8.8098090964e+03  1.7331608348e+04  2.8693949675e+04  4.2896857297e+04  5.9940338369e+04  7.9824395620e+04  1.0254903029e+05  1.2811424294e+05
    18.900  3.1452084950e+03  8.8567970838e+03  1.7423896392e+04  2.8846637757e+04  4.3125045415e+04  6.0259126525e+04  8.0248883817e+04  1.0309431852e+05  1.2879543123e+05
    18.950  3.1620413346e+03  8.9039100688e+03  1.7516429432e+04  2.8999730836e+04  4.3353838530e+04  6.0578759678e+04  8.0674497016e+04  1.0364105175e+05  1.2947842452e+05
    19.000  3.1789191726e+03  8.9511480514e+03  1.7609207470e+04  2.9153228913e+04  4.3583236642e+04  6.0899237833e+04  8.1101235206e+04  1.0418922999e+05  1.3016322281e+05
    19.050  3.1958420089e+03  8.9985110317e+03  1.7702230505e+04  2.9307131985e+04  4.3813239750e+04  6.1220560971e+04  8.1529098394e+04  1.0473885323e+05  1.3084982610e+05
    19.100  3.2128098436e+03  9.0459990095e+03  1.7795498538e+04  2.9461440055e+04  4.4043847857e+04  6.1542729120e+04  8.1958086580e+04  1.0528992146e+05  1.3153823438e+05
    19.150  3.2298226766e+03  9.0936119849e+03  1.7889011567e+04  2.9616153122e+04  4.4275060958e+04  6.1865742255e+04  8.2388199756e+04  1.0584243468e+05  1.3222844765e+05
    19.200  3.2468805080e+03  9.1413499578e+03  1.7982769594e+04  2.9771271186e+04  4.4506879057e+04  6.2189600387e+04  8.2819437928e+04  1.0639639288e+05  1.3292046592e+05
    19.250  3.2639833377e+03  9.1892129287e+03  1.8076772619e+04  2.9926794249e+04  4.4739302152e+04  6.2514303523e+04  8.3251801105e+04  1.0695179612e+05  1.3361428919e+05
    19.300  3.2811311659e+03  9.2372008969e+03  1.8171020640e+04  3.0082722306e+04  4.4972330246e+04  6.2839851652e+04  8.3685289276e+04  1.0750864433e+05  1.3430991745e+05
    19.350  3.2983239925e+03  9.2853138631e+03  1.8265513660e+04  3.0239055362e+04  4.5205963335e+04  6.3166244776e+04  8.4119902437e+04  1.0806693753e+05  1.3500735070e+05
    19.400  3.3155618175e+03  9.3335518267e+03  1.8360251676e+04  3.0395793414e+04  4.5440201421e+04  6.3493482899e+04  8.4555640598e+04  1.0862667574e+05  1.3570658896e+05
    19.450  3.3328446409e+03  9.3819147883e+03  1.8455234690e+04  3.0552936466e+04  4.5675044506e+04  6.3821566020e+04  8.4992503757e+04  1.0918785894e+05  1.3640763222e+05
    19.500  3.3501724628e+03  9.4304027475e+03  1.8550462701e+04  3.0710484512e+04  4.5910492584e+04  6.4150494135e+04  8.5430491906e+04  1.0975048714e+05  1.3711048044e+05
    19.550  3.3675452831e+03  9.4790157045e+03  1.8645935710e+04  3.0868437556e+04  4.6146545663e+04  6.4480267243e+04  8.5869605059e+04  1.1031456034e+05  1.3781513368e+05
    19.600  3.3849631019e+03  9.5277536592e+03  1.8741653717e+04  3.1026795597e+04  4.6383203738e+04  6.4810885359e+04  8.6309843209e+04  1.1088007853e+05  1.3852159193e+05
    19.650  3.4024259192e+03  9.5766166119e+03  1.8837616721e+04  3.1185558636e+04  4.6620466808e+04  6.5142348459e+04  8.6751206349e+04  1.1144704169e+05  1.3922985514e+05
    19.700  3.4199337350e+03  9.6256045622e+03  1.8933824722e+04  3.1344726672e+04  4.6858334878e+04  6.5474656559e+04  8.7193694495e+04  1.1201544989e+05  1.3993992339e+05
    19.750  3.4374865492e+03  9.6747175104e+03  1.9030277721e+04  3.1504299707e+04  4.7096807942e+04  6.5807809670e+04  8.7637307628e+04  1.1258530305e+05  1.4065179661e+05
    19.800  3.4550843620e+03  9.7239554566e+03  1.9126975718e+04  3.1664277737e+04  4.7335886007e+04  6.6141807764e+04  8.8082045760e+04  1.1315660125e+05  1.4136547483e+05
    19.850  3.4727271732e+03  9.7733184006e+03  1.9223918712e+04  3.1824660764e+04  4.7575569067e+04  6.6476650855e+04  8.8527908888e+04  1.1372934441e+05  1.4208095804e+05
    19.900  3.4904149831e+03  9.8228063421e+03  1.9321106704e+04  3.1985448792e+04  4.7815857124e+04  6.6812338948e+04  8.8974897019e+04  1.1430353257e+05  1.4279824625e+05
    19.950  3.5081477914e+03  9.8724192819e+03  1.9418539693e+04  3.2146641815e+04  4.8056750178e+04  6.7148872032e+04  8.9423010142e+04  1.1487916573e+05  1.4351733946e+05
    20.000  3.5259255983e+03  9.9221572193e+03  1.9516217680e+04  3.2308239833e+04  4.8298248229e+04  6.7486250113e+04  8.9872248260e+04  1.1545624390e+05  1.4423823766e+05
