 #   eta         4                 5                 6                 7                 8                 9                10
     0.000  2.0000000000e+01  3.0000000000e+01  4.2000000000e+01  5.6000000000e+01  7.2000000000e+01  9.0000000000e+01  1.1000000000e+02
     0.050  2.0206501898e+01  3.0218432453e+01  4.2233123673e+01  5.6250444178e+01  7.2270337125e+01  9.0292774576e+01  1.1031774146e+02
     0.100  2.0426575953e+01  3.0475230391e+01  4.2534643043e+01  5.6604461791e+01  7.2684530548e+01  9.0774771586e+01  1.1087514266e+02
     0.150  2.0661109547e+01  3.0772833254e+01  4.2908263938e+01  5.7066961285e+01  7.3248718127e+01  9.1453427954e+01  1.1168103175e+02
     0.200  2.0911036934e+01  3.1113954227e+01  4.3358405495e+01  5.7644146125e+01  7.3971032406e+01  9.2338982254e+01  1.1274794740e+02
     0.250  2.1177339351e+01  3.1501609318e+01  4.3890296794e+01  5.8343694412e+01  7.4861873737e+01  9.3444851042e+01  1.1409262806e+02
     0.300  2.1461044462e+01  3.1939147404e+01  4.4510087024e+01  5.9174978732e+01  7.5934261077e+01  9.4788128999e+01  1.1573667879e+02
     0.350  2.1763225022e+01  3.2430280396e+01  4.5224969790e+01  6.0149333112e+01  7.7204277735e+01  9.6390243686e+01  1.1770746255e+02
     0.400  2.2084996572e+01  3.2979112234e+01  4.6043321094e+01  6.1280373893e+01  7.8691632756e+01  9.8277805008e+01  1.2003927991e+02
     0.450  2.2427514007e+01  3.3590164817e+01  4.6974848754e+01  6.2584379949e+01  8.0420361418e+01  1.0048370014e+02  1.2277492317e+02
     0.500  2.2791966864e+01  3.4268398243e+01  4.8030748124e+01  6.4080733976e+01  8.2419688744e+01  1.0304849547e+02  1.2596771761e+02
     0.550  2.3179573192e+01  3.5019221823e+01  4.9223854495e+01  6.5792418539e+01  8.4725074581e+01  1.0602221409e+02  1.2968419226e+02
     0.600  2.3591571917e+01  3.5848491335e+01  5.0568776011e+01  6.7746545419e+01  8.7379440843e+01  1.0946655058e+02  1.3400754458e+02
     0.650  2.4029213687e+01  3.6762487023e+01  5.2081981902e+01  6.9974870261e+01  9.0434539055e+01  1.1345754403e+02  1.3904205204e+02
     0.700  2.4493750267e+01  3.7767866106e+01  5.3781809304e+01  7.2514201747e+01  9.3952329251e+01  1.1808861055e+02  1.4491847137e+02
     0.750  2.4986422680e+01  3.8871583481e+01  5.5688339215e+01  7.5406551518e+01  9.8006081536e+01  1.2347356142e+02  1.5180010424e+02
     0.800  2.5508448427e+01  4.0080775305e+01  5.7823081542e+01  7.8698790565e+01  1.0268065124e+02  1.2974867751e+02  1.5988830447e+02
     0.850  2.6061008251e+01  4.1402602862e+01  6.0208407636e+01  8.2441500440e+01  1.0807102516e+02  1.3707196080e+02  1.6942430587e+02
     0.900  2.6645233060e+01  4.2844058999e+01  6.2866686847e+01  8.6686688194e+01  1.1427791803e+02  1.4561644767e+02  1.8068110054e+02
     0.950  2.7262191693e+01  4.4411746455e+01  6.5819133588e+01  9.1484171736e+01  1.2139929407e+02  1.5555383990e+02  1.9393606346e+02
     1.000  2.7912880278e+01  4.6111645743e+01  6.9084458337e+01  9.6876846312e+01  1.2951784483e+02  1.6702697091e+02  2.0941791139e+02
     1.050  2.8598213881e+01  4.7948897995e+01  7.2677524931e+01  1.0289570923e+02  1.3868706126e+02  1.8011724768e+02  2.2723967518e+02
     1.100  2.9319021014e+01  4.9927632244e+01  7.6608301763e+01  1.0955615241e+02  1.4892146021e+02  1.9482328132e+02  2.4735768881e+02
     1.150  3.0076041371e+01  5.2050864348e+01  8.0881391368e+01  1.1685705230e+02  1.6019661403e+02  2.1106702297e+02  2.6959618414e+02
     1.200  3.0869926882e+01  5.4320484729e+01  8.5496291949e+01  1.2478321522e+02  1.7245981714e+02  2.2872590758e+02  2.9372403154e+02
     1.250  3.1701245887e+01  5.6737336144e+01  9.0448322048e+01  1.3331022831e+02  1.8564586739e+02  2.4767047744e+02  3.1952650419e+02
     1.300  3.2570489942e+01  5.9301365558e+01  9.5729936697e+01  1.4240982424e+02  1.9969063052e+02  2.6778866243e+02  3.4683743526e+02
     1.350  3.3478082596e+01  6.2011821521e+01  1.0133208793e+02  1.5205412427e+02  2.1453864666e+02  2.8899355972e+02  3.7553962589e+02
     1.400  3.4424389313e+01  6.4867464256e+01  1.0724535533e+02  1.6221812175e+02  2.3014537194e+02  3.1122141513e+02  4.0555343829e+02
     1.450  3.5409727753e+01  6.7866760115e+01  1.1346072226e+02  1.7288063825e+02  2.4647639409e+02  3.3442646137e+02  4.3682509318e+02
     1.500  3.6434377688e+01  7.1008042067e+01  1.1997000837e+02  1.8402432317e+02  2.6350557166e+02  3.5857593034e+02  4.6931794642e+02
     1.550  3.7498589991e+01  7.4289629011e+01  1.2676604157e+02  1.9563520578e+02  2.8121312046e+02  3.8364619330e+02  5.0300664292e+02
     1.600  3.8602594347e+01  7.7709905531e+01  1.3384266566e+02  2.0770211757e+02  2.9958401463e+02  4.0962001276e+02  5.3787333068e+02
     1.650  3.9746605493e+01  8.1267368868e+01  1.4119466153e+02  2.2021613919e+02  3.1860675857e+02  4.3648464510e+02  5.7390521926e+02
     1.700  4.0930827997e+01  8.4960651540e+01  1.4881763300e+02  2.3317012863e+02  3.3827247735e+02  4.6423053982e+02  6.1109299136e+02
     1.750  4.2155459684e+01  8.8788527549e+01  1.5670788656e+02  2.4655834013e+02  3.5857425223e+02  4.9285044418e+02  6.4942975429e+02
     1.800  4.3420693896e+01  9.2749908490e+01  1.6486231913e+02  2.6037612429e+02  3.7950663640e+02  5.2233878099e+02  6.8891033646e+02
     1.850  4.4726720821e+01  9.6843834115e+01  1.7327831949e+02  2.7461969505e+02  4.0106530086e+02  5.5269121114e+02  7.2953080736e+02
     1.900  4.6073728102e+01  1.0106946035e+02  1.8195368460e+02  2.8928594942e+02  4.2324677363e+02  5.8390432201e+02  7.7128814454e+02
     1.950  4.7461900950e+01  1.0542604662e+02  1.9088654979e+02  3.0437232783e+02  4.4604824611e+02  6.1597540269e+02  8.1417999900e+02
     2.000  4.8891421912e+01  1.0991294355e+02  2.0007533113e+02  3.1987670582e+02  4.6946742805e+02  6.4890227983e+02  8.5820452744e+02
     2.050  5.0362470450e+01  1.1452958151e+02  2.0951867818e+02  3.3579730940e+02  4.9350243777e+02  6.8268319617e+02  9.0336027071e+02
     2.100  5.1875222425e+01  1.1927546040e+02  2.1921543513e+02  3.5213264882e+02  5.1815171846e+02  7.1731671977e+02  9.4964606449e+02
     2.150  5.3429849556e+01  1.2415014049e+02  2.2916460904e+02  3.6888146616e+02  5.4341397363e+02  7.5280167537e+02  9.9706097304e+02
     2.200  5.5026518914e+01  1.2915323452e+02  2.3936534375e+02  3.8604269386e+02  5.6928811706e+02  7.8913709195e+02  1.0456042394e+03
     2.250  5.6665392467e+01  1.3428440077e+02  2.4981689831e+02  4.0361542145e+02  5.9577323350e+02  8.2632216230e+02  1.0952752474e+03
     2.300  5.8346626702e+01  1.3954333709e+02  2.6051862930e+02  4.2159886895e+02  6.2286854771e+02  8.6435621162e+02  1.1460734931e+03
     2.350  6.0070372332e+01  1.4492977579e+02  2.7146997607e+02  4.3999236522e+02  6.5057339980e+02  9.0323867276e+02  1.1979985622e+03
     2.400  6.1836774071e+01  1.5044347917e+02  2.8267044856e+02  4.5879533049e+02  6.7888722546e+02  9.4296906681e+02  1.2510501124e+03
     2.450  6.3645970500e+01  1.5608423574e+02  2.9411961705e+02  4.7800726197e+02  7.0780954010e+02  9.8354698751e+02  1.3052278601e+03
     2.500  6.5498093989e+01  1.6185185693e+02  3.0581710365e+02  4.9762772204e+02  7.3733992585e+02  1.0249720888e+03  1.3605315694e+03
     2.550  6.7393270690e+01  1.6774617422e+02  3.1776257509e+02  5.1765632855e+02  7.6747802107e+02  1.0672440747e+03  1.4169610432e+03
     2.600  6.9331620579e+01  1.7376703675e+02  3.2995573666e+02  5.3809274667e+02  7.9822351166e+02  1.1103626913e+03  1.4745161170e+03
     2.650  7.1313257538e+01  1.7991430920e+02  3.4239632710e+02  5.5893668220e+02  8.2957612388e+02  1.1543277198e+03  1.5331966527e+03
     2.700  7.3338289486e+01  1.8618786991e+02  3.5508411422e+02  5.8018787581e+02  8.6153561849e+02  1.1991389715e+03  1.5930025341e+03
     2.750  7.5406818526e+01  1.9258760934e+02  3.6801889118e+02  6.0184609838e+02  8.9410178573e+02  1.2447962826e+03  1.6539336638e+03
     2.800  7.7518941130e+01  1.9911342866e+02  3.8120047331e+02  6.2391114689e+02  9.2727444120e+02  1.2912995112e+03  1.7159899594e+03
     2.850  7.9674748325e+01  2.0576523858e+02  3.9462869541e+02  6.4638284105e+02  9.6105342241e+02  1.3386485334e+03  1.7791713519e+03
     2.900  8.1874325910e+01  2.1254295823e+02  4.0830340935e+02  6.6926102038e+02  9.9543858578e+02  1.3868432413e+03  1.8434777828e+03
     2.950  8.4117754667e+01  2.1944651432e+02  4.2222448208e+02  6.9254554169e+02  1.0304298042e+03  1.4358835405e+03  1.9089092029e+03
     3.000  8.6405110584e+01  2.2647584028e+02  4.3639179387e+02  7.1623627700e+02  1.0660269648e+03  1.4857693483e+03  1.9754655709e+03
     3.050  8.8736465082e+01  2.3363087555e+02  4.5080523676e+02  7.4033311166e+02  1.1022299673e+03  1.5365005921e+03  2.0431468520e+03
     3.100  9.1111885235e+01  2.4091156499e+02  4.6546471329e+02  7.6483594279e+02  1.1390387223e+03  1.5880772081e+03  2.1119530171e+03
     3.150  9.3531433994e+01  2.4831785828e+02  4.8037013526e+02  7.8974467791e+02  1.1764531501e+03  1.6404991401e+03  2.1818840418e+03
     3.200  9.5995170403e+01  2.5584970948e+02  4.9552142280e+02  8.1505923371e+02  1.2144731794e+03  1.6937663386e+03  2.2529399058e+03
     3.250  9.8503149809e+01  2.6350707656e+02  5.1091850343e+02  8.4077953508e+02  1.2530987462e+03  1.7478787600e+03  2.3251205925e+03
     3.300  1.0105542407e+02  2.7128992104e+02  5.2656131131e+02  8.6690551416e+02  1.2923297935e+03  1.8028363655e+03  2.3984260879e+03
     3.350  1.0365204176e+02  2.7919820763e+02  5.4244978651e+02  8.9343710955e+02  1.3321662696e+03  1.8586391212e+03  2.4728563809e+03
     3.400  1.0629304835e+02  2.8723190395e+02  5.5858387445e+02  9.2037426564e+02  1.3726081285e+03  1.9152869968e+03  2.5484114625e+03
     3.450  1.0897848637e+02  2.9539098023e+02  5.7496352535e+02  9.4771693198e+02  1.4136553284e+03  1.9727799655e+03  2.6250913255e+03
     3.500  1.1170839566e+02  3.0367540910e+02  5.9158869374e+02  9.7546506275e+02  1.4553078319e+03  2.0311180038e+03  2.7028959644e+03
     3.550  1.1448281342e+02  3.1208516533e+02  6.0845933803e+02  1.0036186163e+03  1.4975656051e+03  2.0903010906e+03  2.7818253751e+03
     3.600  1.1730177449e+02  3.2062022568e+02  6.2557542019e+02  1.0321775547e+03  1.5404286175e+03  2.1503292074e+03  2.8618795547e+03
     3.650  1.2016531140e+02  3.2928056870e+02  6.4293690534e+02  1.0611418433e+03  1.5838968413e+03  2.2112023378e+03  2.9430585012e+03
     3.700  1.2307345458e+02  3.3806617458e+02  6.6054376150e+02  1.0905114507e+03  1.6279702516e+03  2.2729204672e+03  3.0253622136e+03
     3.750  1.2602623244e+02  3.4697702499e+02  6.7839595930e+02  1.1202863480e+03  1.6726488258e+03  2.3354835827e+03  3.1087906916e+03
     3.800  1.2902367156e+02  3.5601310300e+02  6.9649347177e+02  1.1504665089e+03  1.7179325433e+03  2.3988916730e+03  3.1933439356e+03
     3.850  1.3206579673e+02  3.6517439291e+02  7.1483627407e+02  1.1810519094e+03  1.7638213855e+03  2.4631447279e+03  3.2790219465e+03
     3.900  1.3515263115e+02  3.7446088016e+02  7.3342434337e+02  1.2120425274e+03  1.8103153355e+03  2.5282427387e+03  3.3658247257e+03
     3.950  1.3828419645e+02  3.8387255128e+02  7.5225765861e+02  1.2434383427e+03  1.8574143781e+03  2.5941856974e+03  3.4537522749e+03
     4.000  1.4146051286e+02  3.9340939372e+02  7.7133620038e+02  1.2752393368e+03  1.9051184993e+03  2.6609735973e+03  3.5428045962e+03
     4.050  1.4468159926e+02  4.0307139587e+02  7.9065995077e+02  1.3074454926e+03  1.9534276864e+03  2.7286064323e+03  3.6329816920e+03
     4.100  1.4794747328e+02  4.1285854690e+02  8.1022889324e+02  1.3400567947e+03  2.0023419280e+03  2.7970841971e+03  3.7242835651e+03
     4.150  1.5125815137e+02  4.2277083675e+02  8.3004301249e+02  1.3730732287e+03  2.0518612137e+03  2.8664068871e+03  3.8167102180e+03
     4.200  1.5461364891e+02  4.3280825605e+02  8.5010229441e+02  1.4064947813e+03  2.1019855340e+03  2.9365744984e+03  3.9102616539e+03
     4.250  1.5801398024e+02  4.4297079609e+02  8.7040672591e+02  1.4403214405e+03  2.1527148802e+03  3.0075870275e+03  4.0049378758e+03
     4.300  1.6145915876e+02  4.5325844873e+02  8.9095629489e+02  1.4745531951e+03  2.2040492445e+03  3.0794444715e+03  4.1007388869e+03
     4.350  1.6494919696e+02  4.6367120639e+02  9.1175099014e+02  1.5091900349e+03  2.2559886199e+03  3.1521468278e+03  4.1976646905e+03
     4.400  1.6848410652e+02  4.7420906200e+02  9.3279080125e+02  1.5442319505e+03  2.3085329997e+03  3.2256940944e+03  4.2957152899e+03
     4.450  1.7206389832e+02  4.8487200895e+02  9.5407571860e+02  1.5796789330e+03  2.3616823782e+03  3.3000862694e+03  4.3948906886e+03
     4.500  1.7568858252e+02  4.9566004108e+02  9.7560573324e+02  1.6155309745e+03  2.4154367500e+03  3.3753233514e+03  4.4951908898e+03
     4.550  1.7935816862e+02  5.0657315261e+02  9.9738083687e+02  1.6517880676e+03  2.4697961103e+03  3.4514053393e+03  4.5966158971e+03
     4.600  1.8307266546e+02  5.1761133815e+02  1.0194010218e+03  1.6884502054e+03  2.5247604547e+03  3.5283322321e+03  4.6991657138e+03
     4.650  1.8683208130e+02  5.2877459267e+02  1.0416662808e+03  1.7255173817e+03  2.5803297791e+03  3.6061040291e+03  4.8028403434e+03
     4.700  1.9063642383e+02  5.4006291144e+02  1.0641766074e+03  1.7629895908e+03  2.6365040801e+03  3.6847207299e+03  4.9076397892e+03
     4.750  1.9448570025e+02  5.5147629004e+02  1.0869319952e+03  1.8008668271e+03  2.6932833543e+03  3.7641823341e+03  5.0135640547e+03
     4.800  1.9837991724e+02  5.6301472433e+02  1.1099324385e+03  1.8391490858e+03  2.7506675988e+03  3.8444888417e+03  5.1206131431e+03
     4.850  2.0231908107e+02  5.7467821044e+02  1.1331779321e+03  1.8778363624e+03  2.8086568110e+03  3.9256402525e+03  5.2287870578e+03
     4.900  2.0630319755e+02  5.8646674473e+02  1.1566684709e+03  1.9169286526e+03  2.8672509884e+03  4.0076365669e+03  5.3380858020e+03
     4.950  2.1033227212e+02  5.9838032378e+02  1.1804040502e+03  1.9564259526e+03  2.9264501289e+03  4.0904777850e+03  5.4485093791e+03
     5.000  2.1440630983e+02  6.1017416635e+02  1.2043846658e+03  1.9955262880e+03  2.9862542307e+03  4.1724864139e+03  5.5600577920e+03
     5.050  2.1852531541e+02  6.2258260360e+02  1.2286103137e+03  2.0366355678e+03  3.0466632919e+03  4.2586949339e+03  5.6727310441e+03
     5.100  2.2268929325e+02  6.3487129855e+02  1.2530809901e+03  2.0773478767e+03  3.1076773111e+03  4.3440708658e+03  5.7865291384e+03
     5.150  2.2689824743e+02  6.4728502660e+02  1.2777966916e+03  2.1184651827e+03  3.1692962868e+03  4.4302917033e+03  5.9014520779e+03
     5.200  2.3115218178e+02  6.5982378527e+02  1.3027574148e+03  2.1599874832e+03  3.2315202179e+03  4.5173574473e+03  6.0174998655e+03
     5.250  2.3545109983e+02  6.7248757222e+02  1.3279631568e+03  2.2019147758e+03  3.2943491034e+03  4.6052680983e+03  6.1346725043e+03
     5.300  2.3979500488e+02  6.8527638527e+02  1.3534139148e+03  2.2442470583e+03  3.3577829423e+03  4.6940236573e+03  6.2529699971e+03
     5.350  2.4418390001e+02  6.9819022235e+02  1.3791096861e+03  2.2869843288e+03  3.4218217338e+03  4.7836241250e+03  6.3723923467e+03
     5.400  2.4861778807e+02  7.1122908153e+02  1.4050504684e+03  2.3301265853e+03  3.4864654771e+03  4.8740695022e+03  6.4929395559e+03
     5.450  2.5309667171e+02  7.2439296097e+02  1.4312362592e+03  2.3736738262e+03  3.5517141718e+03  4.9653597900e+03  6.6146116274e+03
     5.500  2.5762055340e+02  7.3768185897e+02  1.4576670566e+03  2.4176260500e+03  3.6175678174e+03  5.0574949892e+03  6.7374085638e+03
     5.550  2.6218943541e+02  7.5109577390e+02  1.4843428585e+03  2.4619832552e+03  3.6840264133e+03  5.1504751008e+03  6.8613303678e+03
     5.600  2.6680331988e+02  7.6463470427e+02  1.5112636631e+03  2.5067454404e+03  3.7510899593e+03  5.2443001257e+03  6.9863770419e+03
     5.650  2.7146220877e+02  7.7829864863e+02  1.5384294687e+03  2.5519126046e+03  3.8187584552e+03  5.3389700649e+03  7.1125485886e+03
     5.700  2.7616610390e+02  7.9208760565e+02  1.5658402737e+03  2.5974847466e+03  3.8870319007e+03  5.4344849194e+03  7.2398450103e+03
     5.750  2.8091500697e+02  8.0600157405e+02  1.5934960766e+03  2.6434618655e+03  3.9559102957e+03  5.5308446903e+03  7.3682663095e+03
     5.800  2.8570891953e+02  8.2004055266e+02  1.6213968760e+03  2.6898439603e+03  4.0253936402e+03  5.6280493786e+03  7.4978124884e+03
     5.850  2.9054784302e+02  8.3420454035e+02  1.6495426707e+03  2.7366310302e+03  4.0954819341e+03  5.7260989852e+03  7.6284835493e+03
     5.900  2.9543177878e+02  8.4849353606e+02  1.6779334595e+03  2.7838230744e+03  4.1661751775e+03  5.8249935112e+03  7.7602794946e+03
     5.950  3.0036072804e+02  8.6290753880e+02  1.7065692413e+03  2.8314200924e+03  4.2374733703e+03  5.9247329576e+03  7.8932003263e+03
     6.000  3.0533469192e+02  8.7744654765e+02  1.7354500150e+03  2.8794220835e+03  4.3093765128e+03  6.0253173255e+03  8.0272460467e+03
     6.050  3.1035367148e+02  8.9211056171e+02  1.7645757797e+03  2.9278290472e+03  4.3818846051e+03  6.1267466159e+03  8.1624166577e+03
     6.100  3.1541766766e+02  9.0689958016e+02  1.7939465344e+03  2.9766409830e+03  4.4549976472e+03  6.2290208298e+03  8.2987121616e+03
     6.150  3.2052668134e+02  9.2181360222e+02  1.8235622785e+03  3.0258578905e+03  4.5287156396e+03  6.3321399682e+03  8.4361325601e+03
     6.200  3.2568071333e+02  9.3685262717e+02  1.8534230111e+03  3.0754797692e+03  4.6030385823e+03  6.4361040322e+03  8.5746778554e+03
     6.250  3.3087976436e+02  9.5201665430e+02  1.8835287316e+03  3.1255066189e+03  4.6779664757e+03  6.5409130228e+03  8.7143480494e+03
     6.300  3.3612383509e+02  9.6730568296e+02  1.9138794392e+03  3.1759384393e+03  4.7534993199e+03  6.6465669409e+03  8.8551431438e+03
     6.350  3.4141292614e+02  9.8271971255e+02  1.9444751334e+03  3.2267752302e+03  4.8296371154e+03  6.7530657876e+03  8.9970631406e+03
     6.400  3.4674703805e+02  9.9825874250e+02  1.9753158137e+03  3.2780169912e+03  4.9063798625e+03  6.8604095638e+03  9.1401080415e+03
     6.450  3.5212617132e+02  1.0139227722e+03  2.0064014795e+03  3.3296637223e+03  4.9837275613e+03  6.9685982706e+03  9.2842778483e+03
     6.500  3.5755032640e+02  1.0297118013e+03  2.0377321304e+03  3.3817154234e+03  5.0616802125e+03  7.0776319088e+03  9.4295725626e+03
     6.550  3.6301950369e+02  1.0456258292e+03  2.0693077659e+03  3.4341720942e+03  5.1402378161e+03  7.1875104795e+03  9.5759921862e+03
     6.600  3.6853370355e+02  1.0616648554e+03  2.1011283857e+03  3.4870337348e+03  5.2194003728e+03  7.2982339837e+03  9.7235367207e+03
     6.650  3.7409292630e+02  1.0778288796e+03  2.1331939894e+03  3.5403003450e+03  5.2991678827e+03  7.4098024221e+03  9.8722061677e+03
     6.700  3.7969717221e+02  1.0941179014e+03  2.1655045766e+03  3.5939719249e+03  5.3795403464e+03  7.5222157958e+03  1.0022000529e+04
     6.750  3.8534644153e+02  1.1105319203e+03  2.1980601472e+03  3.6480484743e+03  5.4605177642e+03  7.6354741057e+03  1.0172919805e+04
     6.800  3.9104073447e+02  1.1270709361e+03  2.2308607007e+03  3.7025299935e+03  5.5421001365e+03  7.7495773527e+03  1.0324963999e+04
     6.850  3.9678005120e+02  1.1437349484e+03  2.2639062371e+03  3.7574164822e+03  5.6242874638e+03  7.8645255377e+03  1.0478133111e+04
     6.900  4.0256439189e+02  1.1605239569e+03  2.2971967560e+03  3.8127079407e+03  5.7070797464e+03  7.9803186615e+03  1.0632427143e+04
     6.950  4.0839375666e+02  1.1774379612e+03  2.3307322573e+03  3.8684043690e+03  5.7904769848e+03  8.0969567250e+03  1.0787846097e+04
     7.000  4.1426814559e+02  1.1944769613e+03  2.3645127408e+03  3.9245057671e+03  5.8744791795e+03  8.2144397292e+03  1.0944389973e+04
     7.050  4.2018755878e+02  1.2116409567e+03  2.3985382064e+03  3.9810121352e+03  5.9590863307e+03  8.3327676747e+03  1.1102058774e+04
     7.100  4.2615199628e+02  1.2289299472e+03  2.4328086538e+03  4.0379234734e+03  6.0442984390e+03  8.4519405626e+03  1.1260852499e+04
     7.150  4.3216145811e+02  1.2463439327e+03  2.4673240831e+03  4.0952397817e+03  6.1301155049e+03  8.5719583935e+03  1.1420771152e+04
     7.200  4.3821594429e+02  1.2638829130e+03  2.5020844942e+03  4.1529610603e+03  6.2165375286e+03  8.6928211683e+03  1.1581814732e+04
     7.250  4.4431545482e+02  1.2815468877e+03  2.5370898868e+03  4.2110873093e+03  6.3035645108e+03  8.8145288878e+03  1.1743983242e+04
     7.300  4.5045998969e+02  1.2993358568e+03  2.5723402610e+03  4.2696185289e+03  6.3911964517e+03  8.9370815528e+03  1.1907276681e+04
     7.350  4.5664954886e+02  1.3172498201e+03  2.6078356168e+03  4.3285547193e+03  6.4794333519e+03  9.0604791641e+03  1.2071695053e+04
     7.400  4.6288413227e+02  1.3352887774e+03  2.6435759540e+03  4.3878958806e+03  6.5682752117e+03  9.1847217223e+03  1.2237238357e+04
     7.450  4.6916373987e+02  1.3534527287e+03  2.6795612727e+03  4.4476420129e+03  6.6577220317e+03  9.3098092283e+03  1.2403906594e+04
     7.500  4.7540134310e+02  1.3717416736e+03  2.7153058852e+03  4.5077931166e+03  6.7465705406e+03  9.4357416829e+03  1.2569459986e+04
     7.550  4.8185802735e+02  1.3901556122e+03  2.7522668545e+03  4.5683491916e+03  6.8384305536e+03  9.5625190866e+03  1.2740617875e+04
     7.600  4.8827270703e+02  1.4086945444e+03  2.7889871175e+03  4.6293102383e+03  6.9296922564e+03  9.6901414403e+03  1.2910660921e+04
     7.650  4.9473241055e+02  1.4273584699e+03  2.8259523620e+03  4.6906762568e+03  7.0215589211e+03  9.8186087447e+03  1.3081828905e+04
     7.700  5.0123713779e+02  1.4461473888e+03  2.8631625879e+03  4.7524472474e+03  7.1140305479e+03  9.9479210004e+03  1.3254121827e+04
     7.750  5.0778688863e+02  1.4650613008e+03  2.9006177954e+03  4.8146232102e+03  7.2071071375e+03  1.0078078208e+04  1.3427539690e+04
     7.800  5.1438166293e+02  1.4841002061e+03  2.9383179845e+03  4.8772041454e+03  7.3007886901e+03  1.0209080369e+04  1.3602082494e+04
     7.850  5.2102146058e+02  1.5032641044e+03  2.9762631551e+03  4.9401900532e+03  7.3950752062e+03  1.0340927482e+04  1.3777750240e+04
     7.900  5.2770628141e+02  1.5225529957e+03  3.0144533074e+03  5.0035809339e+03  7.4899666862e+03  1.0473619550e+04  1.3954542928e+04
     7.950  5.3443612529e+02  1.5419668800e+03  3.0528884414e+03  5.0673767877e+03  7.5854631305e+03  1.0607156573e+04  1.4132460561e+04
     8.000  5.4121099207e+02  1.5615057572e+03  3.0915685572e+03  5.1315776148e+03  7.6815645395e+03  1.0741538550e+04  1.4311503138e+04
     8.050  5.4803088158e+02  1.5811696272e+03  3.1304936548e+03  5.1961834153e+03  7.7782709136e+03  1.0876765484e+04  1.4491670660e+04
     8.100  5.5489579366e+02  1.6009584900e+03  3.1696637343e+03  5.2611941896e+03  7.8755822533e+03  1.1012837374e+04  1.4672963129e+04
     8.150  5.6180572815e+02  1.6208723456e+03  3.2090787959e+03  5.3266099379e+03  7.9734985588e+03  1.1149754221e+04  1.4855380546e+04
     8.200  5.6876068488e+02  1.6409111939e+03  3.2487388395e+03  5.3924306603e+03  8.0720198307e+03  1.1287516026e+04  1.5038922910e+04
     8.250  5.7576066368e+02  1.6610750350e+03  3.2886438653e+03  5.4586563570e+03  8.1711460692e+03  1.1426122789e+04  1.5223590223e+04
     8.300  5.8280566437e+02  1.6813638687e+03  3.3287938734e+03  5.5252870285e+03  8.2708772748e+03  1.1565574511e+04  1.5409382486e+04
     8.350  5.8989568678e+02  1.7017776951e+03  3.3691888638e+03  5.5923226747e+03  8.3712134478e+03  1.1705871193e+04  1.5596299700e+04
     8.400  5.9703073072e+02  1.7223165141e+03  3.4098288366e+03  5.6597632960e+03  8.4721545886e+03  1.1847012834e+04  1.5784341864e+04
     8.450  6.0421079602e+02  1.7429803257e+03  3.4507137920e+03  5.7276088926e+03  8.5737006977e+03  1.1988999436e+04  1.5973508981e+04
     8.500  6.1143588248e+02  1.7637691300e+03  3.4918437301e+03  5.7958594647e+03  8.6758517752e+03  1.2131830999e+04  1.6163801050e+04
     8.550  6.1870598993e+02  1.7846829269e+03  3.5332186509e+03  5.8645150125e+03  8.7786078217e+03  1.2275507523e+04  1.6355218073e+04
     8.600  6.2602111819e+02  1.8057217164e+03  3.5748385546e+03  5.9335755363e+03  8.8819688375e+03  1.2420029010e+04  1.6547760049e+04
     8.650  6.3338126705e+02  1.8268854986e+03  3.6167034413e+03  6.0030410362e+03  8.9859348229e+03  1.2565395459e+04  1.6741426981e+04
     8.700  6.4078643635e+02  1.8481742733e+03  3.6588133110e+03  6.0729115126e+03  9.0905057782e+03  1.2711606871e+04  1.6936218868e+04
     8.750  6.4823662588e+02  1.8695880407e+03  3.7011681640e+03  6.1431869655e+03  9.1956817039e+03  1.2858663247e+04  1.7132135711e+04
     8.800  6.5573183546e+02  1.8911268007e+03  3.7437680002e+03  6.2138673954e+03  9.3014626003e+03  1.3006564587e+04  1.7329177510e+04
     8.850  6.6327206490e+02  1.9127905534e+03  3.7866128199e+03  6.2849528022e+03  9.4078484676e+03  1.3155310891e+04  1.7527344268e+04
     8.900  6.7085731402e+02  1.9345792988e+03  3.8297026232e+03  6.3564431864e+03  9.5148393063e+03  1.3304902161e+04  1.7726635983e+04
     8.950  6.7848758263e+02  1.9564930368e+03  3.8730374101e+03  6.4283385480e+03  9.6224351167e+03  1.3455338396e+04  1.7927052656e+04
     9.000  6.8616287053e+02  1.9785317675e+03  3.9166171807e+03  6.5006388873e+03  9.7306358991e+03  1.3606619596e+04  1.8128594289e+04
     9.050  6.9388317753e+02  2.0006954909e+03  3.9604419353e+03  6.5733442046e+03  9.8394416537e+03  1.3758745764e+04  1.8331260882e+04
     9.100  7.0164850346e+02  2.0229842070e+03  4.0045116739e+03  6.6464545000e+03  9.9488523810e+03  1.3911716898e+04  1.8535052435e+04
     9.150  7.0945884813e+02  2.0453979159e+03  4.0488263966e+03  6.7199697738e+03  1.0058868081e+04  1.4065532999e+04  1.8739968949e+04
     9.200  7.1731421134e+02  2.0679366176e+03  4.0933861036e+03  6.7938900261e+03  1.0169488755e+04  1.4220194068e+04  1.8946010425e+04
     9.250  7.2521459292e+02  2.0906003121e+03  4.1381907950e+03  6.8682152572e+03  1.0280714402e+04  1.4375700104e+04  1.9153176863e+04
     9.300  7.3315999267e+02  2.1133889995e+03  4.1832404709e+03  6.9429454672e+03  1.0392545023e+04  1.4532051110e+04  1.9361468263e+04
     9.350  7.4115041042e+02  2.1363026796e+03  4.2285351314e+03  7.0180806565e+03  1.0504980618e+04  1.4689247084e+04  1.9570884626e+04
     9.400  7.4918584598e+02  2.1593413527e+03  4.2740747766e+03  7.0936208251e+03  1.0618021187e+04  1.4847288028e+04  1.9781425953e+04
     9.450  7.5726629917e+02  2.1825050187e+03  4.3198594067e+03  7.1695659733e+03  1.0731666732e+04  1.5006173941e+04  1.9993092244e+04
     9.500  7.6539176981e+02  2.2057936776e+03  4.3658890218e+03  7.2459161013e+03  1.0845917251e+04  1.5165904824e+04  2.0205883500e+04
     9.550  7.7356225772e+02  2.2292073296e+03  4.4121636220e+03  7.3226712093e+03  1.0960772746e+04  1.5326480678e+04  2.0419799721e+04
     9.600  7.8177776272e+02  2.2527459745e+03  4.4586832075e+03  7.3998312975e+03  1.1076233216e+04  1.5487901503e+04  2.0634840907e+04
     9.650  7.9003828464e+02  2.2764096125e+03  4.5054477783e+03  7.4773963660e+03  1.1192298662e+04  1.5650167298e+04  2.0851007060e+04
     9.700  7.9834382329e+02  2.3001982436e+03  4.5524573345e+03  7.5553664152e+03  1.1308969084e+04  1.5813278066e+04  2.1068298179e+04
     9.750  8.0669437851e+02  2.3241118678e+03  4.5997118764e+03  7.6337414451e+03  1.1426244483e+04  1.5977233805e+04  2.1286714265e+04
     9.800  8.1508995012e+02  2.3481504851e+03  4.6472114039e+03  7.7125214559e+03  1.1544124858e+04  1.6142034516e+04  2.1506255318e+04
     9.850  8.2353053795e+02  2.3723140957e+03  4.6949559173e+03  7.7917064479e+03  1.1662610211e+04  1.6307680200e+04  2.1726921339e+04
     9.900  8.3201614183e+02  2.3966026994e+03  4.7429454167e+03  7.8712964212e+03  1.1781700540e+04  1.6474170857e+04  2.1948712329e+04
     9.950  8.4054676159e+02  2.4210162965e+03  4.7911799021e+03  7.9512913761e+03  1.1901395847e+04  1.6641506487e+04  2.2171628287e+04
    10.000  8.4912239706e+02  2.4455548868e+03  4.8396593737e+03  8.0316913127e+03  1.2021696132e+04  1.6809687091e+04  2.2395669214e+04
    10.050  8.5774304808e+02  2.4702184705e+03  4.8883838316e+03  8.1124962311e+03  1.2142601394e+04  1.6978712669e+04  2.2620835111e+04
    10.100  8.6640871448e+02  2.4950070476e+03  4.9373532759e+03  8.1937061316e+03  1.2264111635e+04  1.7148583221e+04  2.2847125978e+04
    10.150  8.7511939610e+02  2.5199206181e+03  4.9865677068e+03  8.2753210143e+03  1.2386226855e+04  1.7319298748e+04  2.3074541815e+04
    10.200  8.8387509279e+02  2.5449591821e+03  5.0360271243e+03  8.3573408795e+03  1.2508947052e+04  1.7490859249e+04  2.3303082623e+04
    10.250  8.9267580437e+02  2.5701227395e+03  5.0857315286e+03  8.4397657272e+03  1.2632272229e+04  1.7663264725e+04  2.3532748402e+04
    10.300  9.0152153069e+02  2.5954112906e+03  5.1356809198e+03  8.5225955577e+03  1.2756202385e+04  1.7836515177e+04  2.3763539153e+04
    10.350  9.1041227160e+02  2.6208248352e+03  5.1858752979e+03  8.6058303712e+03  1.2880737521e+04  1.8010610605e+04  2.3995454875e+04
    10.400  9.1934802694e+02  2.6463633734e+03  5.2363146632e+03  8.6894701677e+03  1.3005877636e+04  1.8185551009e+04  2.4228495569e+04
    10.450  9.2832879655e+02  2.6720269053e+03  5.2869990157e+03  8.7735149475e+03  1.3131622731e+04  1.8361336389e+04  2.4462661236e+04
    10.500  9.3735458029e+02  2.6975679377e+03  5.3379283556e+03  8.8571585574e+03  1.3257972806e+04  1.8536282695e+04  2.4697951876e+04
    10.550  9.4642537801e+02  2.7237289502e+03  5.3891026828e+03  8.9428194576e+03  1.3384927861e+04  1.8715442080e+04  2.4934367490e+04
    10.600  9.5554118955e+02  2.7497674633e+03  5.4405219977e+03  9.0280791883e+03  1.3512487896e+04  1.8893762390e+04  2.5171908076e+04
    10.650  9.6470201477e+02  2.7759309703e+03  5.4921863002e+03  9.1137439028e+03  1.3640652913e+04  1.9072927679e+04  2.5410573637e+04
    10.700  9.7390785352e+02  2.8022194712e+03  5.5440955904e+03  9.1998136014e+03  1.3769422910e+04  1.9252937945e+04  2.5650364172e+04
    10.750  9.8315870567e+02  2.8286329659e+03  5.5962498686e+03  9.2862882843e+03  1.3898797888e+04  1.9433793188e+04  2.5891279682e+04
    10.800  9.9245457106e+02  2.8551714546e+03  5.6486491347e+03  9.3731679515e+03  1.4028777848e+04  1.9615493410e+04  2.6133320166e+04
    10.850  1.0017954496e+03  2.8818349373e+03  5.7012933889e+03  9.4604526033e+03  1.4159362789e+04  1.9798038611e+04  2.6376485626e+04
    10.900  1.0111813410e+03  2.9086234141e+03  5.7541826313e+03  9.5481422398e+03  1.4290552712e+04  1.9981428790e+04  2.6620776061e+04
    10.950  1.0206122453e+03  2.9355368849e+03  5.8073168620e+03  9.6362368611e+03  1.4422347617e+04  2.0165663949e+04  2.6866191472e+04
    11.000  1.0300881623e+03  2.9625753499e+03  5.8606960811e+03  9.7247364674e+03  1.4554747504e+04  2.0350744086e+04  2.7112731859e+04
    11.050  1.0396090918e+03  2.9897388090e+03  5.9143202888e+03  9.8136410589e+03  1.4687752373e+04  2.0536669203e+04  2.7360397222e+04
    11.100  1.0491750338e+03  3.0170272623e+03  5.9681894850e+03  9.9029506356e+03  1.4821362225e+04  2.0723439299e+04  2.7609187562e+04
    11.150  1.0587859881e+03  3.0444407098e+03  6.0223036699e+03  9.9926651978e+03  1.4955577059e+04  2.0911054376e+04  2.7859102880e+04
    11.200  1.0684419545e+03  3.0719791517e+03  6.0766628436e+03  1.0082784746e+04  1.5090396876e+04  2.1099514432e+04  2.8110143174e+04
    11.250  1.0781429330e+03  3.0996425879e+03  6.1312670063e+03  1.0173309279e+04  1.5225821676e+04  2.1288819469e+04  2.8362308446e+04
    11.300  1.0878889234e+03  3.1274310184e+03  6.1861161579e+03  1.0264238798e+04  1.5361851460e+04  2.1478969487e+04  2.8615598695e+04
    11.350  1.0976799255e+03  3.1553444434e+03  6.2412102987e+03  1.0355573304e+04  1.5498486226e+04  2.1669964485e+04  2.8870013923e+04
    11.400  1.1075159393e+03  3.1833828628e+03  6.2965494286e+03  1.0447312795e+04  1.5635725977e+04  2.1861804464e+04  2.9125554129e+04
    11.450  1.1173969647e+03  3.2115462767e+03  6.3521335479e+03  1.0539457273e+04  1.5773570711e+04  2.2054489425e+04  2.9382219313e+04
    11.500  1.1273230015e+03  3.2398346851e+03  6.4079626565e+03  1.0632006737e+04  1.5912020429e+04  2.2248019367e+04  2.9640009477e+04
    11.550  1.1372940495e+03  3.2682480881e+03  6.4640367546e+03  1.0724961187e+04  1.6051075131e+04  2.2442394290e+04  2.9898924619e+04
    11.600  1.1473101088e+03  3.2967864857e+03  6.5203558422e+03  1.0818320625e+04  1.6190734817e+04  2.2637614196e+04  3.0158964741e+04
    11.650  1.1573711791e+03  3.3254498779e+03  6.5769199196e+03  1.0912085049e+04  1.6330999488e+04  2.2833679083e+04  3.0420129842e+04
    11.700  1.1674772603e+03  3.3542382649e+03  6.6337289866e+03  1.1006254460e+04  1.6471869143e+04  2.3030588953e+04  3.0682419923e+04
    11.750  1.1776283524e+03  3.3831516466e+03  6.6907830436e+03  1.1100828858e+04  1.6613343783e+04  2.3228343805e+04  3.0945834984e+04
    11.800  1.1878244552e+03  3.4121900230e+03  6.7480820904e+03  1.1195808243e+04  1.6755423408e+04  2.3426943640e+04  3.1210375025e+04
    11.850  1.1980655686e+03  3.4413533942e+03  6.8056261273e+03  1.1291192615e+04  1.6898108017e+04  2.3626388458e+04  3.1476040047e+04
    11.900  1.2083516924e+03  3.4706417603e+03  6.8634151543e+03  1.1386981975e+04  1.7041397613e+04  2.3826678258e+04  3.1742830049e+04
    11.950  1.2186828267e+03  3.5000551213e+03  6.9214491715e+03  1.1483176322e+04  1.7185292193e+04  2.4027813042e+04  3.2010745033e+04
    12.000  1.2290589713e+03  3.5295934772e+03  6.9797281790e+03  1.1579775657e+04  1.7329791759e+04  2.4229792809e+04  3.2279784997e+04
    12.050  1.2394801260e+03  3.5592568281e+03  7.0382521769e+03  1.1676779980e+04  1.7474896310e+04  2.4432617560e+04  3.2549949943e+04
    12.100  1.2499462908e+03  3.5890451739e+03  7.0970211652e+03  1.1774189290e+04  1.7620605847e+04  2.4636287294e+04  3.2821239870e+04
    12.150  1.2604574656e+03  3.6189585148e+03  7.1560351440e+03  1.1872003589e+04  1.7766920370e+04  2.4840802012e+04  3.3093654780e+04
    12.200  1.2710136502e+03  3.6489968508e+03  7.2152941134e+03  1.1970222876e+04  1.7913839879e+04  2.5046161715e+04  3.3367194671e+04
    12.250  1.2816148446e+03  3.6791601819e+03  7.2747980736e+03  1.2068847151e+04  1.8061364375e+04  2.5252366401e+04  3.3641859544e+04
    12.300  1.2922610486e+03  3.7094485081e+03  7.3345470245e+03  1.2167876414e+04  1.8209493856e+04  2.5459416072e+04  3.3917649400e+04
    12.350  1.3029522622e+03  3.7398618295e+03  7.3945409664e+03  1.2267310665e+04  1.8358228324e+04  2.5667310727e+04  3.4194564238e+04
    12.400  1.3136884852e+03  3.7704001461e+03  7.4547798991e+03  1.2367149905e+04  1.8507567779e+04  2.5876050368e+04  3.4472604059e+04
    12.450  1.3244697177e+03  3.8010634580e+03  7.5152638229e+03  1.2467394134e+04  1.8657512221e+04  2.6085634993e+04  3.4751768863e+04
    12.500  1.3352959594e+03  3.8318517652e+03  7.5759927377e+03  1.2568043352e+04  1.8808061649e+04  2.6296064603e+04  3.5032058650e+04
    12.550  1.3461672102e+03  3.8627650677e+03  7.6369666438e+03  1.2669097558e+04  1.8959216064e+04  2.6507339198e+04  3.5313473421e+04
    12.600  1.3570834702e+03  3.8938033655e+03  7.6981855410e+03  1.2770556753e+04  1.9110975466e+04  2.6719458779e+04  3.5596013174e+04
    12.650  1.3680447392e+03  3.9249666588e+03  7.7596494297e+03  1.2872420938e+04  1.9263339856e+04  2.6932423345e+04  3.5879677911e+04
    12.700  1.3790510170e+03  3.9562549475e+03  7.8213583097e+03  1.2974690111e+04  1.9416309233e+04  2.7146232897e+04  3.6164467633e+04
    12.750  1.3901023037e+03  3.9876682317e+03  7.8833121812e+03  1.3077364274e+04  1.9569883597e+04  2.7360887434e+04  3.6450382339e+04
    12.800  1.4011985991e+03  4.0192065113e+03  7.9455110442e+03  1.3180443426e+04  1.9724062949e+04  2.7576386958e+04  3.6737422028e+04
    12.850  1.4123399031e+03  4.0508697865e+03  8.0079548989e+03  1.3283927568e+04  1.9878847289e+04  2.7792731467e+04  3.7025586702e+04
    12.900  1.4235262156e+03  4.0826580573e+03  8.0706437453e+03  1.3387816699e+04  2.0034236617e+04  2.8009920963e+04  3.7314876360e+04
    12.950  1.4347575367e+03  4.1145713237e+03  8.1335775834e+03  1.3492110820e+04  2.0190230933e+04  2.8227955445e+04  3.7605291003e+04
    13.000  1.4460338661e+03  4.1466095857e+03  8.1967564134e+03  1.3596809930e+04  2.0346830236e+04  2.8446834914e+04  3.7896830632e+04
    13.050  1.4573552038e+03  4.1787728434e+03  8.2601802352e+03  1.3701914031e+04  2.0504034528e+04  2.8666559369e+04  3.8189495245e+04
    13.100  1.4687215497e+03  4.2110610968e+03  8.3238490491e+03  1.3807423121e+04  2.0661843808e+04  2.8887128812e+04  3.8483284843e+04
    13.150  1.4801329038e+03  4.2434743459e+03  8.3877628550e+03  1.3913337201e+04  2.0820258077e+04  2.9108543241e+04  3.8778199427e+04
    13.200  1.4915892659e+03  4.2760125908e+03  8.4519216530e+03  1.4019656272e+04  2.0979277334e+04  2.9330802656e+04  3.9074238996e+04
    13.250  1.5030906359e+03  4.3086758315e+03  8.5163254432e+03  1.4126380332e+04  2.1138901580e+04  2.9553907060e+04  3.9371403551e+04
    13.300  1.5146370139e+03  4.3414640680e+03  8.5809742256e+03  1.4233509383e+04  2.1299130815e+04  2.9777856450e+04  3.9669693090e+04
    13.350  1.5262283997e+03  4.3743773004e+03  8.6458680003e+03  1.4341043424e+04  2.1459965038e+04  3.0002650828e+04  3.9969107617e+04
    13.400  1.5378647932e+03  4.4074155287e+03  8.7110067675e+03  1.4448982456e+04  2.1621404250e+04  3.0228290193e+04  4.0269647130e+04
    13.450  1.5495461944e+03  4.4405787529e+03  8.7763905269e+03  1.4557326478e+04  2.1783448452e+04  3.0454774546e+04  4.0571311628e+04
    13.500  1.5612726031e+03  4.4738669731e+03  8.8420192791e+03  1.4666075491e+04  2.1946097642e+04  3.0682103887e+04  4.0874101112e+04
    13.550  1.5730440194e+03  4.5072801893e+03  8.9078930237e+03  1.4775229495e+04  2.2109351822e+04  3.0910278216e+04  4.1178015586e+04
    13.600  1.5848604431e+03  4.5408184014e+03  8.9740117610e+03  1.4884788489e+04  2.2273210991e+04  3.1139297533e+04  4.1483055040e+04
    13.650  1.5967218742e+03  4.5744816096e+03  9.0403754909e+03  1.4994752474e+04  2.2437675150e+04  3.1369161838e+04  4.1789219487e+04
    13.700  1.6086283126e+03  4.6082698139e+03  9.1069842136e+03  1.5105121451e+04  2.2602744299e+04  3.1599871131e+04  4.2096508921e+04
    13.750  1.6205797582e+03  4.6421830144e+03  9.1738379287e+03  1.5215895418e+04  2.2768418435e+04  3.1831425412e+04  4.2404923336e+04
    13.800  1.6325762110e+03  4.6762212109e+03  9.2409366375e+03  1.5327074376e+04  2.2934697563e+04  3.2063824682e+04  4.2714462744e+04
    13.850  1.6446176709e+03  4.7103844036e+03  9.3082803389e+03  1.5438658326e+04  2.3101581681e+04  3.2297068941e+04  4.3025127140e+04
    13.900  1.6567041377e+03  4.7446725925e+03  9.3758690334e+03  1.5550647266e+04  2.3269070789e+04  3.2531158188e+04  4.3336916519e+04
    13.950  1.6688356116e+03  4.7790857777e+03  9.4437027210e+03  1.5663041198e+04  2.3437164889e+04  3.2766092424e+04  4.3649830880e+04
    14.000  1.6809236811e+03  4.8136239590e+03  9.5112937116e+03  1.5775840122e+04  2.3604657577e+04  3.3001871649e+04  4.3961625688e+04
    14.050  1.6932335798e+03  4.8482871367e+03  9.5801050751e+03  1.5889044037e+04  2.3775168055e+04  3.3238495863e+04  4.4279034571e+04
    14.100  1.7055000741e+03  4.8830753107e+03  9.6486737410e+03  1.6002652944e+04  2.3945077121e+04  3.3475965066e+04  4.4595323905e+04
    14.150  1.7178115751e+03  4.9179884810e+03  9.7174874012e+03  1.6116666842e+04  2.4115591177e+04  3.3714279258e+04  4.4912738236e+04
    14.200  1.7301680828e+03  4.9530266477e+03  9.7865460546e+03  1.6231085732e+04  2.4286710226e+04  3.3953438440e+04  4.5231277547e+04
    14.250  1.7425695970e+03  4.9881898107e+03  9.8558497016e+03  1.6345909613e+04  2.4458434264e+04  3.4193442611e+04  4.5550941836e+04
    14.300  1.7550161176e+03  5.0234779702e+03  9.9253983418e+03  1.6461138487e+04  2.4630763296e+04  3.4434291771e+04  4.5871731123e+04
    14.350  1.7675076448e+03  5.0588911261e+03  9.9951919755e+03  1.6576772352e+04  2.4803697316e+04  3.4675985921e+04  4.6193645394e+04
    14.400  1.7800441783e+03  5.0944292785e+03  1.0065230603e+04  1.6692811210e+04  2.4977236328e+04  3.4918525061e+04  4.6516684656e+04
    14.450  1.7926257181e+03  5.1300924274e+03  1.0135514224e+04  1.6809255059e+04  2.5151380331e+04  3.5161909191e+04  4.6840848908e+04
    14.500  1.8052522642e+03  5.1658805728e+03  1.0206042838e+04  1.6926103901e+04  2.5326129324e+04  3.5406138311e+04  4.7166138146e+04
    14.550  1.8179238166e+03  5.2017937148e+03  1.0276816447e+04  1.7043357735e+04  2.5501483308e+04  3.5651212420e+04  4.7492552374e+04
    14.600  1.8306403750e+03  5.2378318533e+03  1.0347835049e+04  1.7161016561e+04  2.5677442284e+04  3.5897131520e+04  4.7820091590e+04
    14.650  1.8434019396e+03  5.2739949885e+03  1.0419098644e+04  1.7279080379e+04  2.5854006251e+04  3.6143895609e+04  4.8148755796e+04
    14.700  1.8562085102e+03  5.3102831202e+03  1.0490607234e+04  1.7397549190e+04  2.6031175209e+04  3.6391504690e+04  4.8478544993e+04
    14.750  1.8690600867e+03  5.3466962486e+03  1.0562360818e+04  1.7516422993e+04  2.6208949158e+04  3.6639958760e+04  4.8809459177e+04
    14.800  1.8819566692e+03  5.3832343737e+03  1.0634359395e+04  1.7635701789e+04  2.6387328100e+04  3.6889257821e+04  4.9141498351e+04
    14.850  1.8948982576e+03  5.4198974955e+03  1.0706602967e+04  1.7755385577e+04  2.6566312032e+04  3.7139401872e+04  4.9474662515e+04
    14.900  1.9078848517e+03  5.4566856140e+03  1.0779091532e+04  1.7875474358e+04  2.6745900956e+04  3.7390390914e+04  4.9808951666e+04
    14.950  1.9209164517e+03  5.4935987293e+03  1.0851825092e+04  1.7995968132e+04  2.6926094871e+04  3.7642224947e+04  5.0144365808e+04
    15.000  1.9339930573e+03  5.5306368414e+03  1.0924803646e+04  1.8116866898e+04  2.7106893779e+04  3.7894903971e+04  5.0480904942e+04
    15.050  1.9471146686e+03  5.5677999502e+03  1.0998027194e+04  1.8238170658e+04  2.7288297678e+04  3.8148427985e+04  5.0818569064e+04
    15.100  1.9602812856e+03  5.6050880558e+03  1.1071495736e+04  1.8359879410e+04  2.7470306569e+04  3.8402796990e+04  5.1157358176e+04
    15.150  1.9734929080e+03  5.6425011583e+03  1.1145209272e+04  1.8481993155e+04  2.7652920452e+04  3.8658010986e+04  5.1497272279e+04
    15.200  1.9867495360e+03  5.6800392577e+03  1.1219167803e+04  1.8604511893e+04  2.7836139327e+04  3.8914069973e+04  5.1838311372e+04
    15.250  2.0000511695e+03  5.7177023539e+03  1.1293371328e+04  1.8727435624e+04  2.8019963194e+04  3.9170973952e+04  5.2180475457e+04
    15.300  2.0133978083e+03  5.7554904471e+03  1.1367819848e+04  1.8850764348e+04  2.8204392053e+04  3.9428722922e+04  5.2523764528e+04
    15.350  2.0267894525e+03  5.7934035372e+03  1.1442513362e+04  1.8974498065e+04  2.8389425905e+04  3.9687316883e+04  5.2868178591e+04
    15.400  2.0402261020e+03  5.8314416242e+03  1.1517451870e+04  1.9098636776e+04  2.8575064748e+04  3.9946755835e+04  5.3213717647e+04
    15.450  2.0537077568e+03  5.8696047083e+03  1.1592635374e+04  1.9223180480e+04  2.8761308584e+04  4.0207039779e+04  5.3560381692e+04
    15.500  2.0672344168e+03  5.9078927893e+03  1.1668063871e+04  1.9348129177e+04  2.8948157413e+04  4.0468168716e+04  5.3908170727e+04
    15.550  2.0808060820e+03  5.9463058673e+03  1.1743737364e+04  1.9473482868e+04  2.9135611234e+04  4.0730142643e+04  5.4257084754e+04
    15.600  2.0944227523e+03  5.9848439424e+03  1.1819655851e+04  1.9599241552e+04  2.9323670047e+04  4.0992961561e+04  5.4607123771e+04
    15.650  2.1080844276e+03  6.0235070146e+03  1.1895819332e+04  1.9725405229e+04  2.9512333853e+04  4.1256625472e+04  5.4958287780e+04
    15.700  2.1217911080e+03  6.0622950838e+03  1.1972227809e+04  1.9851973900e+04  2.9701602652e+04  4.1521134375e+04  5.5310576780e+04
    15.750  2.1355427934e+03  6.1012081502e+03  1.2048881280e+04  1.9978947565e+04  2.9891476443e+04  4.1786488269e+04  5.5663990770e+04
    15.800  2.1493394838e+03  6.1402462136e+03  1.2125779746e+04  2.0106326223e+04  3.0081955227e+04  4.2052687156e+04  5.6018529751e+04
    15.850  2.1631811790e+03  6.1794092743e+03  1.2202923207e+04  2.0234109875e+04  3.0273039004e+04  4.2319731034e+04  5.6374193724e+04
    15.900  2.1770678791e+03  6.2186973321e+03  1.2280311663e+04  2.0362298521e+04  3.0464727774e+04  4.2587619904e+04  5.6730982688e+04
    15.950  2.1909995841e+03  6.2581103871e+03  1.2357945114e+04  2.0490892161e+04  3.0657021536e+04  4.2856353767e+04  5.7088896645e+04
    16.000  2.2049762938e+03  6.2976484393e+03  1.2435823560e+04  2.0619890794e+04  3.0849920292e+04  4.3125932622e+04  5.7447935591e+04
    16.050  2.2189980082e+03  6.3373114887e+03  1.2513947000e+04  2.0749294421e+04  3.1043424041e+04  4.3396356469e+04  5.7808099530e+04
    16.100  2.2330647273e+03  6.3770995354e+03  1.2592315436e+04  2.0879103042e+04  3.1237532783e+04  4.3667625310e+04  5.8169388461e+04
    16.150  2.2471764511e+03  6.4170125793e+03  1.2670928867e+04  2.1009316658e+04  3.1432246518e+04  4.3939739143e+04  5.8531802384e+04
    16.200  2.2613331795e+03  6.4570506205e+03  1.2749787294e+04  2.1139935267e+04  3.1627565247e+04  4.4212697967e+04  5.8895341296e+04
    16.250  2.2755349125e+03  6.4972136591e+03  1.2828890715e+04  2.1270958870e+04  3.1823488969e+04  4.4486501784e+04  5.9260005202e+04
    16.300  2.2897816500e+03  6.5375016949e+03  1.2908239132e+04  2.1402387468e+04  3.2020017684e+04  4.4761150595e+04  5.9625794100e+04
    16.350  2.3040733920e+03  6.5779147282e+03  1.2987832543e+04  2.1534221059e+04  3.2217151392e+04  4.5036644396e+04  5.9992707990e+04
    16.400  2.3184101385e+03  6.6184527587e+03  1.3067670950e+04  2.1666459645e+04  3.2414890094e+04  4.5312983192e+04  6.0360746871e+04
    16.450  2.3327918894e+03  6.6591157867e+03  1.3147754353e+04  2.1799103225e+04  3.2613233789e+04  4.5590166980e+04  6.0729910746e+04
    16.500  2.3472186447e+03  6.6999038121e+03  1.3228082751e+04  2.1932151800e+04  3.2812182478e+04  4.5868195762e+04  6.1100199613e+04
    16.550  2.3616904043e+03  6.7408168349e+03  1.3308656144e+04  2.2065605369e+04  3.3011736161e+04  4.6147069534e+04  6.1471613471e+04
    16.600  2.3762071682e+03  6.7818548550e+03  1.3389474532e+04  2.2199463932e+04  3.3211894837e+04  4.6426788302e+04  6.1844152321e+04
    16.650  2.3907689364e+03  6.8230178727e+03  1.3470537916e+04  2.2333727489e+04  3.3412658507e+04  4.6707352062e+04  6.2217816163e+04
    16.700  2.4053757088e+03  6.8643058878e+03  1.3551846296e+04  2.2468396042e+04  3.3614027171e+04  4.6988760815e+04  6.2592605000e+04
    16.750  2.4200274855e+03  6.9057189005e+03  1.3633399671e+04  2.2603469588e+04  3.3816000828e+04  4.7271014562e+04  6.2968518827e+04
    16.800  2.4347242663e+03  6.9472569106e+03  1.3715198042e+04  2.2738948129e+04  3.4018579480e+04  4.7554113301e+04  6.3345557647e+04
    16.850  2.4494660512e+03  6.9889199183e+03  1.3797241408e+04  2.2874831665e+04  3.4221763125e+04  4.7838057035e+04  6.3723721462e+04
    16.900  2.4642528402e+03  7.0307079235e+03  1.3879529770e+04  2.3011120196e+04  3.4425551764e+04  4.8122845760e+04  6.4103010268e+04
    16.950  2.4790846333e+03  7.0726209263e+03  1.3962063127e+04  2.3147813721e+04  3.4629945397e+04  4.8408479480e+04  6.4483424067e+04
    17.000  2.4939614304e+03  7.1146589266e+03  1.4044841480e+04  2.3284912241e+04  3.4834944024e+04  4.8694958191e+04  6.4864962858e+04
    17.050  2.5088832315e+03  7.1568219246e+03  1.4127864829e+04  2.3422415755e+04  3.5040547645e+04  4.8982281900e+04  6.5247626643e+04
    17.100  2.5238500366e+03  7.1991099201e+03  1.4211133174e+04  2.3560324265e+04  3.5246756261e+04  4.9270450600e+04  6.5631415421e+04
    17.150  2.5388618456e+03  7.2415229133e+03  1.4294646514e+04  2.3698637770e+04  3.5453569870e+04  4.9559464294e+04  6.6016329191e+04
    17.200  2.5539186585e+03  7.2840609041e+03  1.4378404851e+04  2.3837356268e+04  3.5660988474e+04  4.9849322980e+04  6.6402367954e+04
    17.250  2.5690204753e+03  7.3267238926e+03  1.4462408183e+04  2.3976479762e+04  3.5869012072e+04  5.0140026660e+04  6.6789531712e+04
    17.300  2.5841672959e+03  7.3695118787e+03  1.4546656511e+04  2.4116008251e+04  3.6077640665e+04  5.0431575335e+04  6.7177820461e+04
    17.350  2.5993591203e+03  7.4124248626e+03  1.4631149835e+04  2.4255941735e+04  3.6286874252e+04  5.0723969001e+04  6.7567234204e+04
    17.400  2.6145959485e+03  7.4554628442e+03  1.4715888155e+04  2.4396280216e+04  3.6496712833e+04  5.1017207666e+04  6.7957772941e+04
    17.450  2.6298777804e+03  7.4986258235e+03  1.4800871470e+04  2.4537023691e+04  3.6707156408e+04  5.1311291328e+04  6.8349436670e+04
    17.500  2.6452046160e+03  7.5419138005e+03  1.4886099782e+04  2.4678172159e+04  3.6918204979e+04  5.1606219969e+04  6.8742225393e+04
    17.550  2.6605764553e+03  7.5853267752e+03  1.4971573090e+04  2.4819725622e+04  3.7129858543e+04  5.1901993613e+04  6.9136139110e+04
    17.600  2.6759932983e+03  7.6288647478e+03  1.5057291394e+04  2.4961684083e+04  3.7342117103e+04  5.2198612259e+04  6.9531177820e+04
    17.650  2.6914551449e+03  7.6725277182e+03  1.5143254694e+04  2.5104047538e+04  3.7554980656e+04  5.2496075887e+04  6.9927341525e+04
    17.700  2.7069619950e+03  7.7163156861e+03  1.5229462990e+04  2.5246815988e+04  3.7768449204e+04  5.2794384515e+04  7.0324630220e+04
    17.750  2.7225138488e+03  7.7602286521e+03  1.5315916282e+04  2.5389989433e+04  3.7982522748e+04  5.3093538140e+04  7.0723043911e+04
    17.800  2.7381107061e+03  7.8042666158e+03  1.5402614570e+04  2.5533567872e+04  3.8197201286e+04  5.3393536743e+04  7.1122582596e+04
    17.850  2.7537525669e+03  7.8484295775e+03  1.5489557855e+04  2.5677551312e+04  3.8412484818e+04  5.3694380364e+04  7.1523246274e+04
    17.900  2.7694394311e+03  7.8927175369e+03  1.5576746135e+04  2.5821939743e+04  3.8628373346e+04  5.3996068962e+04  7.1925034945e+04
    17.950  2.7851712988e+03  7.9371304948e+03  1.5664179413e+04  2.5966733172e+04  3.8844866868e+04  5.4298602565e+04  7.2327948613e+04
    18.000  2.8009481700e+03  7.9814199116e+03  1.5751857686e+04  2.6111123838e+04  3.9061965385e+04  5.4600294626e+04  7.2731987272e+04
    18.050  2.8167700445e+03  8.0263314023e+03  1.5839780955e+04  2.6257535010e+04  3.9279668898e+04  5.4906204704e+04  7.3137150926e+04
    18.100  2.8326369224e+03  8.0711193533e+03  1.5927949221e+04  2.6403543421e+04  3.9497977404e+04  5.5211273319e+04  7.3543439575e+04
    18.150  2.8485488037e+03  8.1160323025e+03  1.6016362483e+04  2.6549956836e+04  3.9716890907e+04  5.5517186904e+04  7.3950853216e+04
    18.200  2.8645056883e+03  8.1610702497e+03  1.6105020742e+04  2.6696775235e+04  3.9936409404e+04  5.5823945465e+04  7.4359391852e+04
    18.250  2.8805075762e+03  8.2062331941e+03  1.6193923997e+04  2.6843998636e+04  4.0156532896e+04  5.6131549039e+04  7.4769055481e+04
    18.300  2.8965544673e+03  8.2515211372e+03  1.6283072248e+04  2.6991627033e+04  4.0377261383e+04  5.6439997587e+04  7.5179844106e+04
    18.350  2.9126463617e+03  8.2969340779e+03  1.6372465496e+04  2.7139660423e+04  4.0598594866e+04  5.6749291139e+04  7.5591757724e+04
    18.400  2.9287832593e+03  8.3424720168e+03  1.6462103740e+04  2.7288098810e+04  4.0820533343e+04  5.7059429687e+04  7.6004796338e+04
    18.450  2.9449651600e+03  8.3881349535e+03  1.6551986981e+04  2.7436942193e+04  4.1043076817e+04  5.7370413236e+04  7.6418959944e+04
    18.500  2.9611920640e+03  8.4339228882e+03  1.6642115219e+04  2.7586190572e+04  4.1266225284e+04  5.7682241772e+04  7.6834248548e+04
    18.550  2.9774639711e+03  8.4798358211e+03  1.6732488452e+04  2.7735843946e+04  4.1489978748e+04  5.7994915303e+04  7.7250662142e+04
    18.600  2.9937808813e+03  8.5258737521e+03  1.6823106683e+04  2.7885902316e+04  4.1714337206e+04  5.8308433831e+04  7.7668200732e+04
    18.650  3.0101427946e+03  8.5720366811e+03  1.6913969910e+04  2.8036365683e+04  4.1939300661e+04  5.8622797352e+04  7.8086864317e+04
    18.700  3.0265497110e+03  8.6183246081e+03  1.7005078134e+04  2.8187234045e+04  4.2164869110e+04  5.8938005880e+04  7.8506652897e+04
    18.750  3.0430016304e+03  8.6647375332e+03  1.7096431354e+04  2.8338507403e+04  4.2391042555e+04  5.9254059386e+04  7.8927566470e+04
    18.800  3.0594985529e+03  8.7112754565e+03  1.7188029571e+04  2.8490185757e+04  4.2617820995e+04  5.9570957895e+04  7.9349605039e+04
    18.850  3.0760404783e+03  8.7579383778e+03  1.7279872784e+04  2.8642269107e+04  4.2845204431e+04  5.9888701392e+04  7.9772768600e+04
    18.900  3.0926274067e+03  8.8047262972e+03  1.7371960995e+04  2.8794757453e+04  4.3073192862e+04  6.0207289893e+04  8.0197057158e+04
    18.950  3.1092593381e+03  8.8516392149e+03  1.7464294202e+04  2.8947650795e+04  4.3301786289e+04  6.0526723385e+04  8.0622470712e+04
    19.000  3.1259362724e+03  8.8986771306e+03  1.7556872406e+04  2.9100949133e+04  4.3530984711e+04  6.0847001875e+04  8.1049009259e+04
    19.050  3.1426582097e+03  8.9458400445e+03  1.7649695606e+04  2.9254652467e+04  4.3760788129e+04  6.1168125355e+04  8.1476672799e+04
    19.100  3.1594251498e+03  8.9931279565e+03  1.7742763804e+04  2.9408760797e+04  4.3991196543e+04  6.1490093833e+04  8.1905461338e+04
    19.150  3.1762370927e+03  9.0405408669e+03  1.7836076998e+04  2.9563274124e+04  4.4222209953e+04  6.1812907311e+04  8.2335374870e+04
    19.200  3.1930940386e+03  9.0880787753e+03  1.7929635189e+04  2.9718192446e+04  4.4453828357e+04  6.2136565780e+04  8.2766413396e+04
    19.250  3.2099959872e+03  9.1357416820e+03  1.8023438377e+04  2.9873515765e+04  4.4686051758e+04  6.2461069244e+04  8.3198576918e+04
    19.300  3.2269429387e+03  9.1835295868e+03  1.8117486561e+04  3.0029244079e+04  4.4918880155e+04  6.2786417702e+04  8.3631865434e+04
    19.350  3.2439348929e+03  9.2314424899e+03  1.8211779743e+04  3.0185377390e+04  4.5152313547e+04  6.3112611157e+04  8.4066278945e+04
    19.400  3.2609718499e+03  9.2794803913e+03  1.8306317922e+04  3.0341915698e+04  4.5386351936e+04  6.3439649610e+04  8.4501817453e+04
    19.450  3.2780538097e+03  9.3276432908e+03  1.8401101097e+04  3.0498859002e+04  4.5620995320e+04  6.3767533054e+04  8.4938480956e+04
    19.500  3.2951807721e+03  9.3759311887e+03  1.8496129270e+04  3.0656207302e+04  4.5856243700e+04  6.4096261498e+04  8.5376269453e+04
    19.550  3.3123527373e+03  9.4243440848e+03  1.8591402439e+04  3.0813960598e+04  4.6092097075e+04  6.4425834936e+04  8.5815182943e+04
    19.600  3.3295697051e+03  9.4728819792e+03  1.8686920606e+04  3.0972118891e+04  4.6328555446e+04  6.4756253370e+04  8.6255221429e+04
    19.650  3.3468316757e+03  9.5215448719e+03  1.8782683769e+04  3.1130682181e+04  4.6565618814e+04  6.5087516795e+04  8.6696384914e+04
    19.700  3.3641386488e+03  9.5703327629e+03  1.8878691930e+04  3.1289650466e+04  4.6803287179e+04  6.5419625222e+04  8.7138673392e+04
    19.750  3.3814906246e+03  9.6192456522e+03  1.8974945087e+04  3.1449023749e+04  4.7041560538e+04  6.5752578641e+04  8.7582086864e+04
    19.800  3.3988876030e+03  9.6682835399e+03  1.9071443242e+04  3.1608802026e+04  4.7280438893e+04  6.6086377054e+04  8.8026625334e+04
    19.850  3.4163295839e+03  9.7174464259e+03  1.9168186394e+04  3.1768985302e+04  4.7519922245e+04  6.6421020465e+04  8.8472288799e+04
    19.900  3.4338165675e+03  9.7667343103e+03  1.9265174543e+04  3.1929573572e+04  4.7760010594e+04  6.6756508872e+04  8.8919077256e+04
    19.950  3.4513485535e+03  9.8161471929e+03  1.9362407689e+04  3.2090566840e+04  4.8000703937e+04  6.7092842275e+04  8.9366990712e+04
    20.000  3.4689255421e+03  9.8656850740e+03  1.9459885832e+04  3.2251965106e+04  4.8242002278e+04  6.7430020675e+04  8.9816029162e+04
