 #   eta         1                 2                 3                 4                 5                 6                 7                 8                 9                10
     0.000  2.0000000000e+00  6.0000000000e+00  1.2000000000e+01  2.0000000000e+01  3.0000000000e+01  4.2000000000e+01  5.6000000000e+01  7.2000000000e+01  9.0000000000e+01  1.1000000000e+02
     0.050  2.0010003858e+00  6.0064345892e+00  1.2014017582e+01  2.0024057856e+01  3.0036588038e+01  4.2051616204e+01  5.6069145198e+01  7.2089176242e+01  9.0111709934e+01  1.1013674660e+02
     0.100  2.0040061774e+00  6.0258107917e+00  1.2056282281e+01  2.0096616118e+01  3.0146950511e+01  4.2207318825e+01  5.6277732730e+01  7.2358197224e+01  9.0448714752e+01  1.1054928663e+02
     0.150  2.0090313112e+00  6.0583475870e+00  1.2127437317e+01  2.0218844915e+01  3.0332908651e+01  4.2469708015e+01  5.6629270437e+01  7.2811607607e+01  9.1016725227e+01  1.1124462636e+02
     0.200  2.0160991268e+00  6.1044155684e+00  1.2228579637e+01  2.0392749109e+01  3.0597587237e+01  4.2843247805e+01  5.7129782834e+01  7.3457214309e+01  9.1825552909e+01  1.1223480435e+02
     0.250  2.0252425354e+00  6.1645455521e+00  1.2361298715e+01  2.0621254555e+01  3.0945556677e+01  4.3334473979e+01  5.7788095312e+01  7.4306457744e+01  9.2889579172e+01  1.1353746915e+02
     0.300  2.0365042544e+00  6.2394409576e+00  1.2527733759e+01  2.0908337815e+01  3.1383049021e+01  4.3952311372e+01  5.8616268777e+01  7.5374980210e+01  9.4228473882e+01  1.1517676477e+02
     0.350  2.0499371073e+00  6.3299942798e+00  1.2730652432e+01  2.1259209400e+01  3.1918267680e+01  4.4708531569e+01  5.9630228409e+01  7.6683449459e+01  9.5868237786e+01  1.1718461609e+02
     0.400  2.0656043876e+00  6.4373080411e+00  1.2973555268e+01  2.1680565049e+01  3.2561820690e+01  4.5618398684e+01  6.0850654403e+01  7.8258728063e+01  9.7842684674e+01  1.1960255812e+02
     0.450  2.0835802820e+00  6.5627206456e+00  1.3260811202e+01  2.2180925375e+01  3.3327321546e+01  4.6701575720e+01  6.2304239317e+01  8.0135529252e+01  1.0019554422e+02  1.2248433488e+02
     0.500  2.1039503506e+00  6.7078375403e+00  1.3597830850e+01  2.2771091705e+01  3.4232222015e+01  4.7983401817e+01  6.4025474549e+01  8.2358779985e+01  1.0298347096e+02  1.2589962452e+02
     0.550  2.1268120563e+00  6.8745679490e+00  1.3991285171e+01  2.3464755061e+01  3.5298970466e+01  4.9496709230e+01  6.6059221774e+01  8.4987044147e+01  1.0628041971e+02  1.2993946951e+02
     0.600  2.1522753331e+00  7.0651671343e+00  1.4449377176e+01  2.4279305290e+01  3.6556629479e+01  5.1284439139e+01  6.8464478475e+01  8.8097583141e+01  1.1018415006e+02  1.3472437759e+02
     0.650  2.1804631817e+00  7.2822835135e+00  1.4982172229e+01  2.5236894971e+01  3.8043137674e+01  5.3403451628e+01  7.1319999488e+01  9.1794020748e+01  1.1482616332e+02  1.4041676482e+02
     0.700  2.2115122727e+00  7.5290088456e+00  1.5601985451e+01  2.6365808855e+01  3.9808451770e+01  5.5930115217e+01  7.4732844446e+01  9.6218260996e+01  1.2038736892e+02  1.4724074545e+02
     0.750  2.2455735334e+00  7.8089278550e+00  1.6323808015e+01  2.7702151520e+01  4.1918810476e+01  5.8968468888e+01  7.8851523046e+01  1.0156946869e+02  1.2712361475e+02  1.5551487143e+02
     0.800  2.2828126863e+00  8.1261607544e+00  1.7165719419e+01  2.9291742799e+01  4.4462180242e+01  6.2661756074e+01  8.3886036156e+01  1.0813464308e+02  1.3540843937e+02  1.6570845726e+02
     0.850  2.3234106975e+00  8.4853878771e+00  1.8149168025e+01  3.1191800545e+01  4.7554195090e+01  6.7207106887e+01  9.0136560874e+01  1.1633644739e+02  1.4580457713e+02  1.7854058918e+02
     0.900  2.3675640828e+00  8.8918399294e+00  1.9298895347e+01  3.3471331944e+01  5.1341744875e+01  7.2868579349e+01  9.8025702414e+01  1.2679673372e+02  1.5917158931e+02  1.9514425380e+02
     0.950  2.4154850072e+00  9.3512308012e+00  2.0642135881e+01  3.6208037331e+01  5.5996593707e+01  7.9970220058e+01  1.0810063179e+02  1.4036598485e+02  1.7674915997e+02  2.1723663432e+02
     1.000  2.4674011003e+00  9.8696044011e+00  2.2206609902e+01  3.9478417604e+01  6.1685027507e+01  8.8826439610e+01  1.2090265391e+02  1.5791367042e+02  1.9985948912e+02  2.4674011003e+02
     1.050  2.5235548972e+00  1.0453066982e+01  2.4016935993e+01  4.3338847020e+01  6.8503532362e+01  9.9573514896e+01  1.3659650495e+02  1.7960948520e+02  2.2864129832e+02  2.8371444651e+02
     1.100  2.5842028033e+00  1.1107388934e+01  2.6089735742e+01  4.7802404460e+01  7.6409294624e+01  1.1201020574e+02  1.5466419758e+02  2.0440463337e+02  2.6124920178e+02  3.2520645240e+02
     1.150  2.6496134740e+00  1.1837492689e+01  2.8428977616e+01  5.2827485056e+01  8.5223418795e+01  1.2569713281e+02  1.7427711108e+02  2.3097041508e+02  2.9577668408e+02  3.6869374265e+02
     1.200  2.7200655017e+00  1.2646897345e+01  3.1024185427e+01  5.8333115069e+01  9.4729147031e+01  1.4024726870e+02  1.9488892654e+02  2.5864985873e+02  3.3152654967e+02  4.1351686054e+02
     1.250  2.7958443127e+00  1.3537250036e+01  3.3853357132e+01  6.4232321289e+01  1.0476608981e+02  1.5545706745e+02  2.1629836888e+02  2.8728571923e+02  3.6841706445e+02  4.5969144128e+02
     1.300  2.8772382047e+00  1.4508101456e+01  3.6889493572e+01  7.0457805061e+01  1.1524866571e+02  1.7125238181e+02  2.3846296163e+02  3.1687801116e+02  4.0649657227e+02  5.0731821852e+02
     1.350  2.9645335047e+00  1.5557038045e+01  4.0107210532e+01  7.6967886761e+01  1.2614033703e+02  1.8761432426e+02  2.6138622231e+02  3.4745482249e+02  4.4581965472e+02  5.5648050372e+02
     1.400  3.0580088945e+00  1.6680163820e+01  4.3486559286e+01  8.3740286807e+01  1.3742790507e+02  2.0454204759e+02  2.8508071827e+02  3.7904328007e+02  4.8642947744e+02  6.0723918956e+02
     1.450  3.1579290489e+00  1.7872790120e+01  4.7013716653e+01  9.0764089148e+01  1.4910756269e+02  2.2203952775e+02  3.0955887726e+02  4.1166525017e+02  5.2835849688e+02  6.5963854533e+02
     1.500  3.2645378369e+00  1.9130125615e+01  5.0679868820e+01  9.8034174670e+01  1.6117897489e+02  2.4011152763e+02  3.3483119369e+02  4.4533775735e+02  5.7163112742e+02  7.1371125953e+02
     1.550  3.3780514556e+00  2.0447796872e+01  5.4479651544e+01  1.0554820011e+02  1.7364300926e+02  2.5876246405e+02  3.6090618264e+02  4.8007403287e+02  6.1626595825e+02  7.6948193116e+02
     1.600  3.4986519661e+00  2.1822131293e+01  5.8409850326e+01  1.1330513503e+02  1.8650088526e+02  2.7799614826e+02  3.8779069328e+02  5.1588443934e+02  6.6227735166e+02  8.2696941320e+02
     1.650  3.6264817623e+00  2.3250229078e+01  6.2468522780e+01  1.2130457967e+02  1.9975385360e+02  2.9781578779e+02  4.1549024538e+02  5.5277717815e+02  7.0967656539e+02  8.8618839695e+02
     1.700  3.7616395080e+00  2.4729897979e+01  6.6654467520e+01  1.2954644356e+02  2.1340307836e+02  3.1822406048e+02  4.4400931383e+02  5.9075881181e+02  7.5847254307e+02  9.4715050207e+02
     1.750  3.9041779984e+00  2.6259525691e+01  7.0966919338e+01  1.3803078849e+02  2.2744960005e+02  3.3922320021e+02  4.7335155334e+02  6.2983464742e+02  8.0867247746e+02  1.0098650410e+03
     1.800  4.0541042432e+00  2.7837942374e+01  7.5405376678e+01  1.4675774873e+02  2.4189433144e+02  3.6081507526e+02  5.0351997203e+02  6.7000901972e+02  8.6028221768e+02  1.0743395657e+03
     1.850  4.2113818468e+00  2.9464300643e+01  7.9969502689e+01  1.5572748931e+02  2.5673806634e+02  3.8300125463e+02  5.3451706488e+02  7.1128550194e+02  9.1330656817e+02  1.1405802648e+03
     1.900  4.3759355089e+00  3.1137982007e+01  8.4659066771e+01  1.6494018384e+02  2.7198149274e+02  4.0578306237e+02  5.6634491645e+02  7.5366706457e+02  9.6774951120e+02  1.2085922586e+03
     1.950  4.5476572348e+00  3.2858528720e+01  8.9473908826e+01  1.7439600293e+02  2.8762520657e+02  4.2916162153e+02  5.9900528049e+02  7.9715619633e+02  1.0236143750e+03  1.2783798194e+03
     2.000  4.7264136702e+00  3.4625596110e+01  9.4413916619e+01  1.8409510831e+02  3.0366972455e+02  4.5313788954e+02  6.3249964205e+02  8.4175499721e+02  1.0809039619e+03  1.3499465396e+03
     2.050  4.9120538992e+00  3.6438919887e+01  9.9479011015e+01  1.9403765011e+02  3.2011549563e+02  4.7771268674e+02  6.6682926628e+02  8.8746525089e+02  1.1396206481e+03  1.4232954617e+03
     2.100  5.1044170587e+00  3.8298293841e+01  1.0466913612e+02  2.0422376605e+02  3.3696291084e+02  5.0288671937e+02  7.0199523710e+02  9.3428848158e+02  1.1997664608e+03  1.4984291787e+03
     2.150  5.3033392354e+00  4.0203554515e+01  1.0998425253e+02  2.1465358141e+02  3.5421231175e+02  5.2866059830e+02  7.3799848804e+02  9.8222599912e+02  1.2613431397e+03  1.5753499140e+03
     2.200  5.5086592654e+00  4.2154570531e+01  1.1542433270e+02  2.2532720975e+02  3.7186399760e+02  5.5503485414e+02  7.7483982713e+02  1.0312789350e+03  1.3243521860e+03  1.6540595843e+03
     2.250  5.7202232409e+00  4.4151235001e+01  1.2098935763e+02  2.3624475362e+02  3.8991823136e+02  5.8200994980e+02  8.1251995694e+02  1.0814482712e+03  1.3887949010e+03  1.7345598505e+03
     2.300  5.9378876906e+00  4.6193460042e+01  1.2667931452e+02  2.4740630560e+02  4.0837524477e+02  6.0958629066e+02  8.5103949103e+02  1.1327348643e+03  1.4546724186e+03  1.8168521583e+03
     2.350  6.1615215300e+00  4.8281172715e+01  1.3249419510e+02  2.5881194915e+02  4.2723524274e+02  6.3776423305e+02  8.9039896735e+02  1.1851394638e+03  1.5219857306e+03  1.9009377719e+03
     2.400  6.3910069636e+00  5.0414311984e+01  1.3843399443e+02  2.7046175960e+02  4.4649840689e+02  6.6654409131e+02  9.3059885940e+02  1.2386627291e+03  1.5907357083e+03  1.9868178013e+03
     2.450  6.6262395590e+00  5.2592826389e+01  1.4449870994e+02  2.8235580490e+02  4.6616489873e+02  6.9592614366e+02  9.7163958540e+02  1.2933052415e+03  1.6609231198e+03  2.0744932244e+03
     2.500  6.8671277205e+00  5.4816672252e+01  1.5068834084e+02  2.9449414647e+02  4.8623486220e+02  7.2591063715e+02  1.0135215160e+03  1.3490675160e+03  1.7325486449e+03  2.1639649064e+03
     2.550  7.1135917675e+00  5.7085812268e+01  1.5700288758e+02  3.0687683984e+02  5.0670842599e+02  7.5649779176e+02  1.0562449809e+03  1.4059500100e+03  1.8056128868e+03  2.2552336151e+03
     2.600  7.3655627910e+00  5.9400214396e+01  1.6344235154e+02  3.1950393530e+02  5.2758570539e+02  7.8768780401e+02  1.0998102738e+03  1.4639531310e+03  1.8801163831e+03  2.3483000338e+03
     2.650  7.6229814215e+00  6.1759850968e+01  1.7000673471e+02  3.3237547844e+02  5.4886680396e+02  8.1948084986e+02  1.1442176576e+03  1.5230772432e+03  1.9560596137e+03  2.4431647728e+03
     2.700  7.8857966031e+00  6.4164697982e+01  1.7669603951e+02  3.4549151066e+02  5.7055181496e+02  8.5187708731e+02  1.1894673681e+03  1.5833226728e+03  2.0334430085e+03  2.5398283785e+03
     2.750  8.1539644380e+00  6.6614734514e+01  1.8351026865e+02  3.5885206961e+02  5.9264082251e+02  8.8487665859e+02  1.2355596171e+03  1.6446897132e+03  2.1122669536e+03  2.6382913417e+03
     2.800  8.4274471373e+00  6.9109942253e+01  1.9044942500e+02  3.7245718957e+02  6.1513390270e+02  9.1847969201e+02  1.2824945957e+03  1.7071786284e+03  2.1925317967e+03  2.7385541039e+03
     2.850  8.7062120925e+00  7.1650305105e+01  1.9751351153e+02  3.8630690179e+02  6.3803112447e+02  9.5268630360e+02  1.3302724763e+03  1.7707896568e+03  2.2742378515e+03  2.8406170636e+03
     2.900  8.9902310740e+00  7.4235808876e+01  2.0470253122e+02  4.0040123483e+02  6.6133255041e+02  9.8749659851e+02  1.3788934152e+03  1.8355230143e+03  2.3573854019e+03  2.9444805813e+03
     2.950  9.2794795470e+00  7.6866441002e+01  2.1201648704e+02  4.1474021479e+02  6.8503823747e+02  1.0229106722e+03  1.4283575540e+03  1.9013788963e+03  2.4419747052e+03  3.0501449836e+03
     3.000  9.5739360964e+00  7.9542190325e+01  2.1945538189e+02  4.2932386559e+02  7.0914823754e+02  1.0589286116e+03  1.4786650216e+03  1.9683574809e+03  2.5280059950e+03  3.1576105672e+03
     3.050  9.8735819451e+00  8.2263046905e+01  2.2701921861e+02  4.4415220915e+02  7.3366259800e+02  1.0955504957e+03  1.5298159354e+03  2.0364589297e+03  2.6154794843e+03  3.2668776020e+03
     3.100  1.0178400555e+01  8.5029001860e+01  2.3470799995e+02  4.5922526562e+02  7.5858136219e+02  1.1327763971e+03  1.5818104025e+03  2.1056833906e+03  2.7043953669e+03  3.3779463344e+03
     3.150  1.0488377294e+01  8.7840047233e+01  2.4252172856e+02  4.7454305353e+02  7.8390456979e+02  1.1706063818e+03  1.6346485206e+03  2.1760309984e+03  2.7947538203e+03  3.4908169892e+03
     3.200  1.0803499161e+01  9.0696175875e+01  2.5046040696e+02  4.9010558991e+02  8.0963225722e+02  1.2090405103e+03  1.6883303796e+03  2.2475018766e+03  2.8865550066e+03  3.6054897722e+03
     3.250  1.1123754560e+01  9.3597381345e+01  2.5852403758e+02  5.0591289051e+02  8.3576445793e+02  1.2480788385e+03  1.7428560616e+03  2.3200961386e+03  2.9797990746e+03  3.7219648721e+03
     3.300  1.1449133106e+01  9.6543657831e+01  2.6671262274e+02  5.2196496984e+02  8.6230120273e+02  1.2877214173e+03  1.7982256422e+03  2.3938138885e+03  3.0744861609e+03  3.8402424621e+03
     3.350  1.1779625466e+01  9.9535000072e+01  2.7502616464e+02  5.3826184131e+02  8.8924251998e+02  1.3279682939e+03  1.8544391910e+03  2.4686552218e+03  3.1706163912e+03  3.9603227015e+03
     3.400  1.2115223227e+01  1.0257140330e+02  2.8346466537e+02  5.5480351735e+02  9.1658843588e+02  1.3688195117e+03  1.9114967718e+03  2.5446202267e+03  3.2681898810e+03  4.0822057370e+03
     3.450  1.2455918782e+01  1.0565286317e+02  2.9202812692e+02  5.7159000945e+02  9.4433897461e+02  1.4102751107e+03  1.9693984440e+03  2.6217089846e+03  3.3672067371e+03  4.2058917038e+03
     3.500  1.2801705231e+01  1.0877937574e+02  3.0071655118e+02  5.8862132828e+02  9.7249415857e+02  1.4523351279e+03  2.0281442620e+03  2.6999215706e+03  3.4676670582e+03  4.3313807269e+03
     3.550  1.3152576303e+01  1.1195093740e+02  3.0952993994e+02  6.0589748376e+02  1.0010540085e+03  1.4949995977e+03  2.0877342765e+03  2.7792580542e+03  3.5695709353e+03  4.4586729219e+03
     3.600  1.3508526283e+01  1.1516754487e+02  3.1846829488e+02  6.2341848508e+02  1.0300185436e+03  1.5382685519e+03  2.1481685341e+03  2.8597184998e+03  3.6729184529e+03  4.5877683956e+03
     3.650  1.3869549950e+01  1.1842919513e+02  3.2753161763e+02  6.4118434082e+02  1.0593877818e+03  1.5821420198e+03  2.2094470785e+03  2.9413029669e+03  3.7777096892e+03  4.7186672473e+03
     3.700  1.4235642527e+01  1.2173588540e+02  3.3671990968e+02  6.5919505896e+02  1.0891617396e+03  1.6266200288e+03  2.2715699497e+03  3.0240115111e+03  3.8839447169e+03  4.8513695691e+03
     3.750  1.4606799630e+01  1.2508761316e+02  3.4603317249e+02  6.7745064693e+02  1.1193404325e+03  1.6717026046e+03  2.3345371855e+03  3.1078441838e+03  3.9916236036e+03  4.9858754466e+03
     3.800  1.4983017234e+01  1.2848437605e+02  3.5547140741e+02  6.9595111169e+02  1.1499238750e+03  1.7173897706e+03  2.3983488205e+03  3.1928010331e+03  4.1007464120e+03  5.1221849592e+03
     3.850  1.5364291632e+01  1.3192617193e+02  3.6503461574e+02  7.1469645971e+02  1.1809120803e+03  1.7636815491e+03  2.4630048874e+03  3.2788821034e+03  4.2113132007e+03  5.2602981812e+03
     3.900  1.5750619409e+01  1.3541299881e+02  3.7472279869e+02  7.3368669706e+02  1.2123050611e+03  1.8105779607e+03  2.5285054165e+03  3.3660874365e+03  4.3233240243e+03  5.4002151817e+03
     3.950  1.6141997408e+01  1.3894485485e+02  3.8453595742e+02  7.5292182941e+02  1.2441028291e+03  1.8580790245e+03  2.5948504359e+03  3.4544170712e+03  4.4367789336e+03  5.5419360252e+03
     4.000  1.6538422711e+01  1.4252173834e+02  3.9447409302e+02  7.7240186209e+02  1.2763053952e+03  1.9061847587e+03  2.6620399723e+03  3.5438710438e+03  4.5516779764e+03  5.6854607719e+03
     4.050  1.6939892616e+01  1.4614364771e+02  4.0453720653e+02  7.9212680007e+02  1.3089127696e+03  1.9548951799e+03  2.7300740504e+03  3.6344493883e+03  4.6680211971e+03  5.8307894783e+03
     4.100  1.7346404616e+01  1.4981058150e+02  4.1472529893e+02  8.1209664803e+02  1.3419249620e+03  2.0042103041e+03  2.7989526932e+03  3.7261521365e+03  4.7858086373e+03  5.9779221971e+03
     4.150  1.7757956382e+01  1.5352253835e+02  4.2503837115e+02  8.3231141036e+02  1.3753419814e+03  2.0541301460e+03  2.8686759226e+03  3.8189793183e+03  4.9050403361e+03  6.1268589778e+03
     4.200  1.8174545750e+01  1.5727951700e+02  4.3547642407e+02  8.5277109118e+02  1.4091638362e+03  2.1046547194e+03  2.9392437589e+03  3.9129309614e+03  5.0257163301e+03  6.2775998666e+03
     4.250  1.8596170703e+01  1.6108151626e+02  4.4603945853e+02  8.7347569437e+02  1.4433905344e+03  2.1557840374e+03  3.0106562211e+03  4.0080070922e+03  5.1478366537e+03  6.4301449071e+03
     4.300  1.9022829364e+01  1.6492853504e+02  4.5672747532e+02  8.9442522358e+02  1.4780220834e+03  2.2075181122e+03  3.0829133273e+03  4.1042077353e+03  5.2714013391e+03  6.5844941401e+03
     4.350  1.9454519978e+01  1.6882057232e+02  4.6754047519e+02  9.1561968225e+02  1.5130584902e+03  2.2598569553e+03  3.1560150944e+03  4.2015329139e+03  5.3964104166e+03  6.7406476041e+03
     4.400  1.9891240908e+01  1.7275762714e+02  4.7847845886e+02  9.3705907362e+02  1.5484997615e+03  2.3128005776e+03  3.2299615382e+03  4.2999826497e+03  5.5228639149e+03  6.8986053351e+03
     4.450  2.0332990622e+01  1.7673969861e+02  4.8954142701e+02  9.5874340074e+02  1.5843459035e+03  2.3663489892e+03  3.3047526737e+03  4.3995569633e+03  5.6507618607e+03  7.0583673673e+03
     4.500  2.0779767686e+01  1.8076678588e+02  5.0072938027e+02  9.8067266650e+02  1.6205969221e+03  2.4205021997e+03  3.3803885150e+03  4.5002558740e+03  5.7801042794e+03  7.2199337326e+03
     4.550  2.1231570755e+01  1.8483888818e+02  5.1204231927e+02  1.0028468736e+03  1.6572528228e+03  2.4752602183e+03  3.4568690754e+03  4.6020794001e+03  5.9108911949e+03  7.3833044612e+03
     4.600  2.1688398570e+01  1.8895600478e+02  5.2348024458e+02  1.0252660247e+03  1.6943136108e+03  2.5306230534e+03  3.5341943675e+03  4.7050275587e+03  6.0431226297e+03  7.5484795818e+03
     4.650  2.2150249946e+01  1.9311813497e+02  5.3504315676e+02  1.0479301221e+03  1.7317792912e+03  2.5865907132e+03  3.6123644030e+03  4.8091003662e+03  6.1767986052e+03  7.7154591213e+03
     4.700  2.2617123773e+01  1.9732527812e+02  5.4673105633e+02  1.0708391682e+03  1.7696498685e+03  2.6431632054e+03  3.6913791933e+03  4.9142978378e+03  6.3119191413e+03  7.8842431050e+03
     4.750  2.3089019004e+01  2.0157743360e+02  5.5854394379e+02  1.0939931652e+03  1.8079253472e+03  2.7003405371e+03  3.7712387489e+03  5.0206199881e+03  6.4484842571e+03  8.0548315571e+03
     4.800  2.3565934654e+01  2.0587460086e+02  5.7048181962e+02  1.1173921151e+03  1.8466057315e+03  2.7581227151e+03  3.8519430798e+03  5.1280668309e+03  6.5864939706e+03  8.2272245003e+03
     4.850  2.4047869797e+01  2.1021677935e+02  5.8254468427e+02  1.1410360198e+03  1.8856910253e+03  2.8165097460e+03  3.9334921956e+03  5.2366383791e+03  6.7259482988e+03  8.4014219561e+03
     4.900  2.4534823558e+01  2.1460396856e+02  5.9473253818e+02  1.1649248813e+03  1.9251812324e+03  2.8755016359e+03  4.0158861051e+03  5.3463346450e+03  6.8668472579e+03  8.5774239450e+03
     4.950  2.5026795113e+01  2.1903616801e+02  6.0704538176e+02  1.1890587013e+03  1.9650763564e+03  2.9350983907e+03  4.0991248170e+03  5.4571556405e+03  7.0091908632e+03  8.7552304864e+03
     5.000  2.5523783681e+01  2.2351337724e+02  6.1948321540e+02  1.2134374814e+03  2.0053764007e+03  2.9953000157e+03  4.1832083394e+03  5.5691013764e+03  7.1529791291e+03  8.9348415985e+03
     5.050  2.6025788528e+01  2.2803559584e+02  6.3204603947e+02  1.2380612234e+03  2.0460813684e+03  3.0561065164e+03  4.2681366798e+03  5.6821718634e+03  7.2982120694e+03  9.1162572988e+03
     5.100  2.6532808957e+01  2.3260282339e+02  6.4473385434e+02  1.2629299286e+03  2.0871912626e+03  3.1175178976e+03  4.3539098457e+03  5.7963671115e+03  7.4448896972e+03  9.2994776039e+03
     5.150  2.7044844311e+01  2.3721505952e+02  6.5754666034e+02  1.2880435985e+03  2.1287060863e+03  3.1795341641e+03  4.4405278438e+03  5.9116871301e+03  7.5930120249e+03  9.4845025294e+03
     5.200  2.7561893965e+01  2.4187230386e+02  6.7048445780e+02  1.3134022344e+03  2.1706258422e+03  3.2421553204e+03  4.5279906809e+03  6.0281319282e+03  7.7425790643e+03  9.6713320903e+03
     5.250  2.8083957328e+01  2.4657455606e+02  6.8354724703e+02  1.3390058378e+03  2.2129505328e+03  3.3053813707e+03  4.6162983632e+03  6.1457015145e+03  7.8935908267e+03  9.8599663008e+03
     5.300  2.8611033842e+01  2.5132181581e+02  6.9673502834e+02  1.3648544098e+03  2.2556801607e+03  3.3692123192e+03  4.7054508965e+03  6.2643958970e+03  8.0460473226e+03  1.0050405174e+04
     5.350  2.9143122974e+01  2.5611408280e+02  7.1004780199e+02  1.3909479515e+03  2.2988147284e+03  3.4336481697e+03  4.7954482867e+03  6.3842150836e+03  8.1999485624e+03  1.0242648724e+04
     5.400  2.9680224220e+01  2.6095135673e+02  7.2348556827e+02  1.4172864642e+03  2.3423542379e+03  3.4986889259e+03  4.8862905391e+03  6.5051590817e+03  8.3552945556e+03  1.0436696962e+04
     5.450  3.0222337102e+01  2.6583363732e+02  7.3704832743e+02  1.4438699489e+03  2.3862986916e+03  3.5643345914e+03  4.9779776589e+03  6.6272278983e+03  8.5120853115e+03  1.0632549899e+04
     5.500  3.0769461163e+01  2.7076092432e+02  7.5073607973e+02  1.4706984067e+03  2.4306480915e+03  3.6305851694e+03  5.0705096509e+03  6.7504215402e+03  8.6703208389e+03  1.0830207548e+04
     5.550  3.1321595972e+01  2.7573321747e+02  7.6454882540e+02  1.4977718384e+03  2.4754024394e+03  3.6974406632e+03  5.1638865199e+03  6.8747400137e+03  8.8300011462e+03  1.1029669918e+04
     5.600  3.1878741116e+01  2.8075051654e+02  7.7848656467e+02  1.5250902450e+03  2.5205617374e+03  3.7649010758e+03  5.2581082704e+03  7.0001833250e+03  8.9911262414e+03  1.1230937020e+04
     5.650  3.2440896204e+01  2.8581282129e+02  7.9254929776e+02  1.5526536275e+03  2.5661259872e+03  3.8329664102e+03  5.3531749065e+03  7.1267514799e+03  9.1536961321e+03  1.1434008864e+04
     5.700  3.3008060862e+01  2.9092013151e+02  8.0673702488e+02  1.5804619867e+03  2.6120951905e+03  3.9016366692e+03  5.4490864324e+03  7.2544444841e+03  9.3177108257e+03  1.1638885458e+04
     5.750  3.3580234735e+01  2.9607244700e+02  8.2104974622e+02  1.6085153234e+03  2.6584693490e+03  3.9709118553e+03  5.5458428520e+03  7.3832623428e+03  9.4831703291e+03  1.1845566812e+04
     5.800  3.4157417483e+01  3.0126976756e+02  8.3548746199e+02  1.6368136383e+03  2.7052484642e+03  4.0407919713e+03  5.6434441690e+03  7.5132050611e+03  9.6500746491e+03  1.2054052934e+04
     5.850  3.4739608783e+01  3.0651209301e+02  8.5005017236e+02  1.6653569323e+03  2.7524325376e+03  4.1112770194e+03  5.7418903870e+03  7.6442726440e+03  9.8184237919e+03  1.2264343832e+04
     5.900  3.5326808326e+01  3.1179942316e+02  8.6473787751e+02  1.6941452060e+03  2.8000215706e+03  4.1823670020e+03  5.8411815094e+03  7.7764650961e+03  9.9882177638e+03  1.2476439513e+04
     5.950  3.5919015818e+01  3.1713175785e+02  8.7955057762e+02  1.7231784602e+03  2.8480155647e+03  4.2540619215e+03  5.9413175394e+03  7.9097824218e+03  1.0159456570e+04  1.2690339986e+04
     6.000  3.6516230977e+01  3.2250909691e+02  8.9448827284e+02  1.7524566954e+03  2.8964145211e+03  4.3263617798e+03  6.0422984801e+03  8.0442246255e+03  1.0332140218e+04  1.2906045257e+04
     6.050  3.7118453535e+01  3.2793144019e+02  9.0955096333e+02  1.7819799123e+03  2.9452184412e+03  4.3992665790e+03  6.1441243346e+03  8.1797917113e+03  1.0506268710e+04  1.3123555333e+04
     6.100  3.7725683233e+01  3.3339878754e+02  9.2473864924e+02  1.8117481115e+03  2.9944273260e+03  4.4727763212e+03  6.2467951058e+03  8.3164836830e+03  1.0681842054e+04  1.3342870220e+04
     6.150  3.8337919827e+01  3.3891113882e+02  9.4005133072e+02  1.8417612937e+03  3.0440411767e+03  4.5468910082e+03  6.3503107963e+03  8.4543005444e+03  1.0858860254e+04  1.3563989926e+04
     6.200  3.8955163080e+01  3.4446849389e+02  9.5548900791e+02  1.8720194592e+03  3.0940599946e+03  4.6216106417e+03  6.4546714089e+03  8.5932422992e+03  1.1037323314e+04  1.3786914454e+04
     6.250  3.9577412768e+01  3.5007085263e+02  9.7105168093e+02  1.9025226088e+03  3.1444837806e+03  4.6969352236e+03  6.5598769459e+03  8.7333089508e+03  1.1217231239e+04  1.4011643813e+04
     6.300  4.0204668675e+01  3.5571821491e+02  9.8673934992e+02  1.9332707428e+03  3.1953125357e+03  4.7728647554e+03  6.6659274100e+03  8.8745005025e+03  1.1398584034e+04  1.4238178006e+04
     6.350  4.0836930594e+01  3.6141058061e+02  1.0025520150e+03  1.9642638619e+03  3.2465462610e+03  4.8493992389e+03  6.7728228034e+03  9.0168169575e+03  1.1581381703e+04  1.4466517039e+04
     6.400  4.1474198328e+01  3.6714794962e+02  1.0184896763e+03  1.9955019663e+03  3.2981849573e+03  4.9265386754e+03  6.8805631283e+03  9.1602583189e+03  1.1765624249e+04  1.4696660918e+04
     6.450  4.2116471686e+01  3.7293032183e+02  1.0345523339e+03  2.0269850567e+03  3.3502286257e+03  5.0042830665e+03  6.9891483869e+03  9.3048245896e+03  1.1951311676e+04  1.4928609647e+04
     6.500  4.2763750486e+01  3.7875769713e+02  1.0507399880e+03  2.0587131334e+03  3.4026772669e+03  5.0826324136e+03  7.0985785812e+03  9.4505157725e+03  1.2138443989e+04  1.5162363231e+04
     6.550  4.3416034554e+01  3.8463007543e+02  1.0670526386e+03  2.0906861969e+03  3.4555308818e+03  5.1615867181e+03  7.2088537133e+03  9.5973318702e+03  1.2327021190e+04  1.5397921674e+04
     6.600  4.4073323722e+01  3.9054745662e+02  1.0834902858e+03  2.1229042475e+03  3.5087894711e+03  5.2411459812e+03  7.3199737851e+03  9.7452728854e+03  1.2517043284e+04  1.5635284980e+04
     6.650  4.4735617828e+01  3.9650984062e+02  1.1000529298e+03  2.1553672857e+03  3.5624530358e+03  5.3213102043e+03  7.4319387983e+03  9.8943388206e+03  1.2708510272e+04  1.5874453154e+04
     6.700  4.5402916720e+01  4.0251722734e+02  1.1167405706e+03  2.1880753118e+03  3.6165215765e+03  5.4020793885e+03  7.5447487548e+03  1.0044529678e+04  1.2901422160e+04  1.6115426201e+04
     6.750  4.6075220247e+01  4.0856961669e+02  1.1335532083e+03  2.2210283261e+03  3.6709950939e+03  5.4834535349e+03  7.6584036562e+03  1.0195845461e+04  1.3095778949e+04  1.6358204122e+04
     6.800  4.6752528266e+01  4.1466700859e+02  1.1504908431e+03  2.2542263292e+03  3.7258735887e+03  5.5654326448e+03  7.7729035043e+03  1.0348286170e+04  1.3291580643e+04  1.6602786923e+04
     6.850  4.7434840642e+01  4.2080940296e+02  1.1675534750e+03  2.2876693211e+03  3.7811570616e+03  5.6480167191e+03  7.8882483005e+03  1.0501851808e+04  1.3488827244e+04  1.6849174607e+04
     6.900  4.8122157241e+01  4.2699679973e+02  1.1847411040e+03  2.3213573024e+03  3.8368455132e+03  5.7312057590e+03  8.0044380464e+03  1.0656542378e+04  1.3687518755e+04  1.7097367177e+04
     6.950  4.8814477937e+01  4.3322919882e+02  1.2020537303e+03  2.3552902732e+03  3.8929389442e+03  5.8149997654e+03  8.1214727434e+03  1.0812357881e+04  1.3887655178e+04  1.7347364637e+04
     7.000  4.9511802608e+01  4.3950660016e+02  1.2194913540e+03  2.3894682339e+03  3.9494373551e+03  5.8993987394e+03  8.2393523931e+03  1.0969298319e+04  1.4089236517e+04  1.7599166990e+04
     7.050  5.0214131135e+01  4.4582900369e+02  1.2370539750e+03  2.4238911848e+03  4.0063407466e+03  5.9844026817e+03  8.3580769966e+03  1.1127363694e+04  1.4292262774e+04  1.7852774238e+04
     7.100  5.0921463406e+01  4.5219640934e+02  1.2547415936e+03  2.4585591262e+03  4.0636491191e+03  6.0700115934e+03  8.4776465554e+03  1.1286554007e+04  1.4496733951e+04  1.8108186386e+04
     7.150  5.1633799311e+01  4.5860881706e+02  1.2725542097e+03  2.4934720583e+03  4.1213624732e+03  6.1562254752e+03  8.5980610706e+03  1.1446869262e+04  1.4702650050e+04  1.8365403435e+04
     7.200  5.2351138745e+01  4.6506622677e+02  1.2904918234e+03  2.5286299813e+03  4.1794808094e+03  6.2430443281e+03  8.7193205436e+03  1.1608309458e+04  1.4910011073e+04  1.8624425389e+04
     7.250  5.3073481608e+01  4.7156863842e+02  1.3085544348e+03  2.5640328956e+03  4.2380041282e+03  6.3304681528e+03  8.8414249755e+03  1.1770874598e+04  1.5118817023e+04  1.8885252249e+04
     7.300  5.3800827800e+01  4.7811605195e+02  1.3267420439e+03  2.5996808014e+03  4.2969324301e+03  6.4184969501e+03  8.9643743674e+03  1.1934564684e+04  1.5329067901e+04  1.9147884020e+04
     7.350  5.4533177228e+01  4.8470846732e+02  1.3450546509e+03  2.6355736989e+03  4.3562657156e+03  6.5071307208e+03  9.0881687204e+03  1.2099379717e+04  1.5540763710e+04  1.9412320702e+04
     7.400  5.5270529802e+01  4.9134588447e+02  1.3634922557e+03  2.6717115882e+03  4.4160039851e+03  6.5963694656e+03  9.2128080356e+03  1.2265319697e+04  1.5753904452e+04  1.9678562300e+04
     7.450  5.6012885432e+01  4.9802830335e+02  1.3820548584e+03  2.7080944698e+03  4.4761472390e+03  6.6862131851e+03  9.3382923141e+03  1.2432384628e+04  1.5968490128e+04  1.9946608814e+04
     7.500  5.6760244036e+01  5.0475572391e+02  1.4007424592e+03  2.7447223437e+03  4.5366954777e+03  6.7766618802e+03  9.4646215567e+03  1.2600574509e+04  1.6184520739e+04  2.0216460247e+04
     7.550  5.7512605530e+01  5.1152814611e+02  1.4195550579e+03  2.7815952102e+03  4.5976487017e+03  6.8677155513e+03  9.5917957645e+03  1.2769889343e+04  1.6401996289e+04  2.0488116602e+04
     7.600  5.8269969836e+01  5.1834556989e+02  1.4384926547e+03  2.8187130694e+03  4.6590069114e+03  6.9593741992e+03  9.7198149384e+03  1.2940329131e+04  1.6620916778e+04  2.0761577880e+04
     7.650  5.9032336879e+01  5.2520799522e+02  1.4575552497e+03  2.8560759215e+03  4.7207701071e+03  7.0516378245e+03  9.8486790793e+03  1.3111893873e+04  1.6841282208e+04  2.1036844083e+04
     7.700  5.9799706584e+01  5.3211542206e+02  1.4767428428e+03  2.8936837668e+03  4.7829382891e+03  7.1445064277e+03  9.9783881880e+03  1.3284583572e+04  1.7063092580e+04  2.1313915214e+04
     7.750  6.0572078880e+01  5.3906785036e+02  1.4960554342e+03  2.9315366054e+03  4.8455114579e+03  7.2379800095e+03  1.0108942265e+04  1.3458398228e+04  1.7286347897e+04  2.1592791274e+04
     7.800  6.1349453698e+01  5.4606528009e+02  1.5154930238e+03  2.9696344375e+03  4.9084896138e+03  7.3320585704e+03  1.0240341312e+04  1.3633337842e+04  1.7511048159e+04  2.1873472265e+04
     7.850  6.2131830972e+01  5.5310771120e+02  1.5350556117e+03  3.0079772632e+03  4.9718727572e+03  7.4267421108e+03  1.0372585329e+04  1.3809402415e+04  1.7737193368e+04  2.2155958189e+04
     7.900  6.2919210638e+01  5.6019514367e+02  1.5547431980e+03  3.0465650827e+03  5.0356608882e+03  7.5220306315e+03  1.0505674318e+04  1.3986591949e+04  1.7964783525e+04  2.2440249048e+04
     7.950  6.3711592633e+01  5.6732757745e+02  1.5745557827e+03  3.0853978962e+03  5.0998540073e+03  7.6179241327e+03  1.0639608278e+04  1.4164906444e+04  1.8193818632e+04  2.2726344843e+04
     8.000  6.4508976898e+01  5.7450501251e+02  1.5944933658e+03  3.1244757038e+03  5.1644521147e+03  7.7144226151e+03  1.0774387210e+04  1.4344345901e+04  1.8424298690e+04  2.3014245576e+04
     8.050  6.5311363374e+01  5.8172744881e+02  1.6145559474e+03  3.1637985057e+03  5.2294552108e+03  7.8115260791e+03  1.0910011116e+04  1.4524910322e+04  1.8656223699e+04  2.3303951248e+04
     8.100  6.6118752004e+01  5.8899488634e+02  1.6347435275e+03  3.2033663020e+03  5.2948632958e+03  7.9092345252e+03  1.1046479995e+04  1.4706599707e+04  1.8889593662e+04  2.3595461861e+04
     8.150  6.6931142735e+01  5.9630732505e+02  1.6550561061e+03  3.2431790928e+03  5.3606763700e+03  8.0075479538e+03  1.1183793849e+04  1.4889414057e+04  1.9124408579e+04  2.3888777416e+04
     8.200  6.7748535513e+01  6.0366476491e+02  1.6754936833e+03  3.2832368783e+03  5.4268944337e+03  8.1064663653e+03  1.1321952678e+04  1.5073353373e+04  1.9360668452e+04  2.4183897915e+04
     8.250  6.8570930287e+01  6.1106720590e+02  1.6960562591e+03  3.3235396586e+03  5.4935174870e+03  8.2059897602e+03  1.1460956483e+04  1.5258417656e+04  1.9598373282e+04  2.4480823360e+04
     8.300  6.9398327008e+01  6.1851464799e+02  1.7167438336e+03  3.3640874338e+03  5.5605455304e+03  8.3061181388e+03  1.1600805264e+04  1.5444606907e+04  1.9837523069e+04  2.4779553750e+04
     8.350  7.0230725628e+01  6.2600709115e+02  1.7375564068e+03  3.4048802041e+03  5.6279785639e+03  8.4068515016e+03  1.1741499022e+04  1.5631921126e+04  2.0078117815e+04  2.5080089089e+04
     8.400  7.1068126099e+01  6.3354453536e+02  1.7584939786e+03  3.4459179695e+03  5.6958165879e+03  8.5081898489e+03  1.1883037757e+04  1.5820360314e+04  2.0320157520e+04  2.5382429377e+04
     8.450  7.1910528378e+01  6.4112698058e+02  1.7795565492e+03  3.4872007302e+03  5.7640596025e+03  8.6101331811e+03  1.2025421470e+04  1.6009924472e+04  2.0563642187e+04  2.5686574615e+04
     8.500  7.2757932419e+01  6.4875442679e+02  1.8007441186e+03  3.5287284863e+03  5.8327076081e+03  8.7126814985e+03  1.2168650162e+04  1.6200613600e+04  2.0808571814e+04  2.5992524804e+04
     8.550  7.3610338182e+01  6.5642687398e+02  1.8220566867e+03  3.5705012380e+03  5.9017606047e+03  8.8158348016e+03  1.2312723833e+04  1.6392427700e+04  2.1054946405e+04  2.6300279946e+04
     8.600  7.4467745623e+01  6.6414432211e+02  1.8434942537e+03  3.6125189852e+03  5.9712185927e+03  8.9195930905e+03  1.2457642483e+04  1.6585366772e+04  2.1302765958e+04  2.6609840042e+04
     8.650  7.5330154705e+01  6.7190677117e+02  1.8650568196e+03  3.6547817281e+03  6.0410815721e+03  9.0239563658e+03  1.2603406113e+04  1.6779430817e+04  2.1552030476e+04  2.6921205092e+04
     8.700  7.6197565388e+01  6.7971422112e+02  1.8867443843e+03  3.6972894669e+03  6.1113495433e+03  9.1289246276e+03  1.2750014724e+04  1.6974619834e+04  2.1802739959e+04  2.7234375098e+04
     8.750  7.7069977634e+01  6.8756667196e+02  1.9085569479e+03  3.7400422015e+03  6.1820225064e+03  9.2344978763e+03  1.2897468316e+04  1.7170933826e+04  2.2054894408e+04  2.7549350061e+04
     8.800  7.7947391407e+01  6.9546412366e+02  1.9304945105e+03  3.7830399322e+03  6.2531004615e+03  9.3406761123e+03  1.3045766889e+04  1.7368372792e+04  2.2308493823e+04  2.7866129982e+04
     8.850  7.8829806671e+01  7.0340657620e+02  1.9525570720e+03  3.8262826589e+03  6.3245834089e+03  9.4474593356e+03  1.3194910443e+04  1.7566936733e+04  2.2563538206e+04  2.8184714862e+04
     8.900  7.9717223392e+01  7.1139402955e+02  1.9747446324e+03  3.8697703818e+03  6.3964713488e+03  9.5548475468e+03  1.3344898980e+04  1.7766625650e+04  2.2820027557e+04  2.8505104701e+04
     8.950  8.0609641537e+01  7.1942648371e+02  1.9970571919e+03  3.9135031010e+03  6.4687642812e+03  9.6628407460e+03  1.3495732499e+04  1.7967439542e+04  2.3077961876e+04  2.8827299501e+04
     9.000  8.1507061074e+01  7.2750393865e+02  2.0194947504e+03  3.9574808165e+03  6.5414622065e+03  9.7714389335e+03  1.3647411001e+04  1.8169378412e+04  2.3337341166e+04  2.9151299263e+04
     9.050  8.2409481970e+01  7.3562639436e+02  2.0420573079e+03  4.0017035284e+03  6.6145651246e+03  9.8806421096e+03  1.3799934487e+04  1.8372442259e+04  2.3598165425e+04  2.9477103986e+04
     9.100  8.3316904195e+01  7.4379385082e+02  2.0647448645e+03  4.0461712369e+03  6.6880730359e+03  9.9904502744e+03  1.3953302956e+04  1.8576631083e+04  2.3860434655e+04  2.9804713673e+04
     9.150  8.4229327719e+01  7.5200630800e+02  2.0875574202e+03  4.0908839419e+03  6.7619859404e+03  1.0100863428e+04  1.4107516410e+04  1.8781944886e+04  2.4124148857e+04  3.0134128324e+04
     9.200  8.5146752514e+01  7.6026376590e+02  2.1104949750e+03  4.1358416436e+03  6.8363038383e+03  1.0211881572e+04  1.4262574847e+04  1.8988383667e+04  2.4389308031e+04  3.0465347940e+04
     9.250  8.6069178551e+01  7.6856622450e+02  2.1335575289e+03  4.1810443420e+03  6.9110267297e+03  1.0323504704e+04  1.4418478270e+04  1.9195947428e+04  2.4655912178e+04  3.0798372521e+04
     9.300  8.6996605803e+01  7.7691368378e+02  2.1567450819e+03  4.2264920372e+03  6.9861546148e+03  1.0435732827e+04  1.4575226677e+04  1.9404636168e+04  2.4923961298e+04  3.1133202069e+04
     9.350  8.7929034243e+01  7.8530614373e+02  2.1800576341e+03  4.2721847292e+03  7.0616874936e+03  1.0548565939e+04  1.4732820070e+04  1.9614449888e+04  2.5193455392e+04  3.1469836584e+04
     9.400  8.8866463846e+01  7.9374360434e+02  2.2034951855e+03  4.3181224183e+03  7.1376253665e+03  1.0662004042e+04  1.4891258449e+04  1.9825388588e+04  2.5464394460e+04  3.1808276066e+04
     9.450  8.9808894586e+01  8.0222606558e+02  2.2270577360e+03  4.3643051043e+03  7.2139682334e+03  1.0776047135e+04  1.5050541814e+04  2.0037452270e+04  2.5736778504e+04  3.2148520517e+04
     9.500  9.0756326438e+01  8.1075352745e+02  2.2507452858e+03  4.4107327873e+03  7.2907160945e+03  1.0890695219e+04  1.5210670165e+04  2.0250640932e+04  2.6010607523e+04  3.2490569937e+04
     9.550  9.1708759380e+01  8.1932598993e+02  2.2745578348e+03  4.4574054675e+03  7.3678689499e+03  1.1005948294e+04  1.5371643502e+04  2.0464954577e+04  2.6285881518e+04  3.2834424326e+04
     9.600  9.2666193387e+01  8.2794345301e+02  2.2984953830e+03  4.5043231449e+03  7.4454267997e+03  1.1121806359e+04  1.5533461826e+04  2.0680393203e+04  2.6562600490e+04  3.3180083686e+04
     9.650  9.3628628438e+01  8.3660591667e+02  2.3225579305e+03  4.5514858195e+03  7.5233896441e+03  1.1238269416e+04  1.5696125138e+04  2.0896956812e+04  2.6840764438e+04  3.3527548017e+04
     9.700  9.4596064510e+01  8.4531338091e+02  2.3467454773e+03  4.5988934914e+03  7.6017574832e+03  1.1355337464e+04  1.5859633437e+04  2.1114645404e+04  2.7120373364e+04  3.3876817320e+04
     9.750  9.5568501581e+01  8.5406584571e+02  2.3710580233e+03  4.6465461607e+03  7.6805303170e+03  1.1473010503e+04  1.6023986724e+04  2.1333458978e+04  2.7401427269e+04  3.4227891594e+04
     9.800  9.6545939632e+01  8.6286331107e+02  2.3954955687e+03  4.6944438273e+03  7.7597081457e+03  1.1591288535e+04  1.6189184998e+04  2.1553397537e+04  2.7683926151e+04  3.4580770842e+04
     9.850  9.7528378641e+01  8.7170577695e+02  2.4200581134e+03  4.7425864915e+03  7.8392909694e+03  1.1710171558e+04  1.6355228261e+04  2.1774461079e+04  2.7967870013e+04  3.4935455062e+04
     9.900  9.8515818589e+01  8.8059324337e+02  2.4447456574e+03  4.7909741531e+03  7.9192787882e+03  1.1829659573e+04  1.6522116512e+04  2.1996649605e+04  2.8253258853e+04  3.5291944257e+04
     9.950  9.9508259457e+01  8.8952571030e+02  2.4695582007e+03  4.8396068123e+03  7.9996716021e+03  1.1949752581e+04  1.6689849752e+04  2.2219963116e+04  2.8540092674e+04  3.5650238426e+04
    10.000  1.0050570123e+02  8.9850317774e+02  2.4944957434e+03  4.8884844692e+03  8.0804694114e+03  1.2070450581e+04  1.6858427980e+04  2.2444401611e+04  2.8828371474e+04  3.6010337570e+04
    10.050  1.0150814388e+02  9.0752564568e+02  2.5195582855e+03  4.9376071236e+03  8.1616722160e+03  1.2191753573e+04  1.7027851198e+04  2.2669965092e+04  2.9118095256e+04  3.6372241689e+04
    10.100  1.0251558739e+02  9.1659311410e+02  2.5447458269e+03  4.9869747758e+03  8.2432800161e+03  1.2313661558e+04  1.7198119405e+04  2.2896653558e+04  2.9409264018e+04  3.6735950784e+04
    10.150  1.0352803176e+02  9.2570558299e+02  2.5700583677e+03  5.0365874257e+03  8.3252928117e+03  1.2436174536e+04  1.7369232602e+04  2.3124467010e+04  2.9701877761e+04  3.7101464855e+04
    10.200  1.0454547695e+02  9.3486305236e+02  2.5954959080e+03  5.0864450735e+03  8.4077106030e+03  1.2559292507e+04  1.7541190788e+04  2.3353405447e+04  2.9995936486e+04  3.7468783904e+04
    10.250  1.0556792296e+02  9.4406552217e+02  2.6210584476e+03  5.1365477190e+03  8.4905333900e+03  1.2683015471e+04  1.7713993964e+04  2.3583468871e+04  3.0291440193e+04  3.7837907929e+04
    10.300  1.0659536976e+02  9.5331299244e+02  2.6467459867e+03  5.1868953625e+03  8.5737611728e+03  1.2807343428e+04  1.7887642130e+04  2.3814657282e+04  3.0588388882e+04  3.8208836932e+04
    10.350  1.0762781735e+02  9.6260546315e+02  2.6725585252e+03  5.2374880039e+03  8.6573939516e+03  1.2932276378e+04  1.8062135287e+04  2.4046970679e+04  3.0886782554e+04  3.8581570914e+04
    10.400  1.0866526571e+02  9.7194293428e+02  2.6984960632e+03  5.2883256432e+03  8.7414317263e+03  1.3057814322e+04  1.8237473434e+04  2.4280409063e+04  3.1186621210e+04  3.8956109874e+04
    10.450  1.0970771481e+02  9.8132540584e+02  2.7245586006e+03  5.3394082805e+03  8.8258744970e+03  1.3183957260e+04  1.8413656572e+04  2.4514972435e+04  3.1487904848e+04  3.9332453813e+04
    10.500  1.1075516466e+02  9.9075287781e+02  2.7507461375e+03  5.3907359159e+03  8.9107222639e+03  1.3310705191e+04  1.8590684701e+04  2.4750660794e+04  3.1790633470e+04  3.9710602731e+04
    10.550  1.1180761522e+02  1.0002253502e+03  2.7770586739e+03  5.4423085493e+03  8.9959750270e+03  1.3438058116e+04  1.8768557821e+04  2.4987474140e+04  3.2094807076e+04  4.0090556629e+04
    10.600  1.1286506650e+02  1.0097428230e+03  2.8034962098e+03  5.4941261809e+03  9.0816327863e+03  1.3566016036e+04  1.8947275931e+04  2.5225412475e+04  3.2400425667e+04  4.0472315507e+04
    10.650  1.1392751847e+02  1.0193052961e+03  2.8300587452e+03  5.5461888106e+03  9.1676955420e+03  1.3694578949e+04  1.9126839034e+04  2.5464475798e+04  3.2707489242e+04  4.0855879366e+04
    10.700  1.1499497112e+02  1.0289127697e+03  2.8567462800e+03  5.5984964384e+03  9.2541632941e+03  1.3823746856e+04  1.9307247128e+04  2.5704664109e+04  3.3015997802e+04  4.1241248206e+04
    10.750  1.1606742445e+02  1.0385652436e+03  2.8835588144e+03  5.6510490645e+03  9.3410360426e+03  1.3953519758e+04  1.9488500213e+04  2.5945977409e+04  3.3325951347e+04  4.1628422027e+04
    10.800  1.1714487843e+02  1.0482627179e+03  2.9104963483e+03  5.7038466889e+03  9.4283137878e+03  1.4083897654e+04  1.9670598291e+04  2.6188415698e+04  3.3637349878e+04  4.2017400829e+04
    10.850  1.1822733305e+02  1.0580051925e+03  2.9375588818e+03  5.7568893115e+03  9.5159965295e+03  1.4214880545e+04  1.9853541360e+04  2.6431978976e+04  3.3950193394e+04  4.2408184614e+04
    10.900  1.1931478831e+02  1.0677926675e+03  2.9647464148e+03  5.8101769324e+03  9.6040842679e+03  1.4346468430e+04  2.0037329422e+04  2.6676667244e+04  3.4264481896e+04  4.2800773380e+04
    10.950  1.2040724419e+02  1.0776251429e+03  2.9920589473e+03  5.8637095517e+03  9.6925770030e+03  1.4478661310e+04  2.0221962475e+04  2.6922480500e+04  3.4580215385e+04  4.3195167130e+04
    11.000  1.2150470068e+02  1.0875026186e+03  3.0194964795e+03  5.9174871694e+03  9.7814747349e+03  1.4611459185e+04  2.0407440522e+04  2.7169418747e+04  3.4897393860e+04  4.3591365862e+04
    11.050  1.2260715776e+02  1.0974250946e+03  3.0470590111e+03  5.9715097854e+03  9.8707774636e+03  1.4744862054e+04  2.0593763561e+04  2.7417481983e+04  3.5216017322e+04  4.3989369578e+04
    11.100  1.2371461543e+02  1.1073925710e+03  3.0747465424e+03  6.0257773999e+03  9.9604851893e+03  1.4878869919e+04  2.0780931592e+04  2.7666670209e+04  3.5536085770e+04  4.4389178277e+04
    11.150  1.2482707368e+02  1.1174050477e+03  3.1025590732e+03  6.0802900129e+03  1.0050597912e+04  1.5013482779e+04  2.0968944616e+04  2.7916983425e+04  3.5857599206e+04  4.4790791960e+04
    11.200  1.2594453250e+02  1.1274625247e+03  3.1304966036e+03  6.1350476243e+03  1.0141115632e+04  1.5148700634e+04  2.1157802634e+04  2.8168421632e+04  3.6180557630e+04  4.5194210627e+04
    11.250  1.2706699187e+02  1.1375650020e+03  3.1585591336e+03  6.1900502342e+03  1.0232038348e+04  1.5284523484e+04  2.1347505644e+04  2.8420984830e+04  3.6504961041e+04  4.5599434278e+04
    11.300  1.2819445179e+02  1.1477124796e+03  3.1867466633e+03  6.2452978427e+03  1.0323366062e+04  1.5420951330e+04  2.1538053648e+04  2.8674673018e+04  3.6830809440e+04  4.6006462914e+04
    11.350  1.2932691224e+02  1.1579049575e+03  3.2150591925e+03  6.3007904498e+03  1.0415098773e+04  1.5557984171e+04  2.1729446645e+04  2.8929486197e+04  3.7158102827e+04  4.6415296535e+04
    11.400  1.3046437322e+02  1.1681424357e+03  3.2434967214e+03  6.3565280554e+03  1.0507236481e+04  1.5695622007e+04  2.1921684635e+04  2.9185424367e+04  3.7486841202e+04  4.6825935141e+04
    11.450  1.3160683471e+02  1.1784249142e+03  3.2720592498e+03  6.4125106597e+03  1.0599779187e+04  1.5833864839e+04  2.2114767619e+04  2.9442487528e+04  3.7817024566e+04  4.7238378733e+04
    11.500  1.3275429672e+02  1.1887523930e+03  3.3007467779e+03  6.4687382626e+03  1.0692726890e+04  1.5972712667e+04  2.2308695597e+04  2.9700675681e+04  3.8148652918e+04  4.7652627310e+04
    11.550  1.3390675922e+02  1.1991248721e+03  3.3295593057e+03  6.5252108642e+03  1.0786079590e+04  1.6112165490e+04  2.2503468568e+04  2.9959988825e+04  3.8481726260e+04  4.8068680874e+04
    11.600  1.3506422221e+02  1.2095423514e+03  3.3584968331e+03  6.5819284644e+03  1.0879837287e+04  1.6252223310e+04  2.2699086534e+04  3.0220426960e+04  3.8816244590e+04  4.8486539423e+04
    11.650  1.3622668569e+02  1.2200048310e+03  3.3875593601e+03  6.6388910634e+03  1.0973999982e+04  1.6392886125e+04  2.2895549493e+04  3.0481990088e+04  3.9152207910e+04  4.8906202960e+04
    11.700  1.3739414964e+02  1.2305123109e+03  3.4167468868e+03  6.6960986611e+03  1.1068567675e+04  1.6534153936e+04  2.3092857446e+04  3.0744678207e+04  3.9489616219e+04  4.9327671482e+04
    11.750  1.3856661405e+02  1.2410647910e+03  3.4460594132e+03  6.7535512575e+03  1.1163540365e+04  1.6676026743e+04  2.3291010394e+04  3.1008491319e+04  3.9828469518e+04  4.9750944992e+04
    11.800  1.3974407892e+02  1.2516622714e+03  3.4754969392e+03  6.8112488527e+03  1.1258918053e+04  1.6818504546e+04  2.3490008336e+04  3.1273429423e+04  4.0168767807e+04  5.0176023489e+04
    11.850  1.4092654424e+02  1.2623047521e+03  3.5050594649e+03  6.8691914467e+03  1.1354700738e+04  1.6961587346e+04  2.3689851272e+04  3.1539492519e+04  4.0510511086e+04  5.0602906973e+04
    11.900  1.4211401001e+02  1.2729922330e+03  3.5347469903e+03  6.9273790396e+03  1.1450888421e+04  1.7105275141e+04  2.3890539203e+04  3.1806680608e+04  4.0853699355e+04  5.1031595445e+04
    11.950  1.4330647620e+02  1.2837247141e+03  3.5645595153e+03  6.9858116312e+03  1.1547481101e+04  1.7249567933e+04  2.4092072129e+04  3.2074993689e+04  4.1198332614e+04  5.1462088904e+04
    12.000  1.4450394283e+02  1.2945021955e+03  3.5944970401e+03  7.0444892218e+03  1.1644478780e+04  1.7394465721e+04  2.4294450049e+04  3.2344431763e+04  4.1544410864e+04  5.1894387352e+04
    12.050  1.4570640987e+02  1.3053246771e+03  3.6245595645e+03  7.1034118112e+03  1.1741881456e+04  1.7539968506e+04  2.4497672963e+04  3.2614994829e+04  4.1891934104e+04  5.2328490788e+04
    12.100  1.4691387733e+02  1.3161921589e+03  3.6547470886e+03  7.1625793994e+03  1.1839689130e+04  1.7686076287e+04  2.4701740873e+04  3.2886682889e+04  4.2240902335e+04  5.2764399212e+04
    12.150  1.4812634519e+02  1.3271046410e+03  3.6850596125e+03  7.2219919866e+03  1.1937901802e+04  1.7832789065e+04  2.4906653778e+04  3.3159495942e+04  4.2591315557e+04  5.3202112624e+04
    12.200  1.4934381345e+02  1.3380621233e+03  3.7154971360e+03  7.2816495728e+03  1.2036519471e+04  1.7980106839e+04  2.5112411677e+04  3.3433433988e+04  4.2943173771e+04  5.3641631026e+04
    12.250  1.5056628210e+02  1.3490646058e+03  3.7460596593e+03  7.3415521578e+03  1.2135542139e+04  1.8128029610e+04  2.5319014572e+04  3.3708497027e+04  4.3296476975e+04  5.4082954416e+04
    12.300  1.5179375114e+02  1.3601120885e+03  3.7767471823e+03  7.4016997419e+03  1.2234969804e+04  1.8276557377e+04  2.5526462462e+04  3.3984685060e+04  4.3651225171e+04  5.4526082796e+04
    12.350  1.5302622056e+02  1.3712045715e+03  3.8075597050e+03  7.4620923249e+03  1.2334802468e+04  1.8425690141e+04  2.5734755347e+04  3.4261998086e+04  4.4007418358e+04  5.4971016164e+04
    12.400  1.5426369036e+02  1.3823420546e+03  3.8384972274e+03  7.5227299069e+03  1.2435040130e+04  1.8575427903e+04  2.5943893228e+04  3.4540436106e+04  4.4365056538e+04  5.5417754523e+04
    12.450  1.5550616052e+02  1.3935245380e+03  3.8695597496e+03  7.5836124879e+03  1.2535682789e+04  1.8725770660e+04  2.6153876104e+04  3.4819999119e+04  4.4724139708e+04  5.5866297871e+04
    12.500  1.5675363104e+02  1.4047520215e+03  3.9007472715e+03  7.6447400679e+03  1.2636730447e+04  1.8876718415e+04  2.6364703975e+04  3.5100687127e+04  4.5084667871e+04  5.6316646208e+04
    12.550  1.5800610192e+02  1.4160245053e+03  3.9320597931e+03  7.7061126470e+03  1.2738183103e+04  1.9028271167e+04  2.6576376842e+04  3.5382500128e+04  4.5446641026e+04  5.6768799536e+04
    12.600  1.5926357314e+02  1.4273419892e+03  3.9634973145e+03  7.7677302252e+03  1.2840040757e+04  1.9180428916e+04  2.6788894705e+04  3.5665438124e+04  4.5810059173e+04  5.7222757854e+04
    12.650  1.6052604472e+02  1.4387044734e+03  3.9950598356e+03  7.8295928024e+03  1.2942303409e+04  1.9333191662e+04  2.7002257563e+04  3.5949501113e+04  4.6174922313e+04  5.7678521162e+04
    12.700  1.6179351663e+02  1.4501119577e+03  4.0267473565e+03  7.8917003787e+03  1.3044971059e+04  1.9486559405e+04  2.7216465417e+04  3.6234689097e+04  4.6541230444e+04  5.8136089460e+04
    12.750  1.6306598887e+02  1.4615644422e+03  4.0585598771e+03  7.9540529541e+03  1.3148043708e+04  1.9640532145e+04  2.7431518267e+04  3.6521002075e+04  4.6908983569e+04  5.8595462749e+04
    12.800  1.6434346144e+02  1.4730619269e+03  4.0904973975e+03  8.0166505287e+03  1.3251521355e+04  1.9795109882e+04  2.7647416112e+04  3.6808440047e+04  4.7278181686e+04  5.9056641029e+04
    12.850  1.6562593434e+02  1.4846044118e+03  4.1225599177e+03  8.0794931023e+03  1.3355404000e+04  1.9950292616e+04  2.7864158954e+04  3.7097003014e+04  4.7648824796e+04  5.9519624300e+04
    12.900  1.6691340755e+02  1.4961918968e+03  4.1547474376e+03  8.1425806751e+03  1.3459691643e+04  2.0106080348e+04  2.8081746792e+04  3.7386690975e+04  4.8020912898e+04  5.9984412562e+04
    12.950  1.6820588108e+02  1.5078243821e+03  4.1870599573e+03  8.2059132471e+03  1.3564384285e+04  2.0262473077e+04  2.8300179626e+04  3.7677503931e+04  4.8394445994e+04  6.0451005815e+04
    13.000  1.6950335491e+02  1.5195018675e+03  4.2194974768e+03  8.2694908182e+03  1.3669481925e+04  2.0419470804e+04  2.8519457456e+04  3.7969441882e+04  4.8769424083e+04  6.0919404059e+04
    13.050  1.7080582905e+02  1.5312243531e+03  4.2520599960e+03  8.3333133885e+03  1.3774984564e+04  2.0577073527e+04  2.8739580282e+04  3.8262504828e+04  4.9145847165e+04  6.1389607295e+04
    13.100  1.7211330349e+02  1.5429918388e+03  4.2847475151e+03  8.3973809580e+03  1.3880892200e+04  2.0735281249e+04  2.8960548104e+04  3.8556692768e+04  4.9523715241e+04  6.1861615522e+04
    13.150  1.7342577822e+02  1.5548043247e+03  4.3175600339e+03  8.4616935267e+03  1.3987204836e+04  2.0894093967e+04  2.9182360923e+04  3.8852005704e+04  4.9903028309e+04  6.2335428741e+04
    13.200  1.7474325324e+02  1.5666618108e+03  4.3504975525e+03  8.5262510947e+03  1.4093922470e+04  2.1053511684e+04  2.9405018738e+04  3.9148443634e+04  5.0283786372e+04  6.2811046951e+04
    13.250  1.7606572854e+02  1.5785642970e+03  4.3835600709e+03  8.5910536618e+03  1.4201045102e+04  2.1213534397e+04  2.9628521550e+04  3.9446006560e+04  5.0665989428e+04  6.3288470154e+04
    13.300  1.7739320413e+02  1.5905117834e+03  4.4167475891e+03  8.6561012282e+03  1.4308572733e+04  2.1374162109e+04  2.9852869358e+04  3.9744694481e+04  5.1049637478e+04  6.3767698349e+04
    13.350  1.7872567999e+02  1.6025042699e+03  4.4500601070e+03  8.7213937939e+03  1.4416505362e+04  2.1535394818e+04  3.0078062162e+04  4.0044507397e+04  5.1434730521e+04  6.4248731536e+04
    13.400  1.8006315613e+02  1.6145417566e+03  4.4834976248e+03  8.7869313588e+03  1.4524842990e+04  2.1697232524e+04  3.0304099963e+04  4.0345445308e+04  5.1821268559e+04  6.4731569715e+04
    13.450  1.8140563253e+02  1.6266242435e+03  4.5170601424e+03  8.8527139230e+03  1.4633585616e+04  2.1859675229e+04  3.0530982761e+04  4.0647508215e+04  5.2209251590e+04  6.5216212887e+04
    13.500  1.8275310920e+02  1.6387517305e+03  4.5507476598e+03  8.9187414865e+03  1.4742733242e+04  2.2022722931e+04  3.0758710556e+04  4.0950696117e+04  5.2598679615e+04  6.5702661051e+04
    13.550  1.8410558613e+02  1.6509242176e+03  4.5845601770e+03  8.9850140493e+03  1.4852285865e+04  2.2186375630e+04  3.0987283347e+04  4.1255009015e+04  5.2989552635e+04  6.6190914208e+04
    13.600  1.8546306331e+02  1.6631417049e+03  4.6184976940e+03  9.0515316114e+03  1.4962243488e+04  2.2350633328e+04  3.1216701135e+04  4.1560446908e+04  5.3381870649e+04  6.6680972357e+04
    13.650  1.8682554075e+02  1.6754041923e+03  4.6525602108e+03  9.1182941728e+03  1.5072606108e+04  2.2515496024e+04  3.1446963920e+04  4.1867009798e+04  5.3775633657e+04  6.7172835500e+04
    13.700  1.8819301844e+02  1.6877116799e+03  4.6867477275e+03  9.1853017336e+03  1.5183373728e+04  2.2680963717e+04  3.1678071701e+04  4.2174697682e+04  5.4170841660e+04  6.7666503635e+04
    13.750  1.8956549637e+02  1.7000641676e+03  4.7210602439e+03  9.2525542936e+03  1.5294546346e+04  2.2847036408e+04  3.1910024480e+04  4.2483510563e+04  5.4567494657e+04  6.8161976763e+04
    13.800  1.9094297454e+02  1.7124616554e+03  4.7554977602e+03  9.3200518531e+03  1.5406123964e+04  2.3013714097e+04  3.2142822256e+04  4.2793448440e+04  5.4965592649e+04  6.8659254885e+04
    13.850  1.9232545295e+02  1.7249041434e+03  4.7900602763e+03  9.3877944119e+03  1.5518106579e+04  2.3180996784e+04  3.2376465028e+04  4.3104511312e+04  5.5365135636e+04  6.9158338000e+04
    13.900  1.9371293160e+02  1.7373916315e+03  4.8247477923e+03  9.4557819700e+03  1.5630494194e+04  2.3348884469e+04  3.2610952798e+04  4.3416699180e+04  5.5766123617e+04  6.9659226108e+04
    13.950  1.9510541048e+02  1.7499241197e+03  4.8595603080e+03  9.5240145275e+03  1.5743286807e+04  2.3517377152e+04  3.2846285565e+04  4.3730012045e+04  5.6168556593e+04  7.0161919210e+04
    14.000  1.9650288958e+02  1.7625016080e+03  4.8944978236e+03  9.5924920844e+03  1.5856484419e+04  2.3686474833e+04  3.3082463329e+04  4.4044449905e+04  5.6572434564e+04  7.0666417305e+04
    14.050  1.9790536891e+02  1.7751240965e+03  4.9295603390e+03  9.6612146407e+03  1.5970087030e+04  2.3856177513e+04  3.3319486090e+04  4.4360012762e+04  5.6977757530e+04  7.1172720394e+04
    14.100  1.9931284846e+02  1.7877915851e+03  4.9647478543e+03  9.7301821964e+03  1.6084094640e+04  2.4026485190e+04  3.3557353848e+04  4.4676700615e+04  5.7384525491e+04  7.1680828476e+04
    14.150  2.0072532823e+02  1.8005040738e+03  5.0000603694e+03  9.7993947515e+03  1.6198507248e+04  2.4197397865e+04  3.3796066603e+04  4.4994513464e+04  5.7792738447e+04  7.2190741553e+04
    14.200  2.0214280822e+02  1.8132615627e+03  5.0354978844e+03  9.8688523061e+03  1.6313324856e+04  2.4368915539e+04  3.4035624356e+04  4.5313451309e+04  5.8202396398e+04  7.2702459623e+04
    14.250  2.0356528842e+02  1.8260640516e+03  5.0710603991e+03  9.9385548600e+03  1.6428547462e+04  2.4541038210e+04  3.4276027107e+04  4.5633514151e+04  5.8613499345e+04  7.3215982687e+04
    14.300  2.0499276882e+02  1.8389115407e+03  5.1067479138e+03  1.0008502413e+04  1.6544175067e+04  2.4713765880e+04  3.4517274854e+04  4.5954701989e+04  5.9026047287e+04  7.3731310745e+04
    14.350  2.0642524944e+02  1.8518040299e+03  5.1425604283e+03  1.0078694966e+04  1.6660207671e+04  2.4887098548e+04  3.4759367599e+04  4.6277014824e+04  5.9440040224e+04  7.4248443798e+04
    14.400  2.0786273025e+02  1.8647415192e+03  5.1784979426e+03  1.0149132519e+04  1.6776645274e+04  2.5061036215e+04  3.5002305342e+04  4.6600452655e+04  5.9855478156e+04  7.4767381845e+04
    14.450  2.0930521127e+02  1.8777240086e+03  5.2145604568e+03  1.0219815070e+04  1.6893487876e+04  2.5235578879e+04  3.5246088081e+04  4.6925015483e+04  6.0272361084e+04  7.5288124886e+04
    14.500  2.1075269248e+02  1.8907514982e+03  5.2507479708e+03  1.0290742621e+04  1.7010735477e+04  2.5410726542e+04  3.5490715819e+04  4.7250703307e+04  6.0690689008e+04  7.5810672921e+04
    14.550  2.1220517389e+02  1.9038239878e+03  5.2870604847e+03  1.0361915172e+04  1.7128388077e+04  2.5586479203e+04  3.5736188554e+04  4.7577516128e+04  6.1110461927e+04  7.6335025951e+04
    14.600  2.1366265549e+02  1.9169414776e+03  5.3234979985e+03  1.0433332722e+04  1.7246445675e+04  2.5762836863e+04  3.5982506286e+04  4.7905453946e+04  6.1531679842e+04  7.6861183976e+04
    14.650  2.1512513729e+02  1.9301039674e+03  5.3600605121e+03  1.0504995272e+04  1.7364908273e+04  2.5939799521e+04  3.6229669017e+04  4.8234516761e+04  6.1954342753e+04  7.7389146995e+04
    14.700  2.1659261926e+02  1.9433114574e+03  5.3967480255e+03  1.0576902821e+04  1.7483775870e+04  2.6117367177e+04  3.6477676744e+04  4.8564704572e+04  6.2378450660e+04  7.7918915009e+04
    14.750  2.1806510143e+02  1.9565639474e+03  5.4335605389e+03  1.0649055370e+04  1.7603048466e+04  2.6295539832e+04  3.6726529470e+04  4.8896017380e+04  6.2804003562e+04  7.8450488017e+04
    14.800  2.1954258377e+02  1.9698614376e+03  5.4704980521e+03  1.0721452918e+04  1.7722726061e+04  2.6474317485e+04  3.6976227193e+04  4.9228455185e+04  6.3231001461e+04  7.8983866020e+04
    14.850  2.2102506630e+02  1.9832039279e+03  5.5075605652e+03  1.0794095466e+04  1.7842808654e+04  2.6653700137e+04  3.7226769914e+04  4.9562017987e+04  6.3659444355e+04  7.9519049019e+04
    14.900  2.2251254900e+02  1.9965914182e+03  5.5447480781e+03  1.0866983013e+04  1.7963296247e+04  2.6833687787e+04  3.7478157633e+04  4.9896705785e+04  6.4089332245e+04  8.0056037012e+04
    14.950  2.2400503187e+02  2.0100239087e+03  5.5820605909e+03  1.0940115559e+04  1.8084188839e+04  2.7014280436e+04  3.7730390349e+04  5.0232518581e+04  6.4520665132e+04  8.0594830000e+04
    15.000  2.2550251492e+02  2.0235013992e+03  5.6194981036e+03  1.1013493106e+04  1.8205486430e+04  2.7195478083e+04  3.7983468064e+04  5.0569456374e+04  6.4953443014e+04  8.1135427984e+04
    15.050  2.2700499814e+02  2.0370238899e+03  5.6570606161e+03  1.1087115651e+04  1.8327189021e+04  2.7377280728e+04  3.8237390776e+04  5.0907519164e+04  6.5387665893e+04  8.1677830963e+04
    15.100  2.2851248153e+02  2.0505913806e+03  5.6947481286e+03  1.1160983197e+04  1.8449296610e+04  2.7559688372e+04  3.8492158486e+04  5.1246706951e+04  6.5823333768e+04  8.2222038936e+04
    15.150  2.3002496508e+02  2.0642038715e+03  5.7325606409e+03  1.1235095742e+04  1.8571809198e+04  2.7742701015e+04  3.8747771194e+04  5.1587019735e+04  6.6260446639e+04  8.2768051906e+04
    15.200  2.3154244879e+02  2.0778613624e+03  5.7704981531e+03  1.1309453286e+04  1.8694726786e+04  2.7926318657e+04  3.9004228900e+04  5.1928457517e+04  6.6699004507e+04  8.3315869870e+04
    15.250  2.3306493267e+02  2.0915638534e+03  5.8085606651e+03  1.1384055830e+04  1.8818049372e+04  2.8110541296e+04  3.9261531604e+04  5.2271020295e+04  6.7139007371e+04  8.3865492830e+04
    15.300  2.3459241670e+02  2.1053113445e+03  5.8467481771e+03  1.1458903374e+04  1.8941776958e+04  2.8295368935e+04  3.9519679306e+04  5.2614708071e+04  6.7580455231e+04  8.4416920786e+04
    15.350  2.3612490089e+02  2.1191038357e+03  5.8850606889e+03  1.1533995917e+04  1.9065909543e+04  2.8480801572e+04  3.9778672006e+04  5.2959520844e+04  6.8023348088e+04  8.4970153737e+04
    15.400  2.3766238524e+02  2.1329413270e+03  5.9234982006e+03  1.1609333459e+04  1.9190447127e+04  2.8666839208e+04  4.0038509704e+04  5.3305458615e+04  6.8467685941e+04  8.5525191683e+04
    15.450  2.3920486974e+02  2.1468238184e+03  5.9620607123e+03  1.1684916002e+04  1.9315389710e+04  2.8853481843e+04  4.0299192400e+04  5.3652521383e+04  6.8913468791e+04  8.6082034625e+04
    15.500  2.4075235439e+02  2.1607513098e+03  6.0007482237e+03  1.1760743544e+04  1.9440737293e+04  2.9040729476e+04  4.0560720094e+04  5.4000709148e+04  6.9360696638e+04  8.6640682563e+04
    15.550  2.4230483919e+02  2.1747238013e+03  6.0395607351e+03  1.1836816085e+04  1.9566489875e+04  2.9228582108e+04  4.0823092787e+04  5.4350021911e+04  6.9809369481e+04  8.7201135497e+04
    15.600  2.4386232414e+02  2.1887412929e+03  6.0784982464e+03  1.1913133626e+04  1.9692647456e+04  2.9417039739e+04  4.1086310477e+04  5.4700459671e+04  7.0259487321e+04  8.7763393427e+04
    15.650  2.4542480923e+02  2.2028037846e+03  6.1175607576e+03  1.1989696167e+04  1.9819210036e+04  2.9606102368e+04  4.1350373166e+04  5.5052022429e+04  7.0711050158e+04  8.8327456352e+04
    15.700  2.4699229446e+02  2.2169112764e+03  6.1567482686e+03  1.2066503707e+04  1.9946177615e+04  2.9795769996e+04  4.1615280853e+04  5.5404710184e+04  7.1164057991e+04  8.8893324274e+04
    15.750  2.4856477984e+02  2.2310637683e+03  6.1960607796e+03  1.2143556247e+04  2.0073550194e+04  2.9986042623e+04  4.1881033538e+04  5.5758522937e+04  7.1618510821e+04  8.9460997191e+04
    15.800  2.5014226536e+02  2.2452612602e+03  6.2354982904e+03  1.2220853787e+04  2.0201327772e+04  3.0176920249e+04  4.2147631221e+04  5.6113460687e+04  7.2074408648e+04  9.0030475104e+04
    15.850  2.5172475101e+02  2.2595037522e+03  6.2750608012e+03  1.2298396326e+04  2.0329510349e+04  3.0368402874e+04  4.2415073903e+04  5.6469523435e+04  7.2531751472e+04  9.0601758014e+04
    15.900  2.5331223680e+02  2.2737912443e+03  6.3147483118e+03  1.2376183865e+04  2.0458097925e+04  3.0560490497e+04  4.2683361582e+04  5.6826711181e+04  7.2990539293e+04  9.1174845920e+04
    15.950  2.5490472272e+02  2.2881237365e+03  6.3545608224e+03  1.2454216403e+04  2.0587090501e+04  3.0753183120e+04  4.2952494261e+04  5.7185023924e+04  7.3450772111e+04  9.1749738821e+04
    16.000  2.5650220878e+02  2.3025012287e+03  6.3944983328e+03  1.2532493941e+04  2.0716488076e+04  3.0946480741e+04  4.3222471937e+04  5.7544461666e+04  7.3912449926e+04  9.2326436719e+04
    16.050  2.5810469497e+02  2.3169237210e+03  6.4345608432e+03  1.2611016479e+04  2.0846290650e+04  3.1140383361e+04  4.3493294612e+04  5.7905024404e+04  7.4375572738e+04  9.2904939614e+04
    16.100  2.5971218129e+02  2.3313912134e+03  6.4747483535e+03  1.2689784016e+04  2.0976498224e+04  3.1334890979e+04  4.3764962285e+04  5.8266712141e+04  7.4840140547e+04  9.3485247504e+04
    16.150  2.6132466773e+02  2.3459037058e+03  6.5150608636e+03  1.2768796553e+04  2.1107110797e+04  3.1530003597e+04  4.4037474957e+04  5.8629524876e+04  7.5306153354e+04  9.4067360391e+04
    16.200  2.6294215430e+02  2.3604611983e+03  6.5554983737e+03  1.2848054090e+04  2.1238128369e+04  3.1725721214e+04  4.4310832627e+04  5.8993462608e+04  7.5773611157e+04  9.4651278275e+04
    16.250  2.6456464100e+02  2.3750636909e+03  6.5960608837e+03  1.2927556626e+04  2.1369550940e+04  3.1922043830e+04  4.4585035295e+04  5.9358525338e+04  7.6242513958e+04  9.5237001155e+04
    16.300  2.6619212782e+02  2.3897111836e+03  6.6367483935e+03  1.3007304162e+04  2.1501378511e+04  3.2118971444e+04  4.4860082962e+04  5.9724713066e+04  7.6712861756e+04  9.5824529031e+04
    16.350  2.6782461476e+02  2.4044036763e+03  6.6775609033e+03  1.3087296698e+04  2.1633611081e+04  3.2316504058e+04  4.5135975628e+04  6.0092025792e+04  7.7184654551e+04  9.6413861904e+04
    16.400  2.6946210182e+02  2.4191411691e+03  6.7184984130e+03  1.3167534233e+04  2.1766248651e+04  3.2514641670e+04  4.5412713291e+04  6.0460463516e+04  7.7657892343e+04  9.7004999774e+04
    16.450  2.7110458900e+02  2.4339236620e+03  6.7595609227e+03  1.3248016768e+04  2.1899291220e+04  3.2713384281e+04  4.5690295954e+04  6.0830026237e+04  7.8132575133e+04  9.7597942640e+04
    16.500  2.7275207629e+02  2.4487511549e+03  6.8007484322e+03  1.3328744303e+04  2.2032738788e+04  3.2912731892e+04  4.5968723615e+04  6.1200713957e+04  7.8608702920e+04  9.8192690503e+04
    16.550  2.7440456371e+02  2.4636236479e+03  6.8420609416e+03  1.3409716838e+04  2.2166591356e+04  3.3112684501e+04  4.6247996274e+04  6.1572526675e+04  7.9086275704e+04  9.8789243362e+04
    16.600  2.7606205123e+02  2.4785411409e+03  6.8834984510e+03  1.3490934372e+04  2.2300848923e+04  3.3313242110e+04  4.6528113932e+04  6.1945464391e+04  7.9565293486e+04  9.9387601218e+04
    16.650  2.7772453887e+02  2.4935036341e+03  6.9250609603e+03  1.3572396905e+04  2.2435511490e+04  3.3514404717e+04  4.6809076589e+04  6.2319527105e+04  8.0045756266e+04  9.9987764071e+04
    16.700  2.7939202662e+02  2.5085111272e+03  6.9667484695e+03  1.3654104439e+04  2.2570579056e+04  3.3716172324e+04  4.7090884244e+04  6.2694714817e+04  8.0527664043e+04  1.0058973192e+05
    16.750  2.8106451448e+02  2.5235636205e+03  7.0085609786e+03  1.3736056972e+04  2.2706051621e+04  3.3918544929e+04  4.7373536897e+04  6.3071027527e+04  8.1011016817e+04  1.0119350477e+05
    16.800  2.8274200245e+02  2.5386611138e+03  7.0504984876e+03  1.3818254505e+04  2.2841929186e+04  3.4121522534e+04  4.7657034550e+04  6.3448465235e+04  8.1495814589e+04  1.0179908261e+05
    16.850  2.8442449053e+02  2.5538036071e+03  7.0925609966e+03  1.3900697038e+04  2.2978211750e+04  3.4325105137e+04  4.7941377201e+04  6.3827027941e+04  8.1982057358e+04  1.0240646545e+05
    16.900  2.8611197871e+02  2.5689911006e+03  7.1347485054e+03  1.3983384570e+04  2.3114899313e+04  3.4529292740e+04  4.8226564851e+04  6.4206715646e+04  8.2469745125e+04  1.0301565329e+05
    16.950  2.8780446700e+02  2.5842235940e+03  7.1770610142e+03  1.4066317102e+04  2.3251991876e+04  3.4734085342e+04  4.8512597499e+04  6.4587528348e+04  8.2958877890e+04  1.0362664612e+05
    17.000  2.8950195540e+02  2.5995010876e+03  7.2194985229e+03  1.4149494634e+04  2.3389489439e+04  3.4939482943e+04  4.8799475146e+04  6.4969466049e+04  8.3449455653e+04  1.0423944396e+05
    17.050  2.9120444389e+02  2.6148235812e+03  7.2620610316e+03  1.4232917165e+04  2.3527392001e+04  3.5145485543e+04  4.9087197792e+04  6.5352528748e+04  8.3941478413e+04  1.0485404678e+05
    17.100  2.9291193249e+02  2.6301910748e+03  7.3047485401e+03  1.4316584696e+04  2.3665699562e+04  3.5352093142e+04  4.9375765436e+04  6.5736716446e+04  8.4434946171e+04  1.0547045461e+05
    17.150  2.9462442119e+02  2.6456035685e+03  7.3475610486e+03  1.4400497227e+04  2.3804412123e+04  3.5559305740e+04  4.9665178079e+04  6.6122029141e+04  8.4929858926e+04  1.0608866743e+05
    17.200  2.9634190998e+02  2.6610610623e+03  7.3904985570e+03  1.4484654758e+04  2.3943529683e+04  3.5767123338e+04  4.9955435721e+04  6.6508466835e+04  8.5426216679e+04  1.0670868525e+05
    17.250  2.9806439888e+02  2.6765635561e+03  7.4335610654e+03  1.4569057288e+04  2.4083052243e+04  3.5975545934e+04  5.0246538362e+04  6.6896029528e+04  8.5924019431e+04  1.0733050807e+05
    17.300  2.9979188787e+02  2.6921110500e+03  7.4767485736e+03  1.4653704818e+04  2.4222979802e+04  3.6184573530e+04  5.0538486002e+04  6.7284717218e+04  8.6423267180e+04  1.0795413589e+05
    17.350  3.0152437695e+02  2.7077035439e+03  7.5200610818e+03  1.4738597348e+04  2.4363312361e+04  3.6394206125e+04  5.0831278640e+04  6.7674529907e+04  8.6923959926e+04  1.0857956870e+05
    17.400  3.0326186613e+02  2.7233410379e+03  7.5634985900e+03  1.4823734878e+04  2.4504049919e+04  3.6604443719e+04  5.1124916277e+04  6.8065467594e+04  8.7426097671e+04  1.0920680651e+05
    17.450  3.0500435541e+02  2.7390235319e+03  7.6070610980e+03  1.4909117407e+04  2.4645192477e+04  3.6815286312e+04  5.1419398913e+04  6.8457530280e+04  8.7929680414e+04  1.0983584931e+05
    17.500  3.0675184477e+02  2.7547510260e+03  7.6507486060e+03  1.4994744936e+04  2.4786740034e+04  3.7026733905e+04  5.1714726548e+04  6.8850717964e+04  8.8434708154e+04  1.1046669712e+05
    17.550  3.0850433423e+02  2.7705235201e+03  7.6945611139e+03  1.5080617465e+04  2.4928692591e+04  3.7238786496e+04  5.2010899181e+04  6.9245030647e+04  8.8941180892e+04  1.1109934992e+05
    17.600  3.1026182378e+02  2.7863410143e+03  7.7384986218e+03  1.5166734993e+04  2.5071050147e+04  3.7451444087e+04  5.2307916814e+04  6.9640468328e+04  8.9449098629e+04  1.1173380772e+05
    17.650  3.1202431342e+02  2.8022035085e+03  7.7825611296e+03  1.5253097522e+04  2.5213812703e+04  3.7664706677e+04  5.2605779445e+04  7.0037031007e+04  8.9958461363e+04  1.1237007051e+05
    17.700  3.1379180314e+02  2.8181110028e+03  7.8267486373e+03  1.5339705050e+04  2.5356980259e+04  3.7878574267e+04  5.2904487076e+04  7.0434718685e+04  9.0469269096e+04  1.1300813831e+05
    17.750  3.1556429295e+02  2.8340634971e+03  7.8710611450e+03  1.5426557578e+04  2.5500552813e+04  3.8093046855e+04  5.3204039705e+04  7.0833531361e+04  9.0981521826e+04  1.1364801110e+05
    17.800  3.1734178285e+02  2.8500609915e+03  7.9154986525e+03  1.5513655105e+04  2.5644530368e+04  3.8308124443e+04  5.3504437333e+04  7.1233469036e+04  9.1495219555e+04  1.1428968889e+05
    17.850  3.1912427284e+02  2.8661034859e+03  7.9600611601e+03  1.5600997633e+04  2.5788912922e+04  3.8523807030e+04  5.3805679960e+04  7.1634531710e+04  9.2010362281e+04  1.1493317167e+05
    17.900  3.2091176291e+02  2.8821909804e+03  8.0047486675e+03  1.5688585160e+04  2.5933700475e+04  3.8740094617e+04  5.4107767586e+04  7.2036719382e+04  9.2526950006e+04  1.1557845946e+05
    17.950  3.2270425306e+02  2.8983234749e+03  8.0495611749e+03  1.5776417687e+04  2.6078893028e+04  3.8956987203e+04  5.4410700210e+04  7.2440032052e+04  9.3044982729e+04  1.1622555224e+05
    18.000  3.2450174329e+02  2.9145009695e+03  8.0944986823e+03  1.5864495214e+04  2.6224490581e+04  3.9174484787e+04  5.4714477834e+04  7.2844469722e+04  9.3564460450e+04  1.1687445002e+05
    18.050  3.2630423361e+02  2.9307234641e+03  8.1395611896e+03  1.5952817740e+04  2.6370493133e+04  3.9392587372e+04  5.5019100457e+04  7.3250032389e+04  9.4085383169e+04  1.1752515280e+05
    18.100  3.2811172400e+02  2.9469909587e+03  8.1847486968e+03  1.6041385266e+04  2.6516900685e+04  3.9611294955e+04  5.5324568079e+04  7.3656720056e+04  9.4607750886e+04  1.1817766057e+05
    18.150  3.2992421448e+02  2.9633034534e+03  8.2300612039e+03  1.6130197792e+04  2.6663713236e+04  3.9830607538e+04  5.5630880700e+04  7.4064532721e+04  9.5131563601e+04  1.1883197334e+05
    18.200  3.3174170503e+02  2.9796609482e+03  8.2754987110e+03  1.6219255318e+04  2.6810930787e+04  4.0050525120e+04  5.5938038319e+04  7.4473470384e+04  9.5656821315e+04  1.1948809111e+05
    18.250  3.3356419567e+02  2.9960634430e+03  8.3210612181e+03  1.6308557844e+04  2.6958553338e+04  4.0271047702e+04  5.6246040938e+04  7.4883533046e+04  9.6183524027e+04  1.2014601388e+05
    18.300  3.3539168638e+02  3.0125109378e+03  8.3667487251e+03  1.6398105369e+04  2.7106580888e+04  4.0492175283e+04  5.6554888556e+04  7.5294720707e+04  9.6711671737e+04  1.2080574165e+05
    18.350  3.3722417716e+02  3.0290034327e+03  8.4125612320e+03  1.6487897895e+04  2.7255013437e+04  4.0713907863e+04  5.6864581173e+04  7.5707033367e+04  9.7241264446e+04  1.2146727441e+05
    18.400  3.3906166802e+02  3.0455409276e+03  8.4584987389e+03  1.6577935420e+04  2.7403850986e+04  4.0936245442e+04  5.7175118789e+04  7.6120471025e+04  9.7772302153e+04  1.2213061217e+05
    18.450  3.4090415896e+02  3.0621234225e+03  8.5045612457e+03  1.6668217944e+04  2.7553093535e+04  4.1159188021e+04  5.7486501404e+04  7.6535033682e+04  9.8304784858e+04  1.2279575493e+05
    18.500  3.4275164997e+02  3.0787509175e+03  8.5507487525e+03  1.6758745469e+04  2.7702741084e+04  4.1382735600e+04  5.7798729018e+04  7.6950721338e+04  9.8838712561e+04  1.2346270269e+05
    18.550  3.4460414105e+02  3.0954234126e+03  8.5970612592e+03  1.6849517993e+04  2.7852793632e+04  4.1606888177e+04  5.8111801631e+04  7.7367533993e+04  9.9374085263e+04  1.2413145544e+05
    18.600  3.4646163221e+02  3.1121409077e+03  8.6434987658e+03  1.6940535518e+04  2.8003251179e+04  4.1831645754e+04  5.8425719243e+04  7.7785471646e+04  9.9910902963e+04  1.2480201320e+05
    18.650  3.4832412343e+02  3.1289034028e+03  8.6900612724e+03  1.7031798042e+04  2.8154113727e+04  4.2057008331e+04  5.8740481854e+04  7.8204534298e+04  1.0044916566e+05  1.2547437595e+05
    18.700  3.5019161473e+02  3.1457108979e+03  8.7367487790e+03  1.7123305565e+04  2.8305381274e+04  4.2282975906e+04  5.9056089465e+04  7.8624721949e+04  1.0098887336e+05  1.2614854369e+05
    18.750  3.5206410610e+02  3.1625633931e+03  8.7835612855e+03  1.7215058089e+04  2.8457053820e+04  4.2509548481e+04  5.9372542074e+04  7.9046034598e+04  1.0153002605e+05  1.2682451644e+05
    18.800  3.5394159753e+02  3.1794608884e+03  8.8304987919e+03  1.7307055613e+04  2.8609131366e+04  4.2736726056e+04  5.9689839683e+04  7.9468472247e+04  1.0207262375e+05  1.2750229419e+05
    18.850  3.5582408904e+02  3.1964033836e+03  8.8775612983e+03  1.7399298136e+04  2.8761613912e+04  4.2964508630e+04  6.0007982290e+04  7.9892034894e+04  1.0261666644e+05  1.2818187693e+05
    18.900  3.5771158061e+02  3.2133908789e+03  8.9247488046e+03  1.7491785659e+04  2.8914501457e+04  4.3192896203e+04  6.0326969897e+04  8.0316722540e+04  1.0316215413e+05  1.2886326467e+05
    18.950  3.5960407225e+02  3.2304233743e+03  8.9720613109e+03  1.7584518182e+04  2.9067794003e+04  4.3421888776e+04  6.0646802503e+04  8.0742535185e+04  1.0370908682e+05  1.2954645741e+05
    19.000  3.6150156395e+02  3.2475008697e+03  9.0194988172e+03  1.7677495705e+04  2.9221491547e+04  4.3651486348e+04  6.0967480109e+04  8.1169472828e+04  1.0425746451e+05  1.3023145515e+05
    19.050  3.6340405572e+02  3.2646233651e+03  9.0670613234e+03  1.7770718227e+04  2.9375594092e+04  4.3881688920e+04  6.1289002713e+04  8.1597535471e+04  1.0480728719e+05  1.3091825788e+05
    19.100  3.6531154756e+02  3.2817908605e+03  9.1147488295e+03  1.7864185749e+04  2.9530101636e+04  4.4112496491e+04  6.1611370317e+04  8.2026723113e+04  1.0535855488e+05  1.3160686562e+05
    19.150  3.6722403946e+02  3.2990033560e+03  9.1625613356e+03  1.7957898272e+04  2.9685014179e+04  4.4343909062e+04  6.1934582919e+04  8.2457035753e+04  1.0591126756e+05  1.3229727835e+05
    19.200  3.6914153142e+02  3.3162608516e+03  9.2104988417e+03  1.8051855794e+04  2.9840331723e+04  4.4575926632e+04  6.2258640521e+04  8.2888473392e+04  1.0646542524e+05  1.3298949608e+05
    19.250  3.7106402345e+02  3.3335633471e+03  9.2585613477e+03  1.8146058315e+04  2.9996054266e+04  4.4808549201e+04  6.2583543122e+04  8.3321036030e+04  1.0702102792e+05  1.3368351881e+05
    19.300  3.7299151554e+02  3.3509108427e+03  9.3067488536e+03  1.8240505837e+04  3.0152181808e+04  4.5041776770e+04  6.2909290723e+04  8.3754723668e+04  1.0757807560e+05  1.3437934653e+05
    19.350  3.7492400769e+02  3.3683033383e+03  9.3550613595e+03  1.8335198359e+04  3.0308714351e+04  4.5275609338e+04  6.3235883322e+04  8.4189536304e+04  1.0813656828e+05  1.3507697926e+05
    19.400  3.7686149990e+02  3.3857408340e+03  9.4034988654e+03  1.8430135880e+04  3.0465651893e+04  4.5510046906e+04  6.3563320921e+04  8.4625473939e+04  1.0869650596e+05  1.3577641698e+05
    19.450  3.7880399217e+02  3.4032233297e+03  9.4520613712e+03  1.8525318401e+04  3.0622994434e+04  4.5745089473e+04  6.3891603519e+04  8.5062536573e+04  1.0925788863e+05  1.3647765970e+05
    19.500  3.8075148450e+02  3.4207508254e+03  9.5007488770e+03  1.8620745922e+04  3.0780741976e+04  4.5980737040e+04  6.4220731117e+04  8.5500724206e+04  1.0982071631e+05  1.3718070742e+05
    19.550  3.8270397689e+02  3.4383233212e+03  9.5495613827e+03  1.8716418443e+04  3.0938894517e+04  4.6216989606e+04  6.4550703713e+04  8.5940036837e+04  1.1038498898e+05  1.3788556014e+05
    19.600  3.8466146934e+02  3.4559408170e+03  9.5984988884e+03  1.8812335964e+04  3.1097452057e+04  4.6453847172e+04  6.4881521309e+04  8.6380474468e+04  1.1095070665e+05  1.3859221785e+05
    19.650  3.8662396184e+02  3.4736033128e+03  9.6475613941e+03  1.8908498484e+04  3.1256414598e+04  4.6691309737e+04  6.5213183904e+04  8.6822037098e+04  1.1151786932e+05  1.3930068057e+05
    19.700  3.8859145441e+02  3.4913108087e+03  9.6967488997e+03  1.9004906005e+04  3.1415782138e+04  4.6929377302e+04  6.5545691499e+04  8.7264724727e+04  1.1208647699e+05  1.4001094828e+05
    19.750  3.9056394703e+02  3.5090633046e+03  9.7460614052e+03  1.9101558525e+04  3.1575554678e+04  4.7168049866e+04  6.5879044092e+04  8.7708537355e+04  1.1265652966e+05  1.4072302099e+05
    19.800  3.9254143970e+02  3.5268608005e+03  9.7954989107e+03  1.9198456045e+04  3.1735732217e+04  4.7407327430e+04  6.6213241685e+04  8.8153474982e+04  1.1322802732e+05  1.4143689870e+05
    19.850  3.9452393243e+02  3.5447032965e+03  9.8450614162e+03  1.9295598565e+04  3.1896314756e+04  4.7647209994e+04  6.6548284277e+04  8.8599537608e+04  1.1380096999e+05  1.4215258141e+05
    19.900  3.9651142522e+02  3.5625907925e+03  9.8947489216e+03  1.9392986084e+04  3.2057302295e+04  4.7887697556e+04  6.6884171869e+04  8.9046725233e+04  1.1437535765e+05  1.4287006912e+05
    19.950  3.9850391806e+02  3.5805232885e+03  9.9445614270e+03  1.9490618604e+04  3.2218694834e+04  4.8128790119e+04  6.7220904460e+04  8.9495037857e+04  1.1495119031e+05  1.4358936182e+05
    20.000  4.0050141096e+02  3.5985007845e+03  9.9944989324e+03  1.9588496124e+04  3.2380492372e+04  4.8370487681e+04  6.7558482050e+04  8.9944475480e+04  1.1552846797e+05  1.4431045953e+05
