 #   eta        -3
    12.000  0.0000000000e+00
    12.050  6.3746341541e-04
    12.100  1.2646391226e-03
    12.150  1.8817224807e-03
    12.200  2.4889044160e-03
    12.250  3.0863715406e-03
    12.300  3.6743062672e-03
    12.350  4.2528869207e-03
    12.400  4.8222878461e-03
    12.450  5.3826795131e-03
    12.500  5.9342286179e-03
    12.550  6.4770981812e-03
    12.600  7.0114476441e-03
    12.650  7.5374329602e-03
    12.700  8.0552066860e-03
    12.750  8.5649180675e-03
    12.800  9.0667131251e-03
    12.850  9.5607347355e-03
    12.900  1.0047122711e-02
    12.950  1.0526013879e-02
    13.000  1.0997542152e-02
    13.050  1.1461838606e-02
    13.100  1.1919031549e-02
    13.150  1.2369246590e-02
    13.200  1.2812606703e-02
    13.250  1.3249232296e-02
    13.300  1.3679241274e-02
    13.350  1.4102749096e-02
    13.400  1.4519868838e-02
    13.450  1.4930711249e-02
    13.500  1.5335384809e-02
    13.550  1.5733995783e-02
    13.600  1.6126648273e-02
    13.650  1.6513444270e-02
    13.700  1.6894483705e-02
    13.750  1.7269864498e-02
    13.800  1.7639682605e-02
    13.850  1.8004032062e-02
    13.900  1.8363005035e-02
    13.950  1.8716691859e-02
    14.000  1.9065181084e-02
    14.050  1.9408559512e-02
    14.100  1.9746912242e-02
    14.150  2.0080322708e-02
    14.200  2.0408872716e-02
    14.250  2.0732642480e-02
    14.300  2.1051710661e-02
    14.350  2.1366154403e-02
    14.400  2.1676049362e-02
    14.450  2.1981469746e-02
    14.500  2.2282488342e-02
    14.550  2.2579176553e-02
    14.600  2.2871604422e-02
    14.650  2.3159840671e-02
    14.700  2.3443952722e-02
    14.750  2.3724006730e-02
    14.800  2.4000067611e-02
    14.850  2.4272199067e-02
    14.900  2.4540463614e-02
    14.950  2.4804922607e-02
    15.000  2.5065636268e-02
    15.050  2.5322663705e-02
    15.100  2.5576062939e-02
    15.150  2.5825890931e-02
    15.200  2.6072203598e-02
    15.250  2.6315055838e-02
    15.300  2.6554501555e-02
    15.350  2.6790593673e-02
    15.400  2.7023384165e-02
    15.450  2.7252924065e-02
    15.500  2.7479263494e-02
    15.550  2.7702451676e-02
    15.600  2.7922536957e-02
    15.650  2.8139566822e-02
    15.700  2.8353587916e-02
    15.750  2.8564646060e-02
    15.800  2.8772786267e-02
    15.850  2.8978052759e-02
    15.900  2.9180488983e-02
    15.950  2.9380137627e-02
    16.000  2.9577040637e-02
    16.050  2.9771239229e-02
    16.100  2.9962773906e-02
    16.150  3.0151684472e-02
    16.200  3.0338010046e-02
    16.250  3.0521789073e-02
    16.300  3.0703059343e-02
    16.350  3.0881857999e-02
    16.400  3.1058221552e-02
    16.450  3.1232185893e-02
    16.500  3.1403786307e-02
    16.550  3.1573057481e-02
    16.600  3.1740033519e-02
    16.650  3.1904747954e-02
    16.700  3.2067233754e-02
    16.750  3.2227523340e-02
    16.800  3.2385648592e-02
    16.850  3.2541640858e-02
    16.900  3.2695530971e-02
    16.950  3.2847349252e-02
    17.000  3.2997125524e-02
    17.050  3.3144889117e-02
    17.100  3.3290668884e-02
    17.150  3.3434493203e-02
    17.200  3.3576389993e-02
    17.250  3.3716386717e-02
    17.300  3.3854510391e-02
    17.350  3.3990787597e-02
    17.400  3.4125244486e-02
    17.450  3.4257906790e-02
    17.500  3.4388799826e-02
    17.550  3.4517948507e-02
    17.600  3.4645377346e-02
    17.650  3.4771110469e-02
    17.700  3.4895171616e-02
    17.750  3.5017584151e-02
    17.800  3.5138371068e-02
    17.850  3.5257555000e-02
    17.900  3.5375158223e-02
    17.950  3.5491202664e-02
    18.000  3.5605709904e-02
    18.050  3.5718701190e-02
    18.100  3.5830197437e-02
    18.150  3.5940219234e-02
    18.200  3.6048786852e-02
    18.250  3.6155920247e-02
    18.300  3.6261639067e-02
    18.350  3.6365962660e-02
    18.400  3.6468910073e-02
    18.450  3.6570500064e-02
    18.500  3.6670751103e-02
    18.550  3.6769681379e-02
    18.600  3.6867308802e-02
    18.650  3.6963651012e-02
    18.700  3.7058725382e-02
    18.750  3.7152549021e-02
    18.800  3.7245138782e-02
    18.850  3.7336511261e-02
    18.900  3.7426682809e-02
    18.950  3.7515669529e-02
    19.000  3.7603487283e-02
    19.050  3.7690151700e-02
    19.100  3.7775678173e-02
    19.150  3.7860081867e-02
    19.200  3.7943377725e-02
    19.250  3.8025580464e-02
    19.300  3.8106704589e-02
    19.350  3.8186764389e-02
    19.400  3.8265773943e-02
    19.450  3.8343747125e-02
    19.500  3.8420697604e-02
    19.550  3.8496638852e-02
    19.600  3.8571584143e-02
    19.650  3.8645546558e-02
    19.700  3.8718538989e-02
    19.750  3.8790574142e-02
    19.800  3.8861664538e-02
    19.850  3.8931822519e-02
    19.900  3.9001060249e-02
    19.950  3.9069389716e-02
    20.000  3.9136822738e-02
