 #   eta         5                 6                 7                 8                 9                10
     0.000  3.0000000000e+01  4.2000000000e+01  5.6000000000e+01  7.2000000000e+01  9.0000000000e+01  1.1000000000e+02
     0.050  2.9757549259e+01  4.1771632688e+01  5.5788576727e+01  7.1808220159e+01  8.9830483644e+01  1.0985532437e+02
     0.100  2.9529634528e+01  4.1585120749e+01  5.5652491448e+01  7.1730931145e+01  8.9820033382e+01  1.0991957708e+02
     0.150  2.9315434519e+01  4.1438474971e+01  5.5589372390e+01  7.1765907406e+01  8.9966952206e+01  1.1019188573e+02
     0.200  2.9114158898e+01  4.1329860782e+01  5.5597274584e+01  7.1911792668e+01  9.0271014376e+01  1.1067359583e+02
     0.250  2.8925049201e+01  4.1257582506e+01  5.5674631051e+01  7.2168030789e+01  9.0733399305e+01  1.1136823307e+02
     0.300  2.8747379424e+01  4.1220068438e+01  5.5820207508e+01  7.2534804635e+01  9.1356644221e+01  1.1228150411e+02
     0.350  2.8580456308e+01  4.1215856902e+01  5.6033059986e+01  7.3012980164e+01  9.2144610180e+01  1.1342132914e+02
     0.400  2.8423619377e+01  4.1243583341e+01  5.6312494787e+01  7.3604052983e+01  9.3102455615e+01  1.1479789838e+02
     0.450  2.8276240752e+01  4.1301968517e+01  5.6658030293e+01  7.4310094623e+01  9.4236610872e+01  1.1642374272e+02
     0.500  2.8137724772e+01  4.1389807845e+01  5.7069360247e+01  7.5133695908e+01  9.5554746200e+01  1.1831380542e+02
     0.550  2.8007507450e+01  4.1505961879e+01  5.7546318267e+01  7.6077904897e+01  9.7065724500e+01  1.2048549728e+02
     0.600  2.7885055793e+01  4.1649347962e+01  5.8088843497e+01  7.7146157186e+01  9.8779528944e+01  1.2295871161e+02
     0.650  2.7769866991e+01  4.1818933008e+01  5.8696947459e+01  7.8342196800e+01  1.0070715479e+02  1.2575576848e+02
     0.700  2.7661467515e+01  4.2013727411e+01  5.9370682362e+01  7.9669986675e+01  1.0286045459e+02  1.2890125098e+02
     0.750  2.7559412124e+01  4.2232780016e+01  6.0110111246e+01  8.1133608736e+01  1.0525192752e+02  1.3242169144e+02
     0.800  2.7463282810e+01  4.2475174100e+01  6.0915280518e+01  8.2737154954e+01  1.0789444678e+02  1.3634506652e+02
     0.850  2.7372687687e+01  4.2740024283e+01  6.1786195466e+01  8.4484612293e+01  1.1080092550e+02  1.4070007102e+02
     0.900  2.7287259844e+01  4.3026474278e+01  6.2722799419e+01  8.6379746143e+01  1.1398393035e+02  1.4551516550e+02
     0.950  2.7206656175e+01  4.3333695370e+01  6.3724957135e+01  8.8425988274e+01  1.1745526325e+02  1.5081743484e+02
     1.000  2.7130556194e+01  4.3660885514e+01  6.4792442879e+01  9.0626336294e+01  1.2122554294e+02  1.5663134948e+02
     1.050  2.7058660846e+01  4.4007268928e+01  6.5924933471e+01  9.2983271737e+01  1.2530382669e+02  1.6297757487e+02
     1.100  2.6990691332e+01  4.4372096063e+01  6.7122006313e+01  9.5498702963e+01  1.2969731469e+02  1.6987200678e+02
     1.150  2.6926387948e+01  4.4754643840e+01  6.8383142123e+01  9.8173937078e+01  1.3441117329e+02  1.7732519748e+02
     1.200  2.6865508947e+01  4.5154216032e+01  6.9707731866e+01  1.0100968229e+02  1.3944849757e+02  1.8534227362e+02
     1.250  2.6807829438e+01  4.5570143713e+01  7.1095087105e+01  1.0400607898e+02  1.4481041306e+02  1.9392334464e+02
     1.300  2.6753140310e+01  4.6001785685e+01  7.2544452886e+01  1.0716275482e+02  1.5049629483e+02  2.0306429815e+02
     1.350  2.6701247213e+01  4.6448528821e+01  7.4055022174e+01  1.1047889740e+02  1.5650406693e+02  2.1275781330e+02
     1.400  2.6651969565e+01  4.6909788278e+01  7.5625950892e+01  1.1395333672e+02  1.6283053905e+02  2.2299441387e+02
     1.450  2.6605139620e+01  4.7385007548e+01  7.7256372735e+01  1.1758463008e+02  1.6947174071e+02  2.3376342048e+02
     1.500  2.6560601577e+01  4.7873658337e+01  7.8945413043e+01  1.2137114344e+02  1.7642322310e+02  2.4505372150e+02
     1.550  2.6518210733e+01  4.8375240258e+01  8.0692201250e+01  1.2531112459e+02  1.8368031126e+02  2.5685433872e+02
     1.600  2.6477832695e+01  4.8889280355e+01  8.2495881579e+01  1.2940276546e+02  1.9123830060e+02  2.6915480338e+02
     1.650  2.6439342634e+01  4.9415332464e+01  8.4355621846e+01  1.3364425273e+02  1.9909259980e+02  2.8194537753e+02
     1.700  2.6402624579e+01  4.9952976437e+01  8.6270620367e+01  1.3803380678e+02  2.0723882734e+02  2.9521716074e+02
     1.750  2.6367570775e+01  5.0501817252e+01  8.8240111078e+01  1.4256971021e+02  2.1567287060e+02  3.0896211798e+02
     1.800  2.6334081062e+01  5.1061484022e+01  9.0263367048e+01  1.4725032735e+02  2.2439091652e+02  3.2317305732e+02
     1.850  2.6302062318e+01  5.1631628939e+01  9.2339702589e+01  1.5207411637e+02  2.3338946184e+02  3.3784357849e+02
     1.900  2.6271427926e+01  5.2211926174e+01  9.4468474209e+01  1.5703963572e+02  2.4266530943e+02  3.5296800677e+02
     1.950  2.6242097288e+01  5.2802070745e+01  9.6649080625e+01  1.6214554619e+02  2.5221555556e+02  3.6854132154e+02
     2.000  2.6213995368e+01  5.3401777377e+01  9.8880962048e+01  1.6739060981e+02  2.6203757198e+02  3.8455908522e+02
     2.050  2.6187052280e+01  5.4010779374e+01  1.0116359891e+02  1.7277368660e+02  2.7212898515e+02  4.0101737617e+02
     2.100  2.6161202894e+01  5.4628827500e+01  1.0349651022e+02  1.7829372989e+02  2.8248765462e+02  4.1791272682e+02
     2.150  2.6136386483e+01  5.5255688903e+01  1.0587925162e+02  1.8394978076e+02  2.9311165155e+02  4.3524206815e+02
     2.200  2.6112546390e+01  5.5891146064e+01  1.0831141335e+02  1.8974096208e+02  3.0399923819e+02  4.5300268020e+02
     2.250  2.6089629723e+01  5.6534995793e+01  1.1079261807e+02  1.9566647239e+02  3.1514884858e+02  4.7119214853e+02
     2.300  2.6067587077e+01  5.7187048278e+01  1.1332251869e+02  2.0172557986e+02  3.2655907087e+02  4.8980832613e+02
     2.350  2.6046372273e+01  5.7847126172e+01  1.1590079623e+02  2.0791761648e+02  3.3822863114e+02  5.0884930016e+02
     2.400  2.6025942120e+01  5.8515063743e+01  1.1852715779e+02  2.1424197254e+02  3.5015637887e+02  5.2831336305e+02
     2.450  2.6006256195e+01  5.9190706062e+01  1.2120133454e+02  2.2069809145e+02  3.6234127380e+02  5.4819898740e+02
     2.500  2.5987276642e+01  5.9873908253e+01  1.2392307983e+02  2.2728546494e+02  3.7478237420e+02  5.6850480417e+02
     2.550  2.5968967983e+01  6.0564534784e+01  1.2669216745e+02  2.3400362865e+02  3.8747882651e+02  5.8922958377e+02
     2.600  2.5951296948e+01  6.1262458810e+01  1.2950838996e+02  2.4085215812e+02  4.0042985595e+02  6.1037221957e+02
     2.650  2.5934232317e+01  6.1967561556e+01  1.3237155716e+02  2.4783066502e+02  4.1363475835e+02  6.3193171365e+02
     2.700  2.5917744772e+01  6.2679731748e+01  1.3528149466e+02  2.5493879389e+02  4.2709289274e+02  6.5390716431e+02
     2.750  2.5901806765e+01  6.3398865083e+01  1.3823804257e+02  2.6217621901e+02  4.4080367491e+02  6.7629775524e+02
     2.800  2.5886392391e+01  6.4124863737e+01  1.4124105427e+02  2.6954264171e+02  4.5476657158e+02  6.9910274598e+02
     2.850  2.5871477276e+01  6.4857635908e+01  1.4429039531e+02  2.7703778787e+02  4.6898109527e+02  7.2232146369e+02
     2.900  2.5857038473e+01  6.5597095396e+01  1.4738594241e+02  2.8466140561e+02  4.8344679977e+02  7.4595329583e+02
     2.950  2.5843054357e+01  6.6343161210e+01  1.5052758244e+02  2.9241326334e+02  4.9816327605e+02  7.6999768377e+02
     3.000  2.5829504545e+01  6.7095757207e+01  1.5371521167e+02  3.0029314787e+02  5.1313014863e+02  7.9445411720e+02
     3.050  2.5816369805e+01  6.7854811756e+01  1.5694873488e+02  3.0830086278e+02  5.2834707239e+02  8.1932212916e+02
     3.100  2.5803631981e+01  6.8620257432e+01  1.6022806473e+02  3.1643622692e+02  5.4381372970e+02  8.4460129168e+02
     3.150  2.5791273925e+01  6.9392030722e+01  1.6355312103e+02  3.2469907305e+02  5.5952982780e+02  8.7029121186e+02
     3.200  2.5779279428e+01  7.0170071769e+01  1.6692383019e+02  3.3308924662e+02  5.7549509655e+02  8.9639152852e+02
     3.250  2.5767633159e+01  7.0954324118e+01  1.7034012464e+02  3.4160660468e+02  5.9170928637e+02  9.2290190909e+02
     3.300  2.5756320608e+01  7.1744734494e+01  1.7380194235e+02  3.5025101489e+02  6.0817216636e+02  9.4982204693e+02
     3.350  2.5745328038e+01  7.2541252591e+01  1.7730922635e+02  3.5902235458e+02  6.2488352266e+02  9.7715165892e+02
     3.400  2.5734642431e+01  7.3343830873e+01  1.8086192434e+02  3.6792050998e+02  6.4184315699e+02  1.0048904833e+03
     3.450  2.5724251444e+01  7.4152424399e+01  1.8445998828e+02  3.7694537544e+02  6.5905088526e+02  1.0330382776e+03
     3.500  2.5714143371e+01  7.4966990652e+01  1.8810337406e+02  3.8609685279e+02  6.7650653638e+02  1.0615948174e+03
     3.550  2.5704307099e+01  7.5787489387e+01  1.9179204116e+02  3.9537485069e+02  6.9420995119e+02  1.0905598939e+03
     3.600  2.5694732074e+01  7.6613882481e+01  1.9552595237e+02  4.0477928412e+02  7.1216098143e+02  1.1199333136e+03
     3.650  2.5685408268e+01  7.7446133806e+01  1.9930507353e+02  4.1431007386e+02  7.3035948889e+02  1.1497148962e+03
     3.700  2.5676326147e+01  7.8284209102e+01  2.0312937327e+02  4.2396714600e+02  7.4880534456e+02  1.1799044737e+03
     3.750  2.5667476642e+01  7.9128075861e+01  2.0699882279e+02  4.3375043156e+02  7.6749842795e+02  1.2105018896e+03
     3.800  2.5658851120e+01  7.9977703218e+01  2.1091339567e+02  4.4365986612e+02  7.8643862635e+02  1.2415069979e+03
     3.850  2.5650441362e+01  8.0833061859e+01  2.1487306765e+02  4.5369538942e+02  8.0562583429e+02  1.2729196621e+03
     3.900  2.5642239536e+01  8.1694123917e+01  2.1887781648e+02  4.6385694509e+02  8.2505995296e+02  1.3047397543e+03
     3.950  2.5634238176e+01  8.2560862896e+01  2.2292762177e+02  4.7414448032e+02  8.4474088970e+02  1.3369671552e+03
     4.000  2.5626430164e+01  8.3433253583e+01  2.2702246481e+02  4.8455794564e+02  8.6466855754e+02  1.3696017526e+03
     4.050  2.5618808705e+01  8.4311271977e+01  2.3116232847e+02  4.9509729463e+02  8.8484287480e+02  1.4026434416e+03
     4.100  2.5611367315e+01  8.5194895216e+01  2.3534719706e+02  5.0576248373e+02  9.0526376470e+02  1.4360921233e+03
     4.150  2.5604099800e+01  8.6084101516e+01  2.3957705623e+02  5.1655347204e+02  9.2593115498e+02  1.4699477053e+03
     4.200  2.5597000242e+01  8.6978870105e+01  2.4385189286e+02  5.2747022107e+02  9.4684497762e+02  1.5042101002e+03
     4.250  2.5590062983e+01  8.7879181169e+01  2.4817169494e+02  5.3851269465e+02  9.6800516851e+02  1.5388792260e+03
     4.300  2.5583282612e+01  8.8785015797e+01  2.5253645154e+02  5.4968085872e+02  9.8941166719e+02  1.5739550054e+03
     4.350  2.5576653953e+01  8.9696355934e+01  2.5694615268e+02  5.6097468120e+02  1.0110644166e+03  1.6094373655e+03
     4.400  2.5570172048e+01  9.0613184328e+01  2.6140078925e+02  5.7239413185e+02  1.0329633629e+03  1.6453262376e+03
     4.450  2.5563832154e+01  9.1535484495e+01  2.6590035301e+02  5.8393918215e+02  1.0551084551e+03  1.6816215567e+03
     4.500  2.5557629722e+01  9.2463240671e+01  2.7044483643e+02  5.9560980518e+02  1.0774996451e+03  1.7183232615e+03
     4.550  2.5551560396e+01  9.3396437777e+01  2.7503423271e+02  6.0740597551e+02  1.1001368873e+03  1.7554312940e+03
     4.600  2.5545619997e+01  9.4335061380e+01  2.7966853570e+02  6.1932766912e+02  1.1230201384e+03  1.7929455992e+03
     4.650  2.5539804518e+01  9.5279097664e+01  2.8434773982e+02  6.3137486328e+02  1.1461493578e+03  1.8308661252e+03
     4.700  2.5534110112e+01  9.6228533393e+01  2.8907184008e+02  6.4354753651e+02  1.1695245064e+03  1.8691928228e+03
     4.750  2.5528533088e+01  9.7183355885e+01  2.9384083198e+02  6.5584566846e+02  1.1931455476e+03  1.9079256452e+03
     4.800  2.5523069901e+01  9.8143552981e+01  2.9865471148e+02  6.6826923984e+02  1.2170124464e+03  1.9470645481e+03
     4.850  2.5517717144e+01  9.9109113020e+01  3.0351347501e+02  6.8081823240e+02  1.2411251696e+03  1.9866094895e+03
     4.900  2.5512471545e+01  1.0008002482e+02  3.0841711935e+02  6.9349262881e+02  1.2654836856e+03  2.0265604293e+03
     4.950  2.5507329956e+01  1.0105627763e+02  3.1336564171e+02  7.0629241262e+02  1.2900879645e+03  2.0669173298e+03
     5.000  2.5502289352e+01  1.0203786115e+02  3.1835903961e+02  7.1921756823e+02  1.3149379778e+03  2.1076801546e+03
     5.050  2.5497346821e+01  1.0302476548e+02  3.2339731088e+02  7.3226808083e+02  1.3400336981e+03  2.1488488695e+03
     5.100  2.5492499561e+01  1.0401698109e+02  3.2848045366e+02  7.4544393632e+02  1.3653750998e+03  2.1904234416e+03
     5.150  2.5487744874e+01  1.0501449885e+02  3.3360846635e+02  7.5874512132e+02  1.3909621579e+03  2.2324038400e+03
     5.200  2.5483080163e+01  1.0601730995e+02  3.3878134761e+02  7.7217162307e+02  1.4167948492e+03  2.2747900347e+03
     5.250  2.5478502924e+01  1.0702540593e+02  3.4399909631e+02  7.8572342946e+02  1.4428731510e+03  2.3175819975e+03
     5.300  2.5474010747e+01  1.0803877865e+02  3.4926171155e+02  7.9940052894e+02  1.4691970420e+03  2.3607797014e+03
     5.350  2.5469601306e+01  1.0905742028e+02  3.5456919262e+02  8.1320291052e+02  1.4957665018e+03  2.4043831205e+03
     5.400  2.5465272359e+01  1.1008132326e+02  3.5992153897e+02  8.2713056369e+02  1.5225815106e+03  2.4483922302e+03
     5.450  2.5461021744e+01  1.1111048032e+02  3.6531875026e+02  8.4118347848e+02  1.5496420500e+03  2.4928070070e+03
     5.500  2.5456847375e+01  1.1214488446e+02  3.7076082625e+02  8.5536164534e+02  1.5769481019e+03  2.5376274282e+03
     5.550  2.5452747238e+01  1.1318452893e+02  3.7624776687e+02  8.6966505518e+02  1.6044996494e+03  2.5828534725e+03
     5.600  2.5448719388e+01  1.1422940721e+02  3.8177957218e+02  8.8409369929e+02  1.6322966760e+03  2.6284851191e+03
     5.650  2.5444761949e+01  1.1527951303e+02  3.8735624234e+02  8.9864756939e+02  1.6603391661e+03  2.6745223484e+03
     5.700  2.5440873106e+01  1.1633484033e+02  3.9297777763e+02  9.1332665754e+02  1.6886271047e+03  2.7209651414e+03
     5.750  2.5437051108e+01  1.1739538325e+02  3.9864417844e+02  9.2813095616e+02  1.7171604774e+03  2.7678134800e+03
     5.800  2.5433294259e+01  1.1846113616e+02  4.0435544522e+02  9.4306045800e+02  1.7459392703e+03  2.8150673470e+03
     5.850  2.5429600924e+01  1.1953209361e+02  4.1011157853e+02  9.5811515611e+02  1.7749634703e+03  2.8627267256e+03
     5.900  2.5425969517e+01  1.2060825032e+02  4.1591257899e+02  9.7329504385e+02  1.8042330647e+03  2.9107916000e+03
     5.950  2.5422398508e+01  1.2168960122e+02  4.2175844730e+02  9.8860011488e+02  1.8337480413e+03  2.9592619547e+03
     6.000  2.5418886413e+01  1.2277614138e+02  4.2764918422e+02  1.0040303631e+03  1.8635083884e+03  3.0081377751e+03
     6.050  2.5415431799e+01  1.2386786605e+02  4.3358479056e+02  1.0195857826e+03  1.8935140948e+03  3.0574190471e+03
     6.100  2.5412033277e+01  1.2496477063e+02  4.3956526719e+02  1.0352663680e+03  1.9237651496e+03  3.1071057571e+03
     6.150  2.5408689501e+01  1.2606685069e+02  4.4559061501e+02  1.0510721137e+03  1.9542615426e+03  3.1571978921e+03
     6.200  2.5405399171e+01  1.2717410191e+02  4.5166083499e+02  1.0670030146e+03  1.9850032636e+03  3.2076954394e+03
     6.250  2.5402161023e+01  1.2828652014e+02  4.5777592811e+02  1.0830590658e+03  2.0159903032e+03  3.2585983872e+03
     6.300  2.5398973836e+01  1.2940410134e+02  4.6393589540e+02  1.0992402626e+03  2.0472226520e+03  3.3099067237e+03
     6.350  2.5395836424e+01  1.3052684162e+02  4.7014073791e+02  1.1155466004e+03  2.0787003012e+03  3.3616204378e+03
     6.400  2.5392747638e+01  1.3165473719e+02  4.7639045673e+02  1.1319780749e+03  2.1104232423e+03  3.4137395187e+03
     6.450  2.5389706365e+01  1.3278778438e+02  4.8268505297e+02  1.1485346818e+03  2.1423914669e+03  3.4662639561e+03
     6.500  2.5386711524e+01  1.3392597967e+02  4.8902452773e+02  1.1652164170e+03  2.1746049672e+03  3.5191937401e+03
     6.550  2.5383762067e+01  1.3506931960e+02  4.9540888218e+02  1.1820232768e+03  2.2070637354e+03  3.5725288610e+03
     6.600  2.5380856976e+01  1.3621780084e+02  5.0183811746e+02  1.1989552574e+03  2.2397677642e+03  3.6262693094e+03
     6.650  2.5377995266e+01  1.3737142016e+02  5.0831223476e+02  1.2160123551e+03  2.2727170465e+03  3.6804150766e+03
     6.700  2.5375175977e+01  1.3853017442e+02  5.1483123524e+02  1.2331945666e+03  2.3059115754e+03  3.7349661539e+03
     6.750  2.5372398178e+01  1.3969406059e+02  5.2139512010e+02  1.2505018884e+03  2.3393513443e+03  3.7899225329e+03
     6.800  2.5369660968e+01  1.4086307572e+02  5.2800389055e+02  1.2679343174e+03  2.3730363467e+03  3.8452842057e+03
     6.850  2.5366963467e+01  1.4203721693e+02  5.3465754777e+02  1.2854918506e+03  2.4069665766e+03  3.9010511644e+03
     6.900  2.5364304822e+01  1.4321648145e+02  5.4135609298e+02  1.3031744848e+03  2.4411420278e+03  3.9572234017e+03
     6.950  2.5361684207e+01  1.4440086658e+02  5.4809952739e+02  1.3209822173e+03  2.4755626948e+03  4.0138009102e+03
     7.000  2.5359100814e+01  1.4559036970e+02  5.5488785220e+02  1.3389150453e+03  2.5102285718e+03  4.0707836830e+03
     7.050  2.5356553861e+01  1.4678498826e+02  5.6172106862e+02  1.3569729660e+03  2.5451396536e+03  4.1281717133e+03
     7.100  2.5354042587e+01  1.4798471978e+02  5.6859917787e+02  1.3751559770e+03  2.5802959348e+03  4.1859649945e+03
     7.150  2.5351566251e+01  1.4918956187e+02  5.7552218114e+02  1.3934640758e+03  2.6156974106e+03  4.2441635205e+03
     7.200  2.5349124134e+01  1.5039951219e+02  5.8249007964e+02  1.4118972600e+03  2.6513440759e+03  4.3027672850e+03
     7.250  2.5346715534e+01  1.5161456846e+02  5.8950287456e+02  1.4304555271e+03  2.6872359262e+03  4.3617762822e+03
     7.300  2.5344339771e+01  1.5283472848e+02  5.9656056709e+02  1.4491388751e+03  2.7233729567e+03  4.4211905063e+03
     7.350  2.5341996180e+01  1.5405999010e+02  6.0366315843e+02  1.4679473018e+03  2.7597551633e+03  4.4810099518e+03
     7.400  2.5339684116e+01  1.5529035122e+02  6.1081064974e+02  1.4868808050e+03  2.7963825414e+03  4.5412346134e+03
     7.450  2.5337402950e+01  1.5652580983e+02  6.1800304221e+02  1.5059393828e+03  2.8332550871e+03  4.6018644858e+03
     7.500  2.5335152071e+01  1.5776636393e+02  6.2524033698e+02  1.5251230331e+03  2.8703727962e+03  4.6628995640e+03
     7.550  2.5332930881e+01  1.5901201160e+02  6.3252253523e+02  1.5444317543e+03  2.9077356650e+03  4.7243398432e+03
     7.600  2.5330738800e+01  1.6026275098e+02  6.3984963810e+02  1.5638655443e+03  2.9453436896e+03  4.7861853186e+03
     7.650  2.5328575263e+01  1.6151858023e+02  6.4722164672e+02  1.5834244014e+03  2.9831968665e+03  4.8484359856e+03
     7.700  2.5326439718e+01  1.6277949758e+02  6.5463856223e+02  1.6031083240e+03  3.0212951919e+03  4.9110918398e+03
     7.750  2.5324331627e+01  1.6404550131e+02  6.6210038574e+02  1.6229173104e+03  3.0596386626e+03  4.9741528769e+03
     7.800  2.5322250468e+01  1.6531658971e+02  6.6960711835e+02  1.6428513589e+03  3.0982272752e+03  5.0376190927e+03
     7.850  2.5320195730e+01  1.6659276116e+02  6.7715876118e+02  1.6629104681e+03  3.1370610265e+03  5.1014904832e+03
     7.900  2.5318166915e+01  1.6787401406e+02  6.8475531530e+02  1.6830946365e+03  3.1761399133e+03  5.1657670444e+03
     7.950  2.5316163538e+01  1.6916034684e+02  6.9239678179e+02  1.7034038626e+03  3.2154639326e+03  5.2304487725e+03
     8.000  2.5314185125e+01  1.7045175798e+02  7.0008316172e+02  1.7238381449e+03  3.2550330814e+03  5.2955356638e+03
     8.050  2.5312231215e+01  1.7174824601e+02  7.0781445614e+02  1.7443974822e+03  3.2948473569e+03  5.3610277147e+03
     8.100  2.5310301358e+01  1.7304980948e+02  7.1559066609e+02  1.7650818731e+03  3.3349067562e+03  5.4269249216e+03
     8.150  2.5308395113e+01  1.7435644698e+02  7.2341179261e+02  1.7858913163e+03  3.3752112767e+03  5.4932272814e+03
     8.200  2.5306512052e+01  1.7566815714e+02  7.3127783672e+02  1.8068258107e+03  3.4157609158e+03  5.5599347905e+03
     8.250  2.5304651756e+01  1.7698493861e+02  7.3918879941e+02  1.8278853549e+03  3.4565556708e+03  5.6270474458e+03
     8.300  2.5302813816e+01  1.7830679010e+02  7.4714468170e+02  1.8490699478e+03  3.4975955394e+03  5.6945652442e+03
     8.350  2.5300997834e+01  1.7963371032e+02  7.5514548456e+02  1.8703795884e+03  3.5388805190e+03  5.7624881826e+03
     8.400  2.5299203420e+01  1.8096569803e+02  7.6319120898e+02  1.8918142754e+03  3.5804106073e+03  5.8308162581e+03
     8.450  2.5297430194e+01  1.8230275201e+02  7.7128185590e+02  1.9133740079e+03  3.6221858021e+03  5.8995494679e+03
     8.500  2.5295677783e+01  1.8364487108e+02  7.7941742629e+02  1.9350587847e+03  3.6642061012e+03  5.9686878091e+03
     8.550  2.5293945825e+01  1.8499205409e+02  7.8759792107e+02  1.9568686050e+03  3.7064715023e+03  6.0382312791e+03
     8.600  2.5292233965e+01  1.8634429989e+02  7.9582334119e+02  1.9788034676e+03  3.7489820033e+03  6.1081798751e+03
     8.650  2.5290541856e+01  1.8770160739e+02  8.0409368754e+02  2.0008633717e+03  3.7917376023e+03  6.1785335947e+03
     8.700  2.5288869161e+01  1.8906397550e+02  8.1240896104e+02  2.0230483164e+03  3.8347382973e+03  6.2492924353e+03
     8.750  2.5287215548e+01  1.9043140317e+02  8.2076916258e+02  2.0453583007e+03  3.8779840862e+03  6.3204563944e+03
     8.800  2.5285580693e+01  1.9180388938e+02  8.2917429303e+02  2.0677933238e+03  3.9214749672e+03  6.3920254698e+03
     8.850  2.5283964281e+01  1.9318143311e+02  8.3762435328e+02  2.0903533848e+03  3.9652109384e+03  6.4639996592e+03
     8.900  2.5282366002e+01  1.9456403339e+02  8.4611934417e+02  2.1130384830e+03  4.0091919982e+03  6.5363789601e+03
     8.950  2.5280785553e+01  1.9595168925e+02  8.5465926656e+02  2.1358486174e+03  4.0534181446e+03  6.6091633706e+03
     9.000  2.5279222639e+01  1.9734439975e+02  8.6324412127e+02  2.1587837874e+03  4.0978893761e+03  6.6823528883e+03
     9.050  2.5277676972e+01  1.9874216398e+02  8.7187390914e+02  2.1818439922e+03  4.1426056910e+03  6.7559475114e+03
     9.100  2.5276148266e+01  2.0014498104e+02  8.8054863097e+02  2.2050292310e+03  4.1875670876e+03  6.8299472376e+03
     9.150  2.5274636247e+01  2.0155285004e+02  8.8926828758e+02  2.2283395031e+03  4.2327735644e+03  6.9043520651e+03
     9.200  2.5273140643e+01  2.0296577014e+02  8.9803287975e+02  2.2517748079e+03  4.2782251198e+03  6.9791619919e+03
     9.250  2.5271661190e+01  2.0438374048e+02  9.0684240826e+02  2.2753351447e+03  4.3239217524e+03  7.0543770162e+03
     9.300  2.5270197627e+01  2.0580676025e+02  9.1569687389e+02  2.2990205127e+03  4.3698634606e+03  7.1299971360e+03
     9.350  2.5268749701e+01  2.0723482865e+02  9.2459627740e+02  2.3228309114e+03  4.4160502432e+03  7.2060223497e+03
     9.400  2.5267317164e+01  2.0866794489e+02  9.3354061953e+02  2.3467663401e+03  4.4624820986e+03  7.2824526555e+03
     9.450  2.5265899771e+01  2.1010610819e+02  9.4252990103e+02  2.3708267982e+03  4.5091590255e+03  7.3592880516e+03
     9.500  2.5264497286e+01  2.1154931781e+02  9.5156412262e+02  2.3950122852e+03  4.5560810227e+03  7.4365285364e+03
     9.550  2.5263109475e+01  2.1299757301e+02  9.6064328503e+02  2.4193228004e+03  4.6032480888e+03  7.5141741083e+03
     9.600  2.5261736109e+01  2.1445087306e+02  9.6976738897e+02  2.4437583433e+03  4.6506602225e+03  7.5922247658e+03
     9.650  2.5260376965e+01  2.1590921727e+02  9.7893643514e+02  2.4683189133e+03  4.6983174226e+03  7.6706805072e+03
     9.700  2.5259031823e+01  2.1737260493e+02  9.8815042422e+02  2.4930045100e+03  4.7462196880e+03  7.7495413310e+03
     9.750  2.5257700469e+01  2.1884103537e+02  9.9740935690e+02  2.5178151327e+03  4.7943670174e+03  7.8288072359e+03
     9.800  2.5256382693e+01  2.2031450793e+02  1.0067132338e+03  2.5427507810e+03  4.8427594097e+03  7.9084782203e+03
     9.850  2.5255078288e+01  2.2179302195e+02  1.0160620557e+03  2.5678114544e+03  4.8913968639e+03  7.9885542828e+03
     9.900  2.5253787053e+01  2.2327657680e+02  1.0254558232e+03  2.5929971524e+03  4.9402793787e+03  8.0690354221e+03
     9.950  2.5252508790e+01  2.2476517186e+02  1.0348945369e+03  2.6183078745e+03  4.9894069532e+03  8.1499216368e+03
    10.000  2.5251243304e+01  2.2625880652e+02  1.0443781975e+03  2.6437436202e+03  5.0387795862e+03  8.2312129256e+03
    10.050  2.5249990406e+01  2.2775748017e+02  1.0539068055e+03  2.6693043892e+03  5.0883972768e+03  8.3129092873e+03
    10.100  2.5248749909e+01  2.2926119223e+02  1.0634803617e+03  2.6949901809e+03  5.1382600241e+03  8.3950107205e+03
    10.150  2.5247521631e+01  2.3076994212e+02  1.0730988666e+03  2.7208009951e+03  5.1883678269e+03  8.4775172241e+03
    10.200  2.5246305392e+01  2.3228372929e+02  1.0827623208e+03  2.7467368311e+03  5.2387206844e+03  8.5604287969e+03
    10.250  2.5245101017e+01  2.3380255317e+02  1.0924707249e+03  2.7727976887e+03  5.2893185956e+03  8.6437454377e+03
    10.300  2.5243908333e+01  2.3532641323e+02  1.1022240795e+03  2.7989835674e+03  5.3401615596e+03  8.7274671453e+03
    10.350  2.5242727172e+01  2.3685530893e+02  1.1120223852e+03  2.8252944668e+03  5.3912495755e+03  8.8115939186e+03
    10.400  2.5241557367e+01  2.3838923976e+02  1.1218656425e+03  2.8517303866e+03  5.4425826426e+03  8.8961257566e+03
    10.450  2.5240398756e+01  2.3992820520e+02  1.1317538520e+03  2.8782913264e+03  5.4941607598e+03  8.9810626582e+03
    10.500  2.5239251180e+01  2.4147220476e+02  1.1416870143e+03  2.9049772859e+03  5.5459839264e+03  9.0664046222e+03
    10.550  2.5238114482e+01  2.4302123793e+02  1.1516651299e+03  2.9317882646e+03  5.5980521416e+03  9.1521516478e+03
    10.600  2.5236988508e+01  2.4457530425e+02  1.1616881993e+03  2.9587242622e+03  5.6503654045e+03  9.2383037339e+03
    10.650  2.5235873108e+01  2.4613440324e+02  1.1717562231e+03  2.9857852785e+03  5.7029237144e+03  9.3248608795e+03
    10.700  2.5234768134e+01  2.4769853442e+02  1.1818692017e+03  3.0129713130e+03  5.7557270706e+03  9.4118230836e+03
    10.750  2.5233673441e+01  2.4926769736e+02  1.1920271358e+03  3.0402823655e+03  5.8087754722e+03  9.4991903453e+03
    10.800  2.5232588886e+01  2.5084189160e+02  1.2022300258e+03  3.0677184356e+03  5.8620689186e+03  9.5869626638e+03
    10.850  2.5231514329e+01  2.5242111670e+02  1.2124778722e+03  3.0952795231e+03  5.9156074090e+03  9.6751400380e+03
    10.900  2.5230449633e+01  2.5400537223e+02  1.2227706755e+03  3.1229656276e+03  5.9693909428e+03  9.7637224671e+03
    10.950  2.5229394664e+01  2.5559465778e+02  1.2331084362e+03  3.1507767488e+03  6.0234195192e+03  9.8527099503e+03
    11.000  2.5228349288e+01  2.5718897292e+02  1.2434911547e+03  3.1787128865e+03  6.0776931376e+03  9.9421024867e+03
    11.050  2.5227313377e+01  2.5878831726e+02  1.2539188316e+03  3.2067740403e+03  6.1322117973e+03  1.0031900075e+04
    11.100  2.5226286801e+01  2.6039269038e+02  1.2643914674e+03  3.2349602100e+03  6.1869754976e+03  1.0122102716e+04
    11.150  2.5225269437e+01  2.6200209191e+02  1.2749090624e+03  3.2632713954e+03  6.2419842380e+03  1.0212710407e+04
    11.200  2.5224261160e+01  2.6361652144e+02  1.2854716171e+03  3.2917075961e+03  6.2972380179e+03  1.0303723148e+04
    11.250  2.5223261850e+01  2.6523597862e+02  1.2960791320e+03  3.3202688119e+03  6.3527368365e+03  1.0395140938e+04
    11.300  2.5222271387e+01  2.6686046305e+02  1.3067316076e+03  3.3489550426e+03  6.4084806934e+03  1.0486963777e+04
    11.350  2.5221289656e+01  2.6848997439e+02  1.3174290442e+03  3.3777662878e+03  6.4644695880e+03  1.0579191663e+04
    11.400  2.5220316542e+01  2.7012451227e+02  1.3281714422e+03  3.4067025475e+03  6.5207035196e+03  1.0671824597e+04
    11.450  2.5219351931e+01  2.7176407634e+02  1.3389588022e+03  3.4357638213e+03  6.5771824877e+03  1.0764862577e+04
    11.500  2.5218395713e+01  2.7340866625e+02  1.3497911246e+03  3.4649501089e+03  6.6339064918e+03  1.0858305602e+04
    11.550  2.5217447779e+01  2.7505828167e+02  1.3606684096e+03  3.4942614103e+03  6.6908755313e+03  1.0952153673e+04
    11.600  2.5216508023e+01  2.7671292225e+02  1.3715906579e+03  3.5236977251e+03  6.7480896057e+03  1.1046406787e+04
    11.650  2.5215576338e+01  2.7837258768e+02  1.3825578697e+03  3.5532590531e+03  6.8055487145e+03  1.1141064946e+04
    11.700  2.5214652623e+01  2.8003727763e+02  1.3935700454e+03  3.5829453942e+03  6.8632528572e+03  1.1236128147e+04
    11.750  2.5213736774e+01  2.8170699179e+02  1.4046271855e+03  3.6127567481e+03  6.9212020333e+03  1.1331596391e+04
    11.800  2.5212828693e+01  2.8338172983e+02  1.4157292903e+03  3.6426931146e+03  6.9793962423e+03  1.1427469676e+04
    11.850  2.5211928280e+01  2.8506149146e+02  1.4268763602e+03  3.6727544935e+03  7.0378354836e+03  1.1523748003e+04
    11.900  2.5211035440e+01  2.8674627638e+02  1.4380683956e+03  3.7029408846e+03  7.0965197570e+03  1.1620431370e+04
    11.950  2.5210150078e+01  2.8843608428e+02  1.4493053968e+03  3.7332522878e+03  7.1554490618e+03  1.1717519777e+04
    12.000  2.5209272099e+01  2.9013091489e+02  1.4605873643e+03  3.7636887028e+03  7.2146233977e+03  1.1815013224e+04
    12.050  2.5208401413e+01  2.9183076790e+02  1.4719142983e+03  3.7942501295e+03  7.2740427642e+03  1.1912911709e+04
    12.100  2.5207537929e+01  2.9353564305e+02  1.4832861993e+03  3.8249365676e+03  7.3337071608e+03  1.2011215233e+04
    12.150  2.5206681558e+01  2.9524554006e+02  1.4947030676e+03  3.8557480170e+03  7.3936165872e+03  1.2109923794e+04
    12.200  2.5205832213e+01  2.9696045865e+02  1.5061649035e+03  3.8866844776e+03  7.4537710428e+03  1.2209037393e+04
    12.250  2.5204989808e+01  2.9868039855e+02  1.5176717074e+03  3.9177459491e+03  7.5141705274e+03  1.2308556029e+04
    12.300  2.5204154258e+01  3.0040535951e+02  1.5292234796e+03  3.9489324315e+03  7.5748150405e+03  1.2408479700e+04
    12.350  2.5203325480e+01  3.0213534126e+02  1.5408202205e+03  3.9802439244e+03  7.6357045817e+03  1.2508808408e+04
    12.400  2.5202503393e+01  3.0387034356e+02  1.5524619303e+03  4.0116804278e+03  7.6968391506e+03  1.2609542150e+04
    12.450  2.5201687915e+01  3.0561036614e+02  1.5641486094e+03  4.0432419416e+03  7.7582187469e+03  1.2710680928e+04
    12.500  2.5200878967e+01  3.0735540877e+02  1.5758802581e+03  4.0749284655e+03  7.8198433701e+03  1.2812224739e+04
    12.550  2.5200076472e+01  3.0910547120e+02  1.5876568768e+03  4.1067399994e+03  7.8817130200e+03  1.2914173585e+04
    12.600  2.5199280353e+01  3.1086055319e+02  1.5994784657e+03  4.1386765431e+03  7.9438276960e+03  1.3016527463e+04
    12.650  2.5198490534e+01  3.1262065451e+02  1.6113450252e+03  4.1707380966e+03  8.0061873979e+03  1.3119286375e+04
    12.700  2.5197706940e+01  3.1438577493e+02  1.6232565556e+03  4.2029246597e+03  8.0687921254e+03  1.3222450319e+04
    12.750  2.5196929499e+01  3.1615591422e+02  1.6352130571e+03  4.2352362322e+03  8.1316418781e+03  1.3326019295e+04
    12.800  2.5196158139e+01  3.1793107216e+02  1.6472145300e+03  4.2676728140e+03  8.1947366556e+03  1.3429993303e+04
    12.850  2.5195392788e+01  3.1971124852e+02  1.6592609747e+03  4.3002344049e+03  8.2580764576e+03  1.3534372342e+04
    12.900  2.5194633377e+01  3.2149644309e+02  1.6713523914e+03  4.3329210049e+03  8.3216612838e+03  1.3639156412e+04
    12.950  2.5193879837e+01  3.2328665566e+02  1.6834887805e+03  4.3657326138e+03  8.3854911339e+03  1.3744345512e+04
    13.000  2.5193132100e+01  3.2508188602e+02  1.6956701421e+03  4.3986692315e+03  8.4495660076e+03  1.3849939642e+04
    13.050  2.5192390099e+01  3.2688213396e+02  1.7078964766e+03  4.4317308578e+03  8.5138859045e+03  1.3955938801e+04
    13.100  2.5191653770e+01  3.2868739928e+02  1.7201677843e+03  4.4649174926e+03  8.5784508244e+03  1.4062342990e+04
    13.150  2.5190923046e+01  3.3049768177e+02  1.7324840654e+03  4.4982291359e+03  8.6432607669e+03  1.4169152208e+04
    13.200  2.5190197866e+01  3.3231298124e+02  1.7448453202e+03  4.5316657874e+03  8.7083157318e+03  1.4276366454e+04
    13.250  2.5189478165e+01  3.3413329750e+02  1.7572515489e+03  4.5652274472e+03  8.7736157187e+03  1.4383985728e+04
    13.300  2.5188763882e+01  3.3595863035e+02  1.7697027518e+03  4.5989141150e+03  8.8391607275e+03  1.4492010030e+04
    13.350  2.5188054956e+01  3.3778897960e+02  1.7821989292e+03  4.6327257907e+03  8.9049507578e+03  1.4600439359e+04
    13.400  2.5187351327e+01  3.3962434508e+02  1.7947400813e+03  4.6666624743e+03  8.9709858093e+03  1.4709273716e+04
    13.450  2.5186652937e+01  3.4146472659e+02  1.8073262084e+03  4.7007241656e+03  9.0372658817e+03  1.4818513099e+04
    13.500  2.5185959727e+01  3.4331012396e+02  1.8199573107e+03  4.7349108645e+03  9.1037909749e+03  1.4928157508e+04
    13.550  2.5185271639e+01  3.4516053701e+02  1.8326333885e+03  4.7692225710e+03  9.1705610886e+03  1.5038206943e+04
    13.600  2.5184588617e+01  3.4701596556e+02  1.8453544419e+03  4.8036592849e+03  9.2375762224e+03  1.5148661404e+04
    13.650  2.5183910606e+01  3.4887640945e+02  1.8581204713e+03  4.8382210061e+03  9.3048363762e+03  1.5259520891e+04
    13.700  2.5183237550e+01  3.5074186850e+02  1.8709314769e+03  4.8729077345e+03  9.3723415496e+03  1.5370785403e+04
    13.750  2.5182569397e+01  3.5261234254e+02  1.8837874589e+03  4.9077194701e+03  9.4400917425e+03  1.5482454939e+04
    13.800  2.5181906091e+01  3.5448783141e+02  1.8966884175e+03  4.9426562127e+03  9.5080869546e+03  1.5594529500e+04
    13.850  2.5181247581e+01  3.5636833496e+02  1.9096343530e+03  4.9777179622e+03  9.5763271857e+03  1.5707009085e+04
    13.900  2.5180593815e+01  3.5825385301e+02  1.9226252656e+03  5.0129047186e+03  9.6448124355e+03  1.5819893693e+04
    13.950  2.5179944742e+01  3.6014438541e+02  1.9356611555e+03  5.0482164817e+03  9.7135427039e+03  1.5933183326e+04
    14.000  2.5179300312e+01  3.6203993201e+02  1.9487420229e+03  5.0836532515e+03  9.7825179905e+03  1.6046877982e+04
    14.050  2.5178660475e+01  3.6394049266e+02  1.9618678680e+03  5.1192150279e+03  9.8517382952e+03  1.6160977660e+04
    14.100  2.5178025183e+01  3.6584606719e+02  1.9750386911e+03  5.1549018107e+03  9.9212036178e+03  1.6275482362e+04
    14.150  2.5177394386e+01  3.6775665547e+02  1.9882544923e+03  5.1907136000e+03  9.9909139579e+03  1.6390392086e+04
    14.200  2.5176768038e+01  3.6967225734e+02  2.0015152720e+03  5.2266503956e+03  1.0060869316e+04  1.6505706832e+04
    14.250  2.5176146092e+01  3.7159287267e+02  2.0148210302e+03  5.2627121975e+03  1.0131069690e+04  1.6621426600e+04
    14.300  2.5175528502e+01  3.7351850130e+02  2.0281717671e+03  5.2988990055e+03  1.0201515082e+04  1.6737551390e+04
    14.350  2.5174915221e+01  3.7544914311e+02  2.0415674831e+03  5.3352108196e+03  1.0272205491e+04  1.6854081201e+04
    14.400  2.5174306206e+01  3.7738479794e+02  2.0550081782e+03  5.3716476397e+03  1.0343140916e+04  1.6971016034e+04
    14.450  2.5173701412e+01  3.7932546567e+02  2.0684938527e+03  5.4082094657e+03  1.0414321358e+04  1.7088355887e+04
    14.500  2.5173100794e+01  3.8127114616e+02  2.0820245068e+03  5.4448962976e+03  1.0485746816e+04  1.7206100761e+04
    14.550  2.5172504311e+01  3.8322183927e+02  2.0956001406e+03  5.4817081353e+03  1.0557417290e+04  1.7324250656e+04
    14.600  2.5171911920e+01  3.8517754488e+02  2.1092207543e+03  5.5186449787e+03  1.0629332780e+04  1.7442805570e+04
    14.650  2.5171323579e+01  3.8713826285e+02  2.1228863482e+03  5.5557068278e+03  1.0701493285e+04  1.7561765505e+04
    14.700  2.5170739245e+01  3.8910399306e+02  2.1365969224e+03  5.5928936824e+03  1.0773898806e+04  1.7681130460e+04
    14.750  2.5170158880e+01  3.9107473539e+02  2.1503524771e+03  5.6302055425e+03  1.0846549342e+04  1.7800900434e+04
    14.800  2.5169582442e+01  3.9305048970e+02  2.1641530124e+03  5.6676424080e+03  1.0919444894e+04  1.7921075427e+04
    14.850  2.5169009891e+01  3.9503125589e+02  2.1779985287e+03  5.7052042789e+03  1.0992585460e+04  1.8041655439e+04
    14.900  2.5168441190e+01  3.9701703381e+02  2.1918890259e+03  5.7428911551e+03  1.1065971042e+04  1.8162640471e+04
    14.950  2.5167876298e+01  3.9900782337e+02  2.2058245043e+03  5.7807030366e+03  1.1139601637e+04  1.8284030521e+04
    15.000  2.5167315178e+01  4.0100362443e+02  2.2198049642e+03  5.8186399232e+03  1.1213477248e+04  1.8405825589e+04
    15.050  2.5166757792e+01  4.0300443689e+02  2.2338304055e+03  5.8567018149e+03  1.1287597872e+04  1.8528025676e+04
    15.100  2.5166204103e+01  4.0501026063e+02  2.2479008286e+03  5.8948887117e+03  1.1361963511e+04  1.8650630780e+04
    15.150  2.5165654075e+01  4.0702109553e+02  2.2620162335e+03  5.9332006135e+03  1.1436574164e+04  1.8773640903e+04
    15.200  2.5165107672e+01  4.0903694149e+02  2.2761766205e+03  5.9716375202e+03  1.1511429830e+04  1.8897056043e+04
    15.250  2.5164564856e+01  4.1105779840e+02  2.2903819896e+03  6.0101994317e+03  1.1586530511e+04  1.9020876201e+04
    15.300  2.5164025595e+01  4.1308366614e+02  2.3046323411e+03  6.0488863481e+03  1.1661876205e+04  1.9145101376e+04
    15.350  2.5163489852e+01  4.1511454461e+02  2.3189276752e+03  6.0876982692e+03  1.1737466912e+04  1.9269731568e+04
    15.400  2.5162957594e+01  4.1715043371e+02  2.3332679919e+03  6.1266351950e+03  1.1813302632e+04  1.9394766777e+04
    15.450  2.5162428786e+01  4.1919133333e+02  2.3476532914e+03  6.1656971255e+03  1.1889383366e+04  1.9520207003e+04
    15.500  2.5161903396e+01  4.2123724337e+02  2.3620835739e+03  6.2048840605e+03  1.1965709112e+04  1.9646052245e+04
    15.550  2.5161381389e+01  4.2328816372e+02  2.3765588395e+03  6.2441960001e+03  1.2042279871e+04  1.9772302503e+04
    15.600  2.5160862735e+01  4.2534409429e+02  2.3910790885e+03  6.2836329442e+03  1.2119095643e+04  1.9898957778e+04
    15.650  2.5160347400e+01  4.2740503498e+02  2.4056443208e+03  6.3231948927e+03  1.2196156428e+04  2.0026018069e+04
    15.700  2.5159835352e+01  4.2947098569e+02  2.4202545367e+03  6.3628818455e+03  1.2273462225e+04  2.0153483375e+04
    15.750  2.5159326561e+01  4.3154194633e+02  2.4349097363e+03  6.4026938027e+03  1.2351013034e+04  2.0281353698e+04
    15.800  2.5158820996e+01  4.3361791679e+02  2.4496099198e+03  6.4426307642e+03  1.2428808855e+04  2.0409629035e+04
    15.850  2.5158318626e+01  4.3569889699e+02  2.4643550873e+03  6.4826927299e+03  1.2506849688e+04  2.0538309388e+04
    15.900  2.5157819420e+01  4.3778488683e+02  2.4791452389e+03  6.5228796998e+03  1.2585135533e+04  2.0667394757e+04
    15.950  2.5157323350e+01  4.3987588622e+02  2.4939803748e+03  6.5631916738e+03  1.2663666390e+04  2.0796885140e+04
    16.000  2.5156830385e+01  4.4197189507e+02  2.5088604950e+03  6.6036286519e+03  1.2742442259e+04  2.0926780538e+04
    16.050  2.5156340497e+01  4.4407291329e+02  2.5237855999e+03  6.6441906341e+03  1.2821463139e+04  2.1057080951e+04
    16.100  2.5155853657e+01  4.4617894080e+02  2.5387556894e+03  6.6848776202e+03  1.2900729030e+04  2.1187786378e+04
    16.150  2.5155369836e+01  4.4828997750e+02  2.5537707637e+03  6.7256896103e+03  1.2980239933e+04  2.1318896820e+04
    16.200  2.5154889007e+01  4.5040602331e+02  2.5688308230e+03  6.7666266043e+03  1.3059995847e+04  2.1450412276e+04
    16.250  2.5154411142e+01  4.5252707815e+02  2.5839358673e+03  6.8076886021e+03  1.3139996772e+04  2.1582332746e+04
    16.300  2.5153936213e+01  4.5465314193e+02  2.5990858968e+03  6.8488756038e+03  1.3220242708e+04  2.1714658230e+04
    16.350  2.5153464195e+01  4.5678421456e+02  2.6142809116e+03  6.8901876092e+03  1.3300733654e+04  2.1847388728e+04
    16.400  2.5152995059e+01  4.5892029598e+02  2.6295209119e+03  6.9316246184e+03  1.3381469612e+04  2.1980524240e+04
    16.450  2.5152528780e+01  4.6106138609e+02  2.6448058978e+03  6.9731866313e+03  1.3462450579e+04  2.2114064765e+04
    16.500  2.5152065332e+01  4.6320748482e+02  2.6601358693e+03  7.0148736478e+03  1.3543676558e+04  2.2248010304e+04
    16.550  2.5151604689e+01  4.6535859209e+02  2.6755108266e+03  7.0566856680e+03  1.3625147547e+04  2.2382360856e+04
    16.600  2.5151146826e+01  4.6751470781e+02  2.6909307699e+03  7.0986226917e+03  1.3706863546e+04  2.2517116421e+04
    16.650  2.5150691717e+01  4.6967583192e+02  2.7063956992e+03  7.1406847190e+03  1.3788824555e+04  2.2652276999e+04
    16.700  2.5150239339e+01  4.7184196434e+02  2.7219056147e+03  7.1828717497e+03  1.3871030574e+04  2.2787842590e+04
    16.750  2.5149789666e+01  4.7401310499e+02  2.7374605165e+03  7.2251837839e+03  1.3953481604e+04  2.2923813193e+04
    16.800  2.5149342674e+01  4.7618925380e+02  2.7530604046e+03  7.2676208216e+03  1.4036177643e+04  2.3060188810e+04
    16.850  2.5148898339e+01  4.7837041069e+02  2.7687052793e+03  7.3101828626e+03  1.4119118692e+04  2.3196969438e+04
    16.900  2.5148456639e+01  4.8055657560e+02  2.7843951405e+03  7.3528699070e+03  1.4202304750e+04  2.3334155080e+04
    16.950  2.5148017548e+01  4.8274774844e+02  2.8001299885e+03  7.3956819546e+03  1.4285735819e+04  2.3471745733e+04
    17.000  2.5147581045e+01  4.8494392916e+02  2.8159098234e+03  7.4386190056e+03  1.4369411896e+04  2.3609741399e+04
    17.050  2.5147147107e+01  4.8714511767e+02  2.8317346451e+03  7.4816810598e+03  1.4453332983e+04  2.3748142076e+04
    17.100  2.5146715711e+01  4.8935131392e+02  2.8476044540e+03  7.5248681173e+03  1.4537499080e+04  2.3886947766e+04
    17.150  2.5146286835e+01  4.9156251783e+02  2.8635192499e+03  7.5681801779e+03  1.4621910185e+04  2.4026158467e+04
    17.200  2.5145860456e+01  4.9377872934e+02  2.8794790332e+03  7.6116172416e+03  1.4706566300e+04  2.4165774180e+04
    17.250  2.5145436554e+01  4.9599994838e+02  2.8954838038e+03  7.6551793084e+03  1.4791467424e+04  2.4305794904e+04
    17.300  2.5145015106e+01  4.9822617488e+02  2.9115335618e+03  7.6988663784e+03  1.4876613557e+04  2.4446220640e+04
    17.350  2.5144596092e+01  5.0045740878e+02  2.9276283075e+03  7.7426784514e+03  1.4962004698e+04  2.4587051388e+04
    17.400  2.5144179490e+01  5.0269365001e+02  2.9437680408e+03  7.7866155274e+03  1.5047640849e+04  2.4728287146e+04
    17.450  2.5143765280e+01  5.0493489851e+02  2.9599527618e+03  7.8306776063e+03  1.5133522008e+04  2.4869927916e+04
    17.500  2.5143353441e+01  5.0718115422e+02  2.9761824708e+03  7.8748646883e+03  1.5219648175e+04  2.5011973696e+04
    17.550  2.5142943953e+01  5.0943241708e+02  2.9924571677e+03  7.9191767731e+03  1.5306019351e+04  2.5154424488e+04
    17.600  2.5142536795e+01  5.1168868702e+02  3.0087768526e+03  7.9636138609e+03  1.5392635536e+04  2.5297280290e+04
    17.650  2.5142131949e+01  5.1394996399e+02  3.0251415257e+03  8.0081759515e+03  1.5479496729e+04  2.5440541104e+04
    17.700  2.5141729394e+01  5.1621624791e+02  3.0415511871e+03  8.0528630449e+03  1.5566602930e+04  2.5584206927e+04
    17.750  2.5141329110e+01  5.1848753875e+02  3.0580058368e+03  8.0976751412e+03  1.5653954140e+04  2.5728277762e+04
    17.800  2.5140931080e+01  5.2076383642e+02  3.0745054749e+03  8.1426122402e+03  1.5741550357e+04  2.5872753606e+04
    17.850  2.5140535284e+01  5.2304514089e+02  3.0910501016e+03  8.1876743420e+03  1.5829391583e+04  2.6017634461e+04
    17.900  2.5140141702e+01  5.2533145208e+02  3.1076397168e+03  8.2328614465e+03  1.5917477817e+04  2.6162920326e+04
    17.950  2.5139750317e+01  5.2762276995e+02  3.1242743208e+03  8.2781735537e+03  1.6005809058e+04  2.6308611202e+04
    18.000  2.5139361111e+01  5.2991909444e+02  3.1409539136e+03  8.3236106636e+03  1.6094385308e+04  2.6454707087e+04
    18.050  2.5138974064e+01  5.3222042549e+02  3.1576784952e+03  8.3691727761e+03  1.6183206565e+04  2.6601207982e+04
    18.100  2.5138589160e+01  5.3452676304e+02  3.1744480658e+03  8.4148598913e+03  1.6272272830e+04  2.6748113888e+04
    18.150  2.5138206381e+01  5.3683810705e+02  3.1912626255e+03  8.4606720090e+03  1.6361584102e+04  2.6895424803e+04
    18.200  2.5137825708e+01  5.3915445746e+02  3.2081221743e+03  8.5066091293e+03  1.6451140382e+04  2.7043140727e+04
    18.250  2.5137447125e+01  5.4147581422e+02  3.2250267123e+03  8.5526712521e+03  1.6540941670e+04  2.7191261661e+04
    18.300  2.5137070614e+01  5.4380217726e+02  3.2419762396e+03  8.5988583774e+03  1.6630987965e+04  2.7339787605e+04
    18.350  2.5136696159e+01  5.4613354655e+02  3.2589707563e+03  8.6451705053e+03  1.6721279267e+04  2.7488718558e+04
    18.400  2.5136323743e+01  5.4846992204e+02  3.2760102625e+03  8.6916076356e+03  1.6811815576e+04  2.7638054521e+04
    18.450  2.5135953349e+01  5.5081130366e+02  3.2930947582e+03  8.7381697683e+03  1.6902596893e+04  2.7787795492e+04
    18.500  2.5135584961e+01  5.5315769137e+02  3.3102242436e+03  8.7848569035e+03  1.6993623217e+04  2.7937941473e+04
    18.550  2.5135218562e+01  5.5550908512e+02  3.3273987187e+03  8.8316690410e+03  1.7084894548e+04  2.8088492463e+04
    18.600  2.5134854137e+01  5.5786548486e+02  3.3446181835e+03  8.8786061810e+03  1.7176410886e+04  2.8239448462e+04
    18.650  2.5134491669e+01  5.6022689055e+02  3.3618826382e+03  8.9256683232e+03  1.7268172231e+04  2.8390809470e+04
    18.700  2.5134131143e+01  5.6259330213e+02  3.3791920829e+03  8.9728554679e+03  1.7360178583e+04  2.8542575487e+04
    18.750  2.5133772544e+01  5.6496471956e+02  3.3965465175e+03  9.0201676148e+03  1.7452429942e+04  2.8694746512e+04
    18.800  2.5133415855e+01  5.6734114279e+02  3.4139459423e+03  9.0676047640e+03  1.7544926307e+04  2.8847322546e+04
    18.850  2.5133061062e+01  5.6972257177e+02  3.4313903572e+03  9.1151669154e+03  1.7637667680e+04  2.9000303589e+04
    18.900  2.5132708150e+01  5.7210900646e+02  3.4488797624e+03  9.1628540691e+03  1.7730654058e+04  2.9153689640e+04
    18.950  2.5132357103e+01  5.7450044681e+02  3.4664141579e+03  9.2106662250e+03  1.7823885444e+04  2.9307480700e+04
    19.000  2.5132007908e+01  5.7689689278e+02  3.4839935438e+03  9.2586033832e+03  1.7917361836e+04  2.9461676768e+04
    19.050  2.5131660548e+01  5.7929834432e+02  3.5016179201e+03  9.3066655435e+03  1.8011083234e+04  2.9616277845e+04
    19.100  2.5131315011e+01  5.8170480138e+02  3.5192872870e+03  9.3548527059e+03  1.8105049639e+04  2.9771283930e+04
    19.150  2.5130971282e+01  5.8411626394e+02  3.5370016444e+03  9.4031648705e+03  1.8199261051e+04  2.9926695023e+04
    19.200  2.5130629346e+01  5.8653273193e+02  3.5547609925e+03  9.4516020372e+03  1.8293717468e+04  3.0082511124e+04
    19.250  2.5130289189e+01  5.8895420533e+02  3.5725653314e+03  9.5001642060e+03  1.8388418892e+04  3.0238732233e+04
    19.300  2.5129950798e+01  5.9138068408e+02  3.5904146611e+03  9.5488513769e+03  1.8483365322e+04  3.0395358350e+04
    19.350  2.5129614160e+01  5.9381216814e+02  3.6083089816e+03  9.5976635499e+03  1.8578556759e+04  3.0552389475e+04
    19.400  2.5129279259e+01  5.9624865748e+02  3.6262482931e+03  9.6466007249e+03  1.8673993201e+04  3.0709825607e+04
    19.450  2.5128946084e+01  5.9869015205e+02  3.6442325956e+03  9.6956629019e+03  1.8769674649e+04  3.0867666748e+04
    19.500  2.5128614620e+01  6.0113665182e+02  3.6622618891e+03  9.7448500809e+03  1.8865601104e+04  3.1025912896e+04
    19.550  2.5128284855e+01  6.0358815673e+02  3.6803361738e+03  9.7941622619e+03  1.8961772564e+04  3.1184564052e+04
    19.600  2.5127956776e+01  6.0604466676e+02  3.6984554498e+03  9.8435994449e+03  1.9058189031e+04  3.1343620215e+04
    19.650  2.5127630369e+01  6.0850618186e+02  3.7166197169e+03  9.8931616298e+03  1.9154850503e+04  3.1503081386e+04
    19.700  2.5127305622e+01  6.1097270199e+02  3.7348289754e+03  9.9428488167e+03  1.9251756981e+04  3.1662947565e+04
    19.750  2.5126982522e+01  6.1344422712e+02  3.7530832253e+03  9.9926610055e+03  1.9348908464e+04  3.1823218751e+04
    19.800  2.5126661058e+01  6.1592075721e+02  3.7713824666e+03  1.0042598196e+04  1.9446304954e+04  3.1983894944e+04
    19.850  2.5126341215e+01  6.1840229221e+02  3.7897266995e+03  1.0092660389e+04  1.9543946449e+04  3.2144976144e+04
    19.900  2.5126022983e+01  6.2088883210e+02  3.8081159239e+03  1.0142847583e+04  1.9641832950e+04  3.2306462352e+04
    19.950  2.5125706349e+01  6.2338037683e+02  3.8265501400e+03  1.0193159779e+04  1.9739964456e+04  3.2468353566e+04
    20.000  2.5125391301e+01  6.2587692637e+02  3.8450293478e+03  1.0243596977e+04  1.9838340968e+04  3.2630649788e+04
