 #   eta         1                 2                 3                 4                 5                 6                 7                 8                 9                10
     0.000  2.0000000000e+00  6.0000000000e+00  1.2000000000e+01  2.0000000000e+01  3.0000000000e+01  4.2000000000e+01  5.6000000000e+01  7.2000000000e+01  9.0000000000e+01  1.1000000000e+02
     0.050  1.9519276609e+00  5.9555609735e+00  1.1962840072e+01  1.9972770225e+01  2.9985247500e+01  4.2000246046e+01  5.6017756748e+01  7.2037775690e+01  9.0060300954e+01  1.1008533151e+02
     0.100  1.9074411368e+00  5.9216856068e+00  1.1950835300e+01  1.9990694447e+01  3.0040801248e+01  4.2101042243e+01  5.6171377552e+01  7.2251790059e+01  9.0342271388e+01  1.1044281704e+02
     0.150  1.8661764444e+00  5.8976473361e+00  1.1963439462e+01  2.0053675994e+01  3.0167180314e+01  4.2303667138e+01  5.6463036746e+01  7.2645246428e+01  9.0850275301e+01  1.1107811214e+02
     0.200  1.8278164813e+00  5.8828478487e+00  1.2000404050e+01  2.0162248797e+01  3.0365982334e+01  4.2611026979e+01  5.6897182376e+01  7.3224362967e+01  9.1592526977e+01  1.1200165197e+02
     0.250  1.7920837932e+00  5.8767967504e+00  1.2061756229e+01  2.0317577524e+01  3.0639928276e+01  4.3027760466e+01  5.7480713796e+01  7.3998635068e+01  9.2581449624e+01  1.1322911741e+02
     0.300  1.7587346238e+00  5.8790952046e+00  1.2147784606e+01  2.0521476623e+01  3.0992948527e+01  4.3560416183e+01  5.8223270580e+01  7.4981254193e+01  9.3834241853e+01  1.1478216649e+02
     0.350  1.7275539930e+00  5.8894226469e+00  1.2259031245e+01  2.0776447369e+01  3.1430313435e+01  4.4217713731e+01  5.9137654504e+01  7.6189718101e+01  9.5373702230e+01  1.1668949869e+02
     0.400  1.6983516045e+00  5.9075258849e+00  1.2396288666e+01  2.1085732501e+01  3.1958813418e+01  4.5010905130e+01  6.0240417623e+01  7.7646685841e+01  9.7229389048e+01  1.1898835610e+02
     0.450  1.6709584262e+00  5.9332100548e+00  1.2560600723e+01  2.1453388190e+01  3.2586995307e+01  4.5954259330e+01  6.1552663680e+01  7.9381155937e+01  9.9439230733e+01  1.2172661924e+02
     0.500  1.6452238189e+00  5.9663310189e+00  1.2753266272e+01  2.1884372709e+01  3.3325462493e+01  4.7065699342e+01  6.3101128304e+01  8.1430080934e+01  1.0205175769e+02  1.2496573471e+02
     0.550  1.6210131142e+00  6.0067888755e+00  1.2975844456e+01  2.2384650116e+01  3.4187245740e+01  4.8367627423e+01  6.4919625493e+01  8.3840578966e+01  1.0512920739e+02  1.2878483334e+02
     0.600  1.5982055633e+00  6.0545223189e+00  1.3230160159e+01  2.2961305177e+01  3.5188247613e+01  4.9887975878e+01  6.7050971165e+01  8.6672964955e+01  1.0875187107e+02  1.3328658244e+02
     0.650  1.5766925913e+00  6.1095036374e+00  1.3518307886e+01  2.3622662008e+01  3.6347753478e+01  5.1661512002e+01  6.9549509297e+01  9.0004894154e+01  1.1302420845e+02  1.3860559104e+02
     0.700  1.5563763066e+00  6.1717341758e+00  1.3842651765e+01  2.4378392972e+01  3.7688980893e+01  5.3731390320e+01  7.2484344780e+01  9.3936957256e+01  1.1808343692e+02  1.4492056622e+02
     0.750  1.5371682235e+00  6.2412401240e+00  1.4205818843e+01  2.5239595453e+01  3.9239599349e+01  5.6150853612e+01  7.5943261881e+01  9.8599984305e+01  1.2411138596e+02  1.5247181289e+02
     0.800  1.5189881622e+00  6.3180685178e+00  1.4610682193e+01  2.6218801816e+01  4.1032084027e+01  5.8984784237e+01  8.0036928782e+01  1.0416381254e+02  1.3134996473e+02  1.6158557165e+02
     0.850  1.5017632995e+00  6.4022833650e+00  1.5060329840e+01  2.7329873086e+01  4.3103662994e+01  6.2310426823e+01  8.4902075811e+01  1.1084565307e+02  1.4011832711e+02  1.7270415701e+02
     0.900  1.4854273463e+00  6.4939618329e+00  1.5558015337e+01  2.8587713021e+01  4.5495486243e+01  6.6215997007e+01  9.0700517270e+01  1.1891214892e+02  1.5082259833e+02  1.8640997627e+02
     0.950  1.4699198329e+00  6.5931904571e+00  1.6107086296e+01  3.0007734764e+01  4.8250543669e+01  7.0795214598e+01  9.7608227610e+01  1.2866172709e+02  1.6393232671e+02  2.0340018412e+02
     1.000  1.4551854858e+00  6.7000613540e+00  1.6710888737e+01  3.1605031548e+01  5.1409932906e+01  7.6135779215e+01  1.0578741864e+02  1.4036753169e+02  1.7987775561e+02  2.2431916384e+02
     1.050  1.4411736827e+00  6.8146684467e+00  1.7372648102e+01  3.3393263636e+01  5.5007555265e+01  8.2301962203e+01  1.1534127796e+02  1.5417708184e+02  1.9885181809e+02  2.4940112371e+02
     1.100  1.4278379747e+00  6.9371037366e+00  1.8095332361e+01  3.5383383661e+01  5.9064320088e+01  8.9316814729e+01  1.2627117186e+02  1.7002501379e+02  2.2065221741e+02  2.7820884869e+02
     1.150  1.4151356665e+00  7.0674536778e+00  1.8881508292e+01  3.7582457301e+01  6.3584051891e+01  9.7154651146e+01  1.3847269439e+02  1.8765665067e+02  2.4478466232e+02  3.0990806037e+02
     1.200  1.4030274460e+00  7.2057957323e+00  1.9733207522e+01  3.9992922679e+01  6.8553398978e+01  1.0575131238e+02  1.5178303473e+02  2.0676112107e+02  2.7074982730e+02  3.4378625501e+02
     1.250  1.3914770569e+00  7.3521952025e+00  2.0651822242e+01  4.2612576715e+01  7.3946295077e+01  1.1502690334e+02  1.6604282146e+02  2.2708796193e+02  2.9821018106e+02  3.7943494745e+02
     1.300  1.3804510088e+00  7.5067024446e+00  2.1638049421e+01  4.5435349389e+01  7.9730940971e+01  1.2490687994e+02  1.8113049859e+02  2.4847648116e+02  3.2698024685e+02  4.1665987089e+02
     1.350  1.3699183199e+00  7.6693505715e+00  2.2691895694e+01  4.8452630485e+01  8.5876167471e+01  1.3533247901e+02  1.9696527284e+02  2.7083395382e+02  3.5696554493e+02  4.5537352263e+02
     1.400  1.3598502878e+00  7.8401537399e+00  2.3812743909e+01  5.1654730531e+01  9.2355220693e+01  1.4626160662e+02  2.1349657039e+02  2.9410830623e+02  3.8811816881e+02  4.9553664145e+02
     1.450  1.3502202849e+00  8.0191061001e+00  2.4999469769e+01  5.5032092985e+01  9.9146936633e+01  1.5766541977e+02  2.3069307914e+02  3.1826993172e+02  4.2041337242e+02  5.3713183766e+02
     1.500  1.3410035759e+00  8.2061814531e+00  2.6250587602e+01  5.8576067031e+01  1.0623531611e+02  1.6952436969e+02  2.4853514282e+02  3.4330156735e+02  4.5383817065e+02  5.8015193093e+02
     1.550  1.3321771544e+00  8.4013336237e+00  2.7564401036e+01  6.2279252326e+01  1.1360850212e+02  1.8182510403e+02  2.6701013534e+02  3.6919288743e+02  4.8838574648e+02  6.2459461642e+02
     1.600  1.3237195953e+00  8.6044975152e+00  2.8939137764e+01  6.6135539113e+01  1.2125773691e+02  1.9455835434e+02  2.8610974548e+02  3.9593758308e+02  5.2405261277e+02  6.7045992453e+02
     1.650  1.3156109234e+00  8.8155907706e+00  3.0373055337e+01  7.0139983055e+01  1.2917651252e+02  2.0771756467e+02  3.0582837492e+02  4.2353173920e+02  5.6083711820e+02  7.1774897022e+02
     1.700  1.3078324942e+00  9.0345159287e+00  3.1864513657e+01  7.4288618720e+01  1.3735994080e+02  2.2129800931e+02  3.2616217360e+02  4.5197290371e+02  5.9873863453e+02  7.6646332392e+02
     1.750  1.3003668864e+00  9.2611629397e+00  3.3412016685e+01  7.8578270932e+01  1.4580430404e+02  2.3529622050e+02  3.4710844462e+02  4.8125953796e+02  6.3775710267e+02  8.1660469299e+02
     1.800  1.2931978047e+00  9.4954118904e+00  3.5014229782e+01  8.3006389868e+01  1.5450673815e+02  2.4970961109e+02  3.6866526790e+02  5.1139068341e+02  6.7789277380e+02  8.6817476258e+02
     1.850  1.2863099922e+00  9.7371357884e+00  3.6669980147e+01  8.7570916655e+01  1.6346500898e+02  2.6453622139e+02  3.9083125671e+02  5.4236575493e+02  7.1914605973e+02  9.2117511989e+02
     1.900  1.2796891505e+00  9.9862032709e+00  3.8378247046e+01  9.2270177570e+01  1.7267735297e+02  2.7977454621e+02  4.1360539679e+02  5.7418440993e+02  7.6151744588e+02  9.7560722244e+02
     1.950  1.2733218668e+00  1.0242481120e+01  4.0138146914e+01  9.7102802063e+01  1.8214236252e+02  2.9542341458e+02  4.3698693804e+02  6.0684646417e+02  8.0500744082e+02  1.0314723894e+03
     2.000  1.2671955487e+00  1.0505836505e+01  4.1948916745e+01  1.0206765955e+02  1.9185890249e+02  3.1148190482e+02  4.6097532023e+02  6.4035183683e+02  8.4961654740e+02  1.0887718047e+03
     2.050  1.2612983630e+00  1.0776138883e+01  4.3809897796e+01  1.0716381067e+02  2.0182604857e+02  3.2794928357e+02  4.8557012129e+02  6.7470051424e+02  8.9534524686e+02  1.1475065260e+03
     2.100  1.2556191820e+00  1.1053261559e+01  4.5720520635e+01  1.1239046946e+02  2.1204304145e+02  3.4482496149e+02  5.1077102084e+02  7.0989252572e+02  9.4219399077e+02  1.2076774954e+03
     2.150  1.2501475321e+00  1.1337082866e+01  4.7680291959e+01  1.1774697398e+02  2.2250925211e+02  3.6210846051e+02  5.3657777405e+02  7.4592792739e+02  9.9016319748e+02  1.2692855517e+03
     2.200  1.2448735488e+00  1.1627487033e+01  4.9688783229e+01  1.2323276320e+02  2.3322415544e+02  3.7979938953e+02  5.6299019276e+02  7.8280679132e+02  1.0392532515e+03  1.3323314415e+03
     2.250  1.2397879341e+00  1.1924364730e+01  5.1745621011e+01  1.2884735880e+02  2.4418730992e+02  3.9789742598e+02  5.9000813161e+02  8.2052919821e+02  1.0894645041e+03  1.3968158295e+03
     2.300  1.2348819178e+00  1.2227613375e+01  5.3850478822e+01  1.3459035067e+02  2.5539834180e+02  4.1640230182e+02  6.1763147785e+02  8.5909523250e+02  1.1407972757e+03  1.4627393086e+03
     2.350  1.2301472221e+00  1.2537137211e+01  5.6003070270e+01  1.4046138531e+02  2.6685693270e+02  4.3531379273e+02  6.4586014373e+02  8.9850497913e+02  1.1932518572e+03  1.5301024080e+03
     2.400  1.2255760289e+00  1.2852847232e+01  5.8203143301e+01  1.4646015651e+02  2.7856280983e+02  4.5463170974e+02  6.7469406073e+02  9.3875852142e+02  1.2468285128e+03  1.5989056009e+03
     2.450  1.2211609494e+00  1.3174660979e+01  6.0450475347e+01  1.5258639775e+02  2.9051573814e+02  4.7435589267e+02  7.0413317527e+02  9.7985593976e+02  1.3015274824e+03  1.6691493111e+03
     2.500  1.2168949967e+00  1.3502502246e+01  6.2744869248e+01  1.5883987605e+02  3.0271551407e+02  4.9448620490e+02  7.3417744540e+02  1.0217973108e+03  1.3573489837e+03  1.7408339188e+03
     2.550  1.2127715595e+00  1.3836300736e+01  6.5086149813e+01  1.6522038686e+02  3.1516196047e+02  5.1502252931e+02  7.6482683821e+02  1.0645827070e+03  1.4142932141e+03  1.8139597658e+03
     2.600  1.2087843789e+00  1.4175991679e+01  6.7474160897e+01  1.7172774988e+02  3.2785492245e+02  5.3596476492e+02  7.9608132796e+02  1.1082121964e+03  1.4723603531e+03  1.8885271599e+03
     2.650  1.2049275263e+00  1.4521515446e+01  6.9908762935e+01  1.7836180560e+02  3.4079426400e+02  5.5731282424e+02  8.2794089446e+02  1.1526858427e+03  1.5315505637e+03  1.9645363785e+03
     2.700  1.2011953826e+00  1.4872817149e+01  7.2389830826e+01  1.8512241240e+02  3.5397986520e+02  5.7906663111e+02  8.6040552198e+02  1.1980037052e+03  1.5918639944e+03  2.0419876727e+03
     2.750  1.1975826197e+00  1.5229846271e+01  7.4917252137e+01  1.9200944410e+02  3.6741161992e+02  6.0122611892e+02  8.9347519826e+02  1.2441658393e+03  1.6533007803e+03  2.1208812693e+03
     2.800  1.1940841828e+00  1.5592556298e+01  7.7490925560e+01  1.9902278794e+02  3.8108943388e+02  6.2379122916e+02  9.2714991381e+02  1.2911722962e+03  1.7158610444e+03  2.2012173743e+03
     2.850  1.1906952741e+00  1.5960904383e+01  8.0110759584e+01  2.0616234282e+02  3.9501322301e+02  6.4676191025e+02  9.6142966132e+02  1.3390231233e+03  1.7795448992e+03  2.2829961747e+03
     2.900  1.1874113375e+00  1.6334851026e+01  8.2776671352e+01  2.1342801785e+02  4.0918291215e+02  6.7013811649e+02  9.9631443522e+02  1.3877183648e+03  1.8443524474e+03  2.3662178406e+03
     2.950  1.1842280444e+00  1.6714359787e+01  8.5488585671e+01  2.2081973107e+02  4.2359843384e+02  6.9391980729e+02  1.0318042313e+03  1.4372580613e+03  1.9102837829e+03  2.4508825270e+03
     3.000  1.1811412810e+00  1.7099397011e+01  8.8246434151e+01  2.2833740843e+02  4.3825972740e+02  7.1810694641e+02  1.0678990465e+03  1.4876422508e+03  1.9773389916e+03  2.5369903754e+03
     3.050  1.1781471352e+00  1.7489931594e+01  9.1050154465e+01  2.3598098278e+02  4.5316673806e+02  7.4269950145e+02  1.1045988784e+03  1.5388709680e+03  2.0455181524e+03  2.6245415151e+03
     3.100  1.1752418857e+00  1.7885934750e+01  9.3899689690e+01  2.4375039316e+02  4.6831941626e+02  7.6769744329e+02  1.1419037256e+03  1.5909442453e+03  2.1148213377e+03  2.7135360644e+03
     3.150  1.1724219912e+00  1.8287379816e+01  9.6794987741e+01  2.5164558404e+02  4.8371771704e+02  7.9310074570e+02  1.1798135870e+03  1.6438621127e+03  2.1852486139e+03  2.8039741319e+03
     3.200  1.1696840800e+00  1.8694242068e+01  9.9736000869e+01  2.5966650477e+02  4.9936159952e+02  8.1890938498e+02  1.2183284619e+03  1.6976245979e+03  2.2568000423e+03  2.8958558172e+03
     3.250  1.1670249410e+00  1.9106498550e+01  1.0272268522e+02  2.6781310905e+02  5.1525102642e+02  8.4512333967e+02  1.2574483499e+03  1.7522317264e+03  2.3294756791e+03  2.9891812117e+03
     3.300  1.1644415146e+00  1.9524127930e+01  1.0575500046e+02  2.7608535442e+02  5.3138596369e+02  8.7174259025e+02  1.2971732511e+03  1.8076835222e+03  2.4032755762e+03  3.0839503997e+03
     3.350  1.1619308847e+00  1.9947110360e+01  1.0883290941e+02  2.8448320194e+02  5.4776638016e+02  8.9876711893e+02  1.3375031654e+03  1.8639800072e+03  2.4781997816e+03  3.1801634589e+03
     3.400  1.1594902709e+00  2.0375427354e+01  1.1195637775e+02  2.9300661579e+02  5.6439224722e+02  9.2619690947e+02  1.3784380931e+03  1.9211212020e+03  2.5542483396e+03  3.2778204608e+03
     3.450  1.1571170209e+00  2.0809061676e+01  1.1512537378e+02  3.0165556297e+02  5.8126353859e+02  9.5403194702e+02  1.4199780346e+03  1.9791071254e+03  2.6314212910e+03  3.3769214717e+03
     3.500  1.1548086042e+00  2.1247997238e+01  1.1833986811e+02  3.1043001302e+02  5.9838023004e+02  9.8227221791e+02  1.4621229902e+03  2.0379377950e+03  2.7097186738e+03  3.4774665526e+03
     3.550  1.1525626055e+00  2.1692219008e+01  1.2159983354e+02  3.1932993780e+02  6.1574229924e+02  1.0109177096e+03  1.5048729604e+03  2.0976132274e+03  2.7891405230e+03  3.5794557603e+03
     3.600  1.1503767183e+00  2.2141712927e+01  1.2490524478e+02  3.2835531124e+02  6.3334972554e+02  1.0399684105e+03  1.5482279456e+03  2.1581334375e+03  2.8696868714e+03  3.6828891473e+03
     3.650  1.1482487398e+00  2.2596465834e+01  1.2825607833e+02  3.3750610919e+02  6.5120248981e+02  1.0694243099e+03  1.5921879462e+03  2.2194984397e+03  2.9513577490e+03  3.7877667622e+03
     3.700  1.1461765654e+00  2.3056465393e+01  1.3165231233e+02  3.4678230920e+02  6.6930057432e+02  1.0992853979e+03  1.6367529629e+03  2.2817082470e+03  3.0341531840e+03  3.8940886504e+03
     3.750  1.1441581832e+00  2.3521700033e+01  1.3509392639e+02  3.5618389043e+02  6.8764396262e+02  1.1295516654e+03  1.6819229959e+03  2.3447628718e+03  3.1180732025e+03  4.0018548538e+03
     3.800  1.1421916700e+00  2.3992158892e+01  1.3858090148e+02  3.6571083345e+02  7.0623263938e+02  1.1602231038e+03  1.7276980458e+03  2.4086623253e+03  3.2031178289e+03  4.1110654116e+03
     3.850  1.1402751865e+00  2.4467831761e+01  1.4211321983e+02  3.7536312014e+02  7.2506659035e+02  1.1912997052e+03  1.7740781130e+03  2.4734066183e+03  3.2892870858e+03  4.2217203603e+03
     3.900  1.1384069728e+00  2.4948709037e+01  1.4569086483e+02  3.8514073362e+02  7.4414580221e+02  1.2227814622e+03  1.8210631979e+03  2.5389957607e+03  3.3765809943e+03  4.3338197338e+03
     3.950  1.1365853448e+00  2.5434781679e+01  1.4931382090e+02  3.9504365809e+02  7.6347026255e+02  1.2546683679e+03  1.8686533007e+03  2.6054297617e+03  3.4649995741e+03  4.4473635640e+03
     4.000  1.1348086907e+00  2.5926041171e+01  1.5298207345e+02  4.0507187876e+02  7.8303995973e+02  1.2869604158e+03  1.9168484220e+03  2.6727086300e+03  3.5545428438e+03  4.5623518803e+03
     4.050  1.1330754665e+00  2.6422479481e+01  1.5669560881e+02  4.1522538178e+02  8.0285488289e+02  1.3196575998e+03  1.9656485619e+03  2.7408323737e+03  3.6452108204e+03  4.6787847106e+03
     4.100  1.1313841938e+00  2.6924089028e+01  1.6045441411e+02  4.2550415419e+02  8.2291502181e+02  1.3527599144e+03  2.0150537207e+03  2.8098010002e+03  3.7370035202e+03  4.7966620807e+03
     4.150  1.1297334558e+00  2.7430862654e+01  1.6425847727e+02  4.3590818379e+02  8.4322036694e+02  1.3862673541e+03  2.0650638987e+03  2.8796145167e+03  3.8299209580e+03  4.9159840149e+03
     4.200  1.1281218948e+00  2.7942793590e+01  1.6810778692e+02  4.4643745912e+02  8.6377090926e+02  1.4201799139e+03  2.1156790962e+03  2.9502729298e+03  3.9239631482e+03  5.0367505359e+03
     4.250  1.1265482090e+00  2.8459875435e+01  1.7200233233e+02  4.5709196941e+02  8.8456664033e+02  1.4544975892e+03  2.1668993132e+03  3.0217762457e+03  4.0191301039e+03  5.1589616650e+03
     4.300  1.1250111501e+00  2.8982102129e+01  1.7594210342e+02  4.6787170453e+02  9.0560755218e+02  1.4892203755e+03  2.2187245500e+03  3.0941244701e+03  4.1154218375e+03  5.2826174223e+03
     4.350  1.1235095207e+00  2.9509467933e+01  1.7992709065e+02  4.7877665490e+02  9.2689363731e+02  1.5243482685e+03  2.2711548067e+03  3.1673176084e+03  4.2128383606e+03  5.4077178265e+03
     4.400  1.1220421719e+00  3.0041967403e+01  1.8395728502e+02  4.8980681151e+02  9.4842488862e+02  1.5598812643e+03  2.3241900833e+03  3.2413556659e+03  4.3113796843e+03  5.5342628953e+03
     4.450  1.1206080008e+00  3.0579595378e+01  1.8803267804e+02  5.0096216584e+02  9.7020129944e+02  1.5958193592e+03  2.3778303801e+03  3.3162386472e+03  4.4110458188e+03  5.6622526453e+03
     4.500  1.1192059488e+00  3.1122346957e+01  1.9215326166e+02  5.1224270986e+02  9.9222286344e+02  1.6321625496e+03  2.4320756970e+03  3.3919665568e+03  4.5118367738e+03  5.7916870922e+03
     4.550  1.1178349992e+00  3.1670217486e+01  1.9631902826e+02  5.2364843594e+02  1.0144895746e+03  1.6689108320e+03  2.4869260341e+03  3.4685393989e+03  4.6137525583e+03  5.9225662506e+03
     4.600  1.1164941754e+00  3.2223202540e+01  2.0052997064e+02  5.3517933690e+02  1.0370014274e+03  1.7060642034e+03  2.5423813914e+03  3.5459571775e+03  4.7167931810e+03  6.0548901343e+03
     4.650  1.1151825389e+00  3.2781297911e+01  2.0478608195e+02  5.4683540590e+02  1.0597584163e+03  1.7436226607e+03  2.5984417689e+03  3.6242198963e+03  4.8209586499e+03  6.1886587566e+03
     4.700  1.1138991879e+00  3.3344499595e+01  2.0908735571e+02  5.5861663649e+02  1.0827605363e+03  1.7815862009e+03  2.6551071666e+03  3.7033275587e+03  4.9262489727e+03  6.3238721297e+03
     4.750  1.1126432552e+00  3.3912803779e+01  2.1343378578e+02  5.7052302252e+02  1.1060077826e+03  1.8199548214e+03  2.7123775844e+03  3.7832801682e+03  5.0326641564e+03  6.4605302652e+03
     4.800  1.1114139071e+00  3.4486206831e+01  2.1782536628e+02  5.8255455818e+02  1.1295001506e+03  1.8587285195e+03  2.7702530224e+03  3.8640777277e+03  5.1402042080e+03  6.5986331743e+03
     4.850  1.1102103416e+00  3.5064705286e+01  2.2226209168e+02  5.9471123793e+02  1.1532376359e+03  1.8979072927e+03  2.8287334804e+03  3.9457202401e+03  5.2488691337e+03  6.7381808672e+03
     4.900  1.1090317871e+00  3.5648295840e+01  2.2674395668e+02  6.0699305651e+02  1.1772202343e+03  1.9374911386e+03  2.8878189584e+03  4.0282077083e+03  5.3586589397e+03  6.8791733538e+03
     4.950  1.1078775009e+00  3.6236975343e+01  2.3127095624e+02  6.1940000893e+02  1.2014479420e+03  1.9774800550e+03  2.9475094563e+03  4.1115401348e+03  5.4695736316e+03  7.0216106434e+03
     5.000  1.1067467681e+00  3.6830740781e+01  2.3584308559e+02  6.3193209041e+02  1.2259207552e+03  2.0178740397e+03  3.0078049740e+03  4.1957175219e+03  5.5816132148e+03  7.1654927448e+03
     5.050  1.1056389004e+00  3.7429589281e+01  2.4046034014e+02  6.4458929643e+02  1.2506386702e+03  2.0586730906e+03  3.0687055114e+03  4.2807398721e+03  5.6947776945e+03  7.3108196663e+03
     5.100  1.1045532348e+00  3.8033518092e+01  2.4512271555e+02  6.5737162266e+02  1.2756016837e+03  2.0998772057e+03  3.1302110684e+03  4.3666071875e+03  5.8090670755e+03  7.4575914160e+03
     5.150  1.1034891326e+00  3.8642524585e+01  2.4983020765e+02  6.7027906498e+02  1.3008097924e+03  2.1414863832e+03  3.1923216447e+03  4.4533194700e+03  5.9244813624e+03  7.6058080011e+03
     5.200  1.1024459785e+00  3.9256606244e+01  2.5458281250e+02  6.8331161945e+02  1.3262629932e+03  2.1835006211e+03  3.2550372405e+03  4.5408767217e+03  6.0410205595e+03  7.7554694290e+03
     5.250  1.1014231790e+00  3.9875760663e+01  2.5938052629e+02  6.9646928232e+02  1.3519612831e+03  2.2259199178e+03  3.3183578553e+03  4.6292789443e+03  6.1586846709e+03  7.9065757063e+03
     5.300  1.1004201623e+00  4.0499985533e+01  2.6422334542e+02  7.0975205001e+02  1.3779046592e+03  2.2687442716e+03  3.3822834892e+03  4.7185261396e+03  6.2774737005e+03  8.0591268394e+03
     5.350  1.0994363769e+00  4.1129278646e+01  2.6911126642e+02  7.2315991908e+02  1.4040931189e+03  2.3119736809e+03  3.4468141420e+03  4.8086183092e+03  6.3973876521e+03  8.2131228344e+03
     5.400  1.0984712908e+00  4.1763637884e+01  2.7404428598e+02  7.3669288625e+02  1.4305266596e+03  2.3556081441e+03  3.5119498135e+03  4.8995554546e+03  6.5184265291e+03  8.3685636971e+03
     5.450  1.0975243905e+00  4.2403061215e+01  2.7902240093e+02  7.5035094839e+02  1.4572052787e+03  2.3996476598e+03  3.5776905035e+03  4.9913375773e+03  6.6405903349e+03  8.5254494330e+03
     5.500  1.0965951809e+00  4.3047546689e+01  2.8404560826e+02  7.6413410250e+02  1.4841289739e+03  2.4440922265e+03  3.6440362120e+03  5.0839646786e+03  6.7638790727e+03  8.6837800473e+03
     5.550  1.0956831836e+00  4.3697092438e+01  2.8911390504e+02  7.7804234569e+02  1.5112977428e+03  2.4889418428e+03  3.7109869386e+03  5.1774367598e+03  6.8882927454e+03  8.8435555451e+03
     5.600  1.0947879371e+00  4.4351696664e+01  2.9422728850e+02  7.9207567521e+02  1.5387115833e+03  2.5341965075e+03  3.7785426833e+03  5.2717538222e+03  7.0138313559e+03  9.0047759310e+03
     5.650  1.0939089953e+00  4.5011357642e+01  2.9938575596e+02  8.0623408842e+02  1.5663704933e+03  2.5798562192e+03  3.8467034459e+03  5.3669158669e+03  7.1404949070e+03  9.1674412096e+03
     5.700  1.0930459278e+00  4.5676073713e+01  3.0458930488e+02  8.2051758279e+02  1.5942744707e+03  2.6259209768e+03  3.9154692262e+03  5.4629228950e+03  7.2682834012e+03  9.3315513852e+03
     5.750  1.0921983182e+00  4.6345843285e+01  3.0983793278e+02  8.3492615589e+02  1.6224235136e+03  2.6723907791e+03  3.9848400239e+03  5.5597749075e+03  7.3971968410e+03  9.4971064618e+03
     5.800  1.0913657644e+00  4.7020664823e+01  3.1513163733e+02  8.4945980537e+02  1.6508176201e+03  2.7192656249e+03  4.0548158390e+03  5.6574719054e+03  7.5272352288e+03  9.6641064435e+03
     5.850  1.0905478776e+00  4.7700536853e+01  3.2047041623e+02  8.6411852900e+02  1.6794567885e+03  2.7665455131e+03  4.1253966713e+03  5.7560138897e+03  7.6583985667e+03  9.8325513338e+03
     5.900  1.0897442820e+00  4.8385457956e+01  3.2585426734e+02  8.7890232462e+02  1.7083410170e+03  2.8142304427e+03  4.1965825205e+03  5.8554008612e+03  7.7906868570e+03  1.0002441136e+04
     5.950  1.0889546140e+00  4.9075426763e+01  3.3128318854e+02  8.9381119017e+02  1.7374703039e+03  2.8623204127e+03  4.2683733865e+03  5.9556328208e+03  7.9241001016e+03  1.0173775855e+04
     6.000  1.0881785219e+00  4.9770441960e+01  3.3675717783e+02  9.0884512365e+02  1.7668446477e+03  2.9108154221e+03  4.3407692691e+03  6.0567097692e+03  8.0586383024e+03  1.0346555492e+04
     6.050  1.0874156657e+00  5.0470502277e+01  3.4227623327e+02  9.2400412314e+02  1.7964640467e+03  2.9597154699e+03  4.4137701681e+03  6.1586317072e+03  8.1943014614e+03  1.0520780051e+04
     6.100  1.0866657159e+00  5.1175606493e+01  3.4784035301e+02  9.3928818682e+02  1.8263284996e+03  3.0090205551e+03  4.4873760834e+03  6.2613986355e+03  8.3310895802e+03  1.0696449535e+04
     6.150  1.0859283539e+00  5.1885753428e+01  3.5344953525e+02  9.5469731289e+02  1.8564380049e+03  3.0587306770e+03  4.5615870147e+03  6.3650105548e+03  8.4690026606e+03  1.0873563947e+04
     6.200  1.0852032712e+00  5.2600941946e+01  3.5910377825e+02  9.7023149966e+02  1.8867925612e+03  3.1088458347e+03  4.6364029618e+03  6.4694674657e+03  8.6080407042e+03  1.1052123290e+04
     6.250  1.0844901689e+00  5.3321170951e+01  3.6480308037e+02  9.8589074547e+02  1.9173921672e+03  3.1593660273e+03  4.7118239246e+03  6.5747693688e+03  8.7482037124e+03  1.1232127566e+04
     6.300  1.0837887576e+00  5.4046439383e+01  3.7054744000e+02  1.0016750487e+03  1.9482368216e+03  3.2102912540e+03  4.7878499029e+03  6.6809162647e+03  8.8894916868e+03  1.1413576777e+04
     6.350  1.0830987571e+00  5.4776746221e+01  3.7633685558e+02  1.0175844080e+03  1.9793265231e+03  3.2616215141e+03  4.8644808965e+03  6.7879081540e+03  9.0319046287e+03  1.1596470926e+04
     6.400  1.0824198955e+00  5.5512090479e+01  3.8217132564e+02  1.0336188216e+03  2.0106612706e+03  3.3133568067e+03  4.9417169053e+03  6.8957450371e+03  9.1754425395e+03  1.1780810016e+04
     6.450  1.0817519095e+00  5.6252471204e+01  3.8805084873e+02  1.0497782883e+03  2.0422410630e+03  3.3654971312e+03  5.0195579289e+03  7.0044269146e+03  9.3201054204e+03  1.1966594048e+04
     6.500  1.0810945440e+00  5.6997887473e+01  3.9397542347e+02  1.0660628067e+03  2.0740658991e+03  3.4180424868e+03  5.0980039674e+03  7.1139537868e+03  9.4658932727e+03  1.2153823024e+04
     6.550  1.0804475514e+00  5.7748338398e+01  3.9994504852e+02  1.0824723753e+03  2.1061357777e+03  3.4709928729e+03  5.1770550204e+03  7.2243256543e+03  9.6128060975e+03  1.2342496947e+04
     6.600  1.0798106916e+00  5.8503823118e+01  4.0595972259e+02  1.0990069931e+03  2.1384506980e+03  3.5243482888e+03  5.2567110878e+03  7.3355425175e+03  9.7608438960e+03  1.2532615818e+04
     6.650  1.0791837319e+00  5.9264340801e+01  4.1201944441e+02  1.1156666586e+03  2.1710106589e+03  3.5781087339e+03  5.3369721695e+03  7.4476043767e+03  9.9100066692e+03  1.2724179640e+04
     6.700  1.0785664465e+00  6.0029890641e+01  4.1812421280e+02  1.1324513708e+03  2.2038156594e+03  3.6322742074e+03  5.4178382652e+03  7.5605112324e+03  1.0060294418e+04  1.2917188413e+04
     6.750  1.0779586160e+00  6.0800471859e+01  4.2427402659e+02  1.1493611285e+03  2.2368656985e+03  3.6868447089e+03  5.4993093748e+03  7.6742630848e+03  1.0211707144e+04  1.3111642141e+04
     6.800  1.0773600278e+00  6.1576083701e+01  4.3046888463e+02  1.1663959304e+03  2.2701607754e+03  3.7418202377e+03  5.5813854982e+03  7.7888599344e+03  1.0364244847e+04  1.3307540823e+04
     6.850  1.0767704753e+00  6.2356725438e+01  4.3670878586e+02  1.1835557757e+03  2.3037008892e+03  3.7972007933e+03  5.6640666350e+03  7.9043017814e+03  1.0517907529e+04  1.3504884463e+04
     6.900  1.0761897581e+00  6.3142396362e+01  4.4299372920e+02  1.2008406632e+03  2.3374860389e+03  3.8529863751e+03  5.7473527853e+03  8.0205886262e+03  1.0672695190e+04  1.3703673061e+04
     6.950  1.0756176814e+00  6.3933095789e+01  4.4932371365e+02  1.2182505919e+03  2.3715162239e+03  3.9091769825e+03  5.8312439487e+03  8.1377204691e+03  1.0828607832e+04  1.3903906618e+04
     7.000  1.0750540561e+00  6.4728823054e+01  4.5569873821e+02  1.2357855608e+03  2.4057914433e+03  3.9657726150e+03  5.9157401252e+03  8.2556973102e+03  1.0985645454e+04  1.4105585137e+04
     7.050  1.0744986985e+00  6.5529577516e+01  4.6211880192e+02  1.2534455690e+03  2.4403116963e+03  4.0227732722e+03  6.0008413146e+03  8.3745191499e+03  1.1143808059e+04  1.4308708619e+04
     7.100  1.0739514300e+00  6.6335358551e+01  4.6858390387e+02  1.2712306156e+03  2.4750769821e+03  4.0801789535e+03  6.0865475167e+03  8.4941859885e+03  1.1303095646e+04  1.4513277064e+04
     7.150  1.0734120771e+00  6.7146165554e+01  4.7509404315e+02  1.2891406997e+03  2.5100873001e+03  4.1379896584e+03  6.1728587313e+03  8.6146978261e+03  1.1463508216e+04  1.4719290474e+04
     7.200  1.0728804712e+00  6.7961997939e+01  4.8164921889e+02  1.3071758203e+03  2.5453426494e+03  4.1962053865e+03  6.2597749584e+03  8.7360546630e+03  1.1625045770e+04  1.4926748850e+04
     7.250  1.0723564482e+00  6.8782855138e+01  4.8824943026e+02  1.3253359768e+03  2.5808430296e+03  4.2548261374e+03  6.3472961977e+03  8.8582564993e+03  1.1787708308e+04  1.5135652194e+04
     7.300  1.0718398488e+00  6.9608736599e+01  4.9489467644e+02  1.3436211682e+03  2.6165884397e+03  4.3138519104e+03  6.4354224491e+03  8.9813033354e+03  1.1951495831e+04  1.5346000506e+04
     7.350  1.0713305179e+00  7.0439641786e+01  5.0158495663e+02  1.3620313938e+03  2.6525788793e+03  4.3732827054e+03  6.5241537125e+03  9.1051951714e+03  1.2116408341e+04  1.5557793788e+04
     7.400  1.0708283047e+00  7.1275570181e+01  5.0832027006e+02  1.3805666528e+03  2.6888143477e+03  4.4331185217e+03  6.6134899876e+03  9.2299320074e+03  1.2282445836e+04  1.5771032040e+04
     7.450  1.0703330624e+00  7.2116521277e+01  5.1510061600e+02  1.3992269445e+03  2.7252948442e+03  4.4933593591e+03  6.7034312744e+03  9.3555138436e+03  1.2449608319e+04  1.5985715264e+04
     7.500  1.0698446482e+00  7.2962494586e+01  5.2192599373e+02  1.4180122682e+03  2.7620203684e+03  4.5540052170e+03  6.7939775726e+03  9.4819406803e+03  1.2617895788e+04  1.6201843460e+04
     7.550  1.0693629232e+00  7.3813489630e+01  5.2879640253e+02  1.4369226231e+03  2.7989909195e+03  4.6150560952e+03  6.8851288823e+03  9.6092125174e+03  1.2787308246e+04  1.6419416629e+04
     7.600  1.0688877522e+00  7.4669505948e+01  5.3571184173e+02  1.4559580087e+03  2.8362064971e+03  4.6765119932e+03  6.9768852031e+03  9.7373293553e+03  1.2957845692e+04  1.6638434773e+04
     7.650  1.0684190034e+00  7.5530543090e+01  5.4267231067e+02  1.4751184241e+03  2.8736671006e+03  4.7383729107e+03  7.0692465350e+03  9.8662911940e+03  1.3129508127e+04  1.6858897891e+04
     7.700  1.0679565486e+00  7.6396600619e+01  5.4967780871e+02  1.4944038689e+03  2.9113727294e+03  4.8006388473e+03  7.1622128778e+03  9.9960980336e+03  1.3302295551e+04  1.7080805986e+04
     7.750  1.0675002631e+00  7.7267678111e+01  5.5672833522e+02  1.5138143424e+03  2.9493233831e+03  4.8633098026e+03  7.2557842315e+03  1.0126749874e+04  1.3476207964e+04  1.7304159057e+04
     7.800  1.0670500250e+00  7.8143775152e+01  5.6382388959e+02  1.5333498439e+03  2.9875190612e+03  4.9263857764e+03  7.3499605957e+03  1.0258246716e+04  1.3651245368e+04  1.7528957105e+04
     7.850  1.0666057161e+00  7.9024891341e+01  5.7096447125e+02  1.5530103729e+03  3.0259597631e+03  4.9898667683e+03  7.4447419705e+03  1.0390588560e+04  1.3827407762e+04  1.7755200131e+04
     7.900  1.0661672208e+00  7.9911026287e+01  5.7815007962e+02  1.5727959288e+03  3.0646454884e+03  5.0537527779e+03  7.5401283557e+03  1.0523775404e+04  1.4004695147e+04  1.7982888136e+04
     7.950  1.0657344267e+00  8.0802179611e+01  5.8538071413e+02  1.5927065111e+03  3.1035762367e+03  5.1180438049e+03  7.6361197512e+03  1.0657807250e+04  1.4183107523e+04  1.8212021121e+04
     8.000  1.0653072241e+00  8.1698350941e+01  5.9265637426e+02  1.6127421193e+03  3.1427520074e+03  5.1827398491e+03  7.7327161568e+03  1.0792684098e+04  1.4362644891e+04  1.8442599085e+04
     8.050  1.0648855062e+00  8.2599539920e+01  5.9997705947e+02  1.6329027527e+03  3.1821728002e+03  5.2478409101e+03  7.8299175723e+03  1.0928405947e+04  1.4543307251e+04  1.8674622031e+04
     8.100  1.0644691688e+00  8.3505746195e+01  6.0734276926e+02  1.6531884110e+03  3.2218386146e+03  5.3133469877e+03  7.9277239978e+03  1.1064972799e+04  1.4725094603e+04  1.8908089957e+04
     8.150  1.0640581102e+00  8.4416969425e+01  6.1475350312e+02  1.6735990935e+03  3.2617494502e+03  5.3792580815e+03  8.0261354330e+03  1.1202384652e+04  1.4908006948e+04  1.9143002866e+04
     8.200  1.0636522315e+00  8.5333209279e+01  6.2220926057e+02  1.6941347999e+03  3.3019053066e+03  5.4455741912e+03  8.1251518779e+03  1.1340641507e+04  1.5092044285e+04  1.9379360757e+04
     8.250  1.0632514360e+00  8.6254465433e+01  6.2971004115e+02  1.7147955296e+03  3.3423061834e+03  5.5122953166e+03  8.2247733323e+03  1.1479743364e+04  1.5277206616e+04  1.9617163631e+04
     8.300  1.0628556294e+00  8.7180737572e+01  6.3725584438e+02  1.7355812822e+03  3.3829520802e+03  5.5794214575e+03  8.3249997960e+03  1.1619690223e+04  1.5463493940e+04  1.9856411489e+04
     8.350  1.0624647197e+00  8.8112025388e+01  6.4484666983e+02  1.7564920573e+03  3.4238429967e+03  5.6469526135e+03  8.4258312691e+03  1.1760482084e+04  1.5650906257e+04  2.0097104330e+04
     8.400  1.0620786173e+00  8.9048328582e+01  6.5248251706e+02  1.7775278544e+03  3.4649789324e+03  5.7148887844e+03  8.5272677513e+03  1.1902118947e+04  1.5839443569e+04  2.0339242156e+04
     8.450  1.0616972346e+00  8.9989646862e+01  6.6016338565e+02  1.7986886730e+03  3.5063598871e+03  5.7832299700e+03  8.6293092426e+03  1.2044600813e+04  1.6029105875e+04  2.0582824968e+04
     8.500  1.0613204860e+00  9.0935979945e+01  6.6788927518e+02  1.8199745129e+03  3.5479858604e+03  5.8519761700e+03  8.7319557428e+03  1.2187927680e+04  1.6219893175e+04  2.0827852764e+04
     8.550  1.0609482882e+00  9.1887327552e+01  6.7566018525e+02  1.8413853735e+03  3.5898568519e+03  5.9211273841e+03  8.8352072519e+03  1.2332099551e+04  1.6411805470e+04  2.1074325547e+04
     8.600  1.0605805596e+00  9.2843689413e+01  6.8347611547e+02  1.8629212545e+03  3.6319728613e+03  5.9906836122e+03  8.9390637697e+03  1.2477116423e+04  1.6604842760e+04  2.1322243316e+04
     8.650  1.0602172207e+00  9.3805065266e+01  6.9133706546e+02  1.8845821556e+03  3.6743338883e+03  6.0606448540e+03  9.0435252961e+03  1.2622978298e+04  1.6799005045e+04  2.1571606071e+04
     8.700  1.0598581939e+00  9.4771454851e+01  6.9924303484e+02  1.9063680762e+03  3.7169399326e+03  6.1310111093e+03  9.1485918310e+03  1.2769685175e+04  1.6994292326e+04  2.1822413814e+04
     8.750  1.0595034033e+00  9.5742857920e+01  7.0719402325e+02  1.9282790162e+03  3.7597909939e+03  6.2017823778e+03  9.2542633743e+03  1.2917237055e+04  1.7190704601e+04  2.2074666545e+04
     8.800  1.0591527747e+00  9.6719274226e+01  7.1519003035e+02  1.9503149750e+03  3.8028870718e+03  6.2729586594e+03  9.3605399259e+03  1.3065633938e+04  1.7388241873e+04  2.2328364263e+04
     8.850  1.0588062357e+00  9.7700703531e+01  7.2323105577e+02  1.9724759524e+03  3.8462281662e+03  6.3445399538e+03  9.4674214858e+03  1.3214875823e+04  1.7586904141e+04  2.2583506970e+04
     8.900  1.0584637156e+00  9.8687145601e+01  7.3131709920e+02  1.9947619481e+03  3.8898142766e+03  6.4165262609e+03  9.5749080537e+03  1.3364962710e+04  1.7786691404e+04  2.2840094665e+04
     8.950  1.0581251452e+00  9.9678600210e+01  7.3944816029e+02  2.0171729617e+03  3.9336454028e+03  6.4889175804e+03  9.6829996297e+03  1.3515894600e+04  1.7987603664e+04  2.3098127349e+04
     9.000  1.0577904570e+00  1.0067506713e+02  7.4762423873e+02  2.0397089929e+03  3.9777215446e+03  6.5617139121e+03  9.7916962135e+03  1.3667671493e+04  1.8189640920e+04  2.3357605023e+04
     9.050  1.0574595849e+00  1.0167654616e+02  7.5584533420e+02  2.0623700413e+03  4.0220427016e+03  6.6349152559e+03  9.9009978052e+03  1.3820293388e+04  1.8392803173e+04  2.3618527686e+04
     9.100  1.0571324644e+00  1.0268303707e+02  7.6411144640e+02  2.0851561067e+03  4.0666088737e+03  6.7085216116e+03  1.0010904405e+04  1.3973760286e+04  1.8597090423e+04  2.3880895339e+04
     9.150  1.0568090322e+00  1.0369453966e+02  7.7242257503e+02  2.1080671888e+03  4.1114200605e+03  6.7825329789e+03  1.0121416012e+04  1.4128072187e+04  1.8802502669e+04  2.4144707982e+04
     9.200  1.0564892268e+00  1.0471105372e+02  7.8077871980e+02  2.1311032873e+03  4.1564762619e+03  6.8569493577e+03  1.0232532626e+04  1.4283229091e+04  1.9009039913e+04  2.4409965616e+04
     9.250  1.0561729876e+00  1.0573257907e+02  7.8917988043e+02  2.1542644018e+03  4.2017774775e+03  6.9317707479e+03  1.0344254248e+04  1.4439230997e+04  1.9216702154e+04  2.4676668241e+04
     9.300  1.0558602557e+00  1.0675911550e+02  7.9762605663e+02  2.1775505322e+03  4.2473237071e+03  7.0069971492e+03  1.0456580878e+04  1.4596077906e+04  1.9425489392e+04  2.4944815857e+04
     9.350  1.0555509734e+00  1.0779066284e+02  8.0611724815e+02  2.2009616782e+03  4.2931149506e+03  7.0826285614e+03  1.0569512514e+04  1.4753769818e+04  1.9635401627e+04  2.5214408464e+04
     9.400  1.0552450840e+00  1.0882722088e+02  8.1465345470e+02  2.2244978394e+03  4.3391512076e+03  7.1586649845e+03  1.0683049158e+04  1.4912306732e+04  1.9846438860e+04  2.5485446063e+04
     9.450  1.0549425324e+00  1.0986878946e+02  8.2323467604e+02  2.2481590156e+03  4.3854324780e+03  7.2351064183e+03  1.0797190809e+04  1.5071688649e+04  2.0058601091e+04  2.5757928653e+04
     9.500  1.0546432643e+00  1.1091536840e+02  8.3186091191e+02  2.2719452066e+03  4.4319587616e+03  7.3119528625e+03  1.0911937467e+04  1.5231915569e+04  2.0271888320e+04  2.6031856236e+04
     9.550  1.0543472270e+00  1.1196695752e+02  8.4053216206e+02  2.2958564122e+03  4.4787300581e+03  7.3892043171e+03  1.1027289132e+04  1.5392987492e+04  2.0486300546e+04  2.6307228811e+04
     9.600  1.0540543686e+00  1.1302355666e+02  8.4924842626e+02  2.3198926320e+03  4.5257463672e+03  7.4668607818e+03  1.1143245804e+04  1.5554904418e+04  2.0701837770e+04  2.6584046378e+04
     9.650  1.0537646384e+00  1.1408516565e+02  8.5800970426e+02  2.3440538658e+03  4.5730076889e+03  7.5449222566e+03  1.1259807482e+04  1.5717666346e+04  2.0918499993e+04  2.6862308939e+04
     9.700  1.0534779866e+00  1.1515178433e+02  8.6681599584e+02  2.3683401135e+03  4.6205140230e+03  7.6233887413e+03  1.1376974168e+04  1.5881273277e+04  2.1136287214e+04  2.7142016492e+04
     9.750  1.0531943648e+00  1.1622341255e+02  8.7566730077e+02  2.3927513748e+03  4.6682653691e+03  7.7022602357e+03  1.1494745859e+04  1.6045725211e+04  2.1355199433e+04  2.7423169038e+04
     9.800  1.0529137253e+00  1.1730005014e+02  8.8456361882e+02  2.4172876494e+03  4.7162617272e+03  7.7815367398e+03  1.1613122558e+04  1.6211022148e+04  2.1575236650e+04  2.7705766578e+04
     9.850  1.0526360216e+00  1.1838169696e+02  8.9350494979e+02  2.4419489372e+03  4.7645030970e+03  7.8612182533e+03  1.1732104263e+04  1.6377164088e+04  2.1796398867e+04  2.7989809112e+04
     9.900  1.0523612079e+00  1.1946835286e+02  9.0249129347e+02  2.4667352379e+03  4.8129894784e+03  7.9413047761e+03  1.1851690974e+04  1.6544151030e+04  2.2018686081e+04  2.8275296639e+04
     9.950  1.0520892395e+00  1.2056001770e+02  9.1152264964e+02  2.4916465513e+03  4.8617208712e+03  8.0217963081e+03  1.1971882692e+04  1.6711982975e+04  2.2242098294e+04  2.8562229160e+04
    10.000  1.0518200727e+00  1.2165669133e+02  9.2059901810e+02  2.5166828773e+03  4.9106972752e+03  8.1026928492e+03  1.2092679415e+04  1.6880659923e+04  2.2466635507e+04  2.8850606675e+04
    10.050  1.0515536646e+00  1.2275837362e+02  9.2972039866e+02  2.5418442156e+03  4.9599186903e+03  8.1839943992e+03  1.2214081145e+04  1.7050181874e+04  2.2692297718e+04  2.9140429185e+04
    10.100  1.0512899731e+00  1.2386506442e+02  9.3888679112e+02  2.5671305660e+03  5.0093851162e+03  8.2657009581e+03  1.2336087881e+04  1.7220548828e+04  2.2919084927e+04  2.9431696688e+04
    10.150  1.0510289571e+00  1.2497676362e+02  9.4809819530e+02  2.5925419283e+03  5.0590965528e+03  8.3478125256e+03  1.2458699624e+04  1.7391760784e+04  2.3146997136e+04  2.9724409187e+04
    10.200  1.0507705761e+00  1.2609347107e+02  9.5735461100e+02  2.6180783025e+03  5.1090530000e+03  8.4303291017e+03  1.2581916372e+04  1.7563817744e+04  2.3376034344e+04  3.0018566680e+04
    10.250  1.0505147906e+00  1.2721518664e+02  9.6665603805e+02  2.6437396882e+03  5.1592544575e+03  8.5132506862e+03  1.2705738126e+04  1.7736719706e+04  2.3606196551e+04  3.0314169169e+04
    10.300  1.0502615618e+00  1.2834191023e+02  9.7600247627e+02  2.6695260853e+03  5.2097009253e+03  8.5965772791e+03  1.2830164886e+04  1.7910466670e+04  2.3837483757e+04  3.0611216652e+04
    10.350  1.0500108518e+00  1.2947364169e+02  9.8539392548e+02  2.6954374936e+03  5.2603924032e+03  8.6803088802e+03  1.2955196651e+04  1.8085058638e+04  2.4069895963e+04  3.0909709131e+04
    10.400  1.0497626231e+00  1.3061038092e+02  9.9483038552e+02  2.7214739129e+03  5.3113288910e+03  8.7644454894e+03  1.3080833423e+04  1.8260495608e+04  2.4303433168e+04  3.1209646605e+04
    10.450  1.0495168395e+00  1.3175212780e+02  1.0043118562e+03  2.7476353432e+03  5.3625103886e+03  8.8489871066e+03  1.3207075200e+04  1.8436777582e+04  2.4538095372e+04  3.1511029074e+04
    10.500  1.0492734648e+00  1.3289888220e+02  1.0138383374e+03  2.7739217841e+03  5.4139368959e+03  8.9339337317e+03  1.3333921982e+04  1.8613904557e+04  2.4773882575e+04  3.1813856539e+04
    10.550  1.0490324642e+00  1.3405064402e+02  1.0234098289e+03  2.8003332356e+03  5.4656084126e+03  9.0192853646e+03  1.3461373770e+04  1.8791876536e+04  2.5010794778e+04  3.2118129000e+04
    10.600  1.0487938030e+00  1.3520741315e+02  1.0330263306e+03  2.8268696976e+03  5.5175249387e+03  9.1050420052e+03  1.3589430564e+04  1.8970693517e+04  2.5248831981e+04  3.2423846457e+04
    10.650  1.0485574476e+00  1.3636918948e+02  1.0426878424e+03  2.8535311697e+03  5.5696864741e+03  9.1912036533e+03  1.3718092363e+04  1.9150355501e+04  2.5487994183e+04  3.2731008910e+04
    10.700  1.0483233647e+00  1.3753597291e+02  1.0523943640e+03  2.8803176519e+03  5.6220930186e+03  9.2777703089e+03  1.3847359167e+04  1.9330862488e+04  2.5728281385e+04  3.3039616358e+04
    10.750  1.0480915219e+00  1.3870776332e+02  1.0621458953e+03  2.9072291441e+03  5.6747445720e+03  9.3647419719e+03  1.3977230976e+04  1.9512214478e+04  2.5969693587e+04  3.3349668803e+04
    10.800  1.0478618872e+00  1.3988456061e+02  1.0719424362e+03  2.9342656461e+03  5.7276411343e+03  9.4521186422e+03  1.4107707791e+04  1.9694411470e+04  2.6212230788e+04  3.3661166245e+04
    10.850  1.0476344293e+00  1.4106636470e+02  1.0817839865e+03  2.9614271578e+03  5.7807827053e+03  9.5399003197e+03  1.4238789611e+04  1.9877453465e+04  2.6455892989e+04  3.3974108683e+04
    10.900  1.0474091176e+00  1.4225317547e+02  1.0916705462e+03  2.9887136789e+03  5.8341692849e+03  9.6280870042e+03  1.4370476436e+04  2.0061340462e+04  2.6700680190e+04  3.4288496117e+04
    10.950  1.0471859218e+00  1.4344499284e+02  1.1016021150e+03  3.0161252094e+03  5.8878008730e+03  9.7166786958e+03  1.4502768266e+04  2.0246072463e+04  2.6946592391e+04  3.4604328548e+04
    11.000  1.0469648124e+00  1.4464181670e+02  1.1115786928e+03  3.0436617492e+03  5.9416774695e+03  9.8056753942e+03  1.4635665101e+04  2.0431649466e+04  2.7193629592e+04  3.4921605976e+04
    11.050  1.0467457604e+00  1.4584364697e+02  1.1216002796e+03  3.0713232981e+03  5.9957990742e+03  9.8950770995e+03  1.4769166941e+04  2.0618071471e+04  2.7441791792e+04  3.5240328401e+04
    11.100  1.0465287373e+00  1.4705048356e+02  1.1316668751e+03  3.0991098559e+03  6.0501656870e+03  9.9848838115e+03  1.4903273786e+04  2.0805338479e+04  2.7691078993e+04  3.5560495822e+04
    11.150  1.0463137150e+00  1.4826232637e+02  1.1417784792e+03  3.1270214226e+03  6.1047773079e+03  1.0075095530e+04  1.5037985636e+04  2.0993450490e+04  2.7941491193e+04  3.5882108241e+04
    11.200  1.0461006662e+00  1.4947917532e+02  1.1519350919e+03  3.1550579980e+03  6.1596339366e+03  1.0165712255e+04  1.5173302490e+04  2.1182407504e+04  2.8193028394e+04  3.6205165657e+04
    11.250  1.0458895638e+00  1.5070103032e+02  1.1621367130e+03  3.1832195821e+03  6.2147355732e+03  1.0256733987e+04  1.5309224350e+04  2.1372209520e+04  2.8445690595e+04  3.6529668070e+04
    11.300  1.0456803814e+00  1.5192789129e+02  1.1723833423e+03  3.2115061746e+03  6.2700822175e+03  1.0348160725e+04  1.5445751213e+04  2.1562856538e+04  2.8699477796e+04  3.6855615480e+04
    11.350  1.0454730929e+00  1.5315975815e+02  1.1826749798e+03  3.2399177755e+03  6.3256738694e+03  1.0439992470e+04  1.5582883082e+04  2.1754348559e+04  2.8954389997e+04  3.7183007888e+04
    11.400  1.0452676729e+00  1.5439663081e+02  1.1930116254e+03  3.2684543846e+03  6.3815105287e+03  1.0532229220e+04  1.5720619955e+04  2.1946685583e+04  2.9210427198e+04  3.7511845293e+04
    11.450  1.0450640962e+00  1.5563850919e+02  1.2033932789e+03  3.2971160019e+03  6.4375921955e+03  1.0624870977e+04  1.5858961833e+04  2.2139867609e+04  2.9467589400e+04  3.7842127695e+04
    11.500  1.0448623382e+00  1.5688539322e+02  1.2138199402e+03  3.3259026272e+03  6.4939188695e+03  1.0717917740e+04  1.5997908715e+04  2.2333894638e+04  2.9725876601e+04  3.8173855096e+04
    11.550  1.0446623747e+00  1.5813728283e+02  1.2242916093e+03  3.3548142604e+03  6.5504905508e+03  1.0811369509e+04  1.6137460602e+04  2.2528766670e+04  2.9985288803e+04  3.8507027494e+04
    11.600  1.0444641819e+00  1.5939417792e+02  1.2348082860e+03  3.3838509014e+03  6.6073072392e+03  1.0905226284e+04  1.6277617493e+04  2.2724483703e+04  3.0245826005e+04  3.8841644889e+04
    11.650  1.0442677365e+00  1.6065607844e+02  1.2453699701e+03  3.4130125502e+03  6.6643689346e+03  1.0999488065e+04  1.6418379388e+04  2.2921045740e+04  3.0507488208e+04  3.9177707283e+04
    11.700  1.0440730155e+00  1.6192298430e+02  1.2559766617e+03  3.4422992065e+03  6.7216756369e+03  1.1094154851e+04  1.6559746288e+04  2.3118452779e+04  3.0770275411e+04  3.9515214674e+04
    11.750  1.0438799964e+00  1.6319489544e+02  1.2666283606e+03  3.4717108703e+03  6.7792273460e+03  1.1189226643e+04  1.6701718192e+04  2.3316704820e+04  3.1034187614e+04  3.9854167063e+04
    11.800  1.0436886570e+00  1.6447181179e+02  1.2773250667e+03  3.5012475415e+03  6.8370240619e+03  1.1284703441e+04  1.6844295100e+04  2.3515801864e+04  3.1299224818e+04  4.0194564451e+04
    11.850  1.0434989755e+00  1.6575373328e+02  1.2880667799e+03  3.5309092200e+03  6.8950657844e+03  1.1380585245e+04  1.6987477012e+04  2.3715743910e+04  3.1565387022e+04  4.0536406836e+04
    11.900  1.0433109305e+00  1.6704065983e+02  1.2988535001e+03  3.5606959057e+03  6.9533525136e+03  1.1476872054e+04  1.7131263928e+04  2.3916530959e+04  3.1832674227e+04  4.0879694220e+04
    11.950  1.0431245011e+00  1.6833259139e+02  1.3096852272e+03  3.5906075986e+03  7.0118842492e+03  1.1573563868e+04  1.7275655849e+04  2.4118163010e+04  3.2101086432e+04  4.1224426601e+04
    12.000  1.0429396664e+00  1.6962952788e+02  1.3205619612e+03  3.6206442984e+03  7.0706609912e+03  1.1670660688e+04  1.7420652774e+04  2.4320640063e+04  3.2370623637e+04  4.1570603981e+04
    12.050  1.0427564062e+00  1.7093146925e+02  1.3314837018e+03  3.6508060052e+03  7.1296827395e+03  1.1768162513e+04  1.7566254702e+04  2.4523962119e+04  3.2641285843e+04  4.1918226360e+04
    12.100  1.0425747004e+00  1.7223841543e+02  1.3424504492e+03  3.6810927188e+03  7.1889494941e+03  1.1866069344e+04  1.7712461635e+04  2.4728129177e+04  3.2913073049e+04  4.2267293736e+04
    12.150  1.0423945296e+00  1.7355036636e+02  1.3534622031e+03  3.7115044391e+03  7.2484612549e+03  1.1964381179e+04  1.7859273571e+04  2.4933141238e+04  3.3185985256e+04  4.2617806111e+04
    12.200  1.0422158742e+00  1.7486732198e+02  1.3645189635e+03  3.7420411661e+03  7.3082180217e+03  1.2063098020e+04  1.8006690512e+04  2.5138998301e+04  3.3460022464e+04  4.2969763485e+04
    12.250  1.0420387153e+00  1.7618928222e+02  1.3756207302e+03  3.7727028997e+03  7.3682197946e+03  1.2162219866e+04  1.8154712456e+04  2.5345700366e+04  3.3735184672e+04  4.3323165857e+04
    12.300  1.0418630343e+00  1.7751624703e+02  1.3867675033e+03  3.8034896398e+03  7.4284665734e+03  1.2261746717e+04  1.8303339404e+04  2.5553247434e+04  3.4011471880e+04  4.3678013228e+04
    12.350  1.0416888127e+00  1.7884821635e+02  1.3979592826e+03  3.8344013862e+03  7.4889583581e+03  1.2361678573e+04  1.8452571356e+04  2.5761639503e+04  3.4288884089e+04  4.4034305597e+04
    12.400  1.0415160325e+00  1.8018519013e+02  1.4091960681e+03  3.8654381390e+03  7.5496951486e+03  1.2462015434e+04  1.8602408311e+04  2.5970876576e+04  3.4567421299e+04  4.4392042965e+04
    12.450  1.0413446759e+00  1.8152716831e+02  1.4204778596e+03  3.8965998981e+03  7.6106769448e+03  1.2562757299e+04  1.8752850270e+04  2.6180958650e+04  3.4847083510e+04  4.4751225331e+04
    12.500  1.0411747254e+00  1.8287415082e+02  1.4318046572e+03  3.9278866633e+03  7.6719037466e+03  1.2663904170e+04  1.8903897233e+04  2.6391885727e+04  3.5127870721e+04  4.5111852697e+04
    12.550  1.0410061638e+00  1.8422613763e+02  1.4431764606e+03  3.9592984346e+03  7.7333755541e+03  1.2765456045e+04  1.9055549200e+04  2.6603657806e+04  3.5409782932e+04  4.5473925061e+04
    12.600  1.0408389743e+00  1.8558312868e+02  1.4545932699e+03  3.9908352119e+03  7.7950923671e+03  1.2867412925e+04  1.9207806170e+04  2.6816274887e+04  3.5692820145e+04  4.5837442424e+04
    12.650  1.0406731400e+00  1.8694512390e+02  1.4660550849e+03  4.0224969951e+03  7.8570541855e+03  1.2969774809e+04  1.9360668143e+04  2.7029736970e+04  3.5976982358e+04  4.6202404785e+04
    12.700  1.0405086448e+00  1.8831212326e+02  1.4775619057e+03  4.0542837842e+03  7.9192610093e+03  1.3072541698e+04  1.9514135120e+04  2.7244044056e+04  3.6262269571e+04  4.6568812146e+04
    12.750  1.0403454724e+00  1.8968412670e+02  1.4891137321e+03  4.0861955792e+03  7.9817128384e+03  1.3175713592e+04  1.9668207101e+04  2.7459196144e+04  3.6548681786e+04  4.6936664506e+04
    12.800  1.0401836069e+00  1.9106113417e+02  1.5007105640e+03  4.1182323798e+03  8.0444096729e+03  1.3279290490e+04  1.9822884085e+04  2.7675193234e+04  3.6836219000e+04  4.7305961864e+04
    12.850  1.0400230328e+00  1.9244314562e+02  1.5123524014e+03  4.1503941861e+03  8.1073515125e+03  1.3383272392e+04  1.9978166073e+04  2.7892035326e+04  3.7124881216e+04  4.7676704222e+04
    12.900  1.0398637348e+00  1.9383016101e+02  1.5240392442e+03  4.1826809980e+03  8.1705383572e+03  1.3487659299e+04  2.0134053064e+04  2.8109722420e+04  3.7414668433e+04  4.8048891579e+04
    12.950  1.0397056976e+00  1.9522218029e+02  1.5357710924e+03  4.2150928154e+03  8.2339702070e+03  1.3592451210e+04  2.0290545058e+04  2.8328254517e+04  3.7705580650e+04  4.8422523935e+04
    13.000  1.0395489064e+00  1.9661920340e+02  1.5475479459e+03  4.2476296382e+03  8.2976470619e+03  1.3697648126e+04  2.0447642055e+04  2.8547631616e+04  3.7997617868e+04  4.8797601290e+04
    13.050  1.0393933466e+00  1.9802123031e+02  1.5593698046e+03  4.2802914665e+03  8.3615689217e+03  1.3803250046e+04  2.0605344056e+04  2.8767853716e+04  3.8290780086e+04  4.9174123644e+04
    13.100  1.0392390037e+00  1.9942826097e+02  1.5712366685e+03  4.3130783000e+03  8.4257357864e+03  1.3909256970e+04  2.0763651060e+04  2.8988920819e+04  3.8585067306e+04  4.9552090997e+04
    13.150  1.0390858636e+00  2.0084029533e+02  1.5831485374e+03  4.3459901388e+03  8.4901476560e+03  1.4015668898e+04  2.0922563067e+04  2.9210832924e+04  3.8880479526e+04  4.9931503349e+04
    13.200  1.0389339122e+00  2.0225733336e+02  1.5951054114e+03  4.3790269828e+03  8.5548045303e+03  1.4122485830e+04  2.1082080078e+04  2.9433590031e+04  3.9177016747e+04  5.0312360701e+04
    13.250  1.0387831357e+00  2.0367937500e+02  1.6071072904e+03  4.4121888320e+03  8.6197064094e+03  1.4229707766e+04  2.1242202092e+04  2.9657192140e+04  3.9474678968e+04  5.0694663052e+04
    13.300  1.0386335208e+00  2.0510642022e+02  1.6191541743e+03  4.4454756862e+03  8.6848532932e+03  1.4337334706e+04  2.1402929108e+04  2.9881639251e+04  3.9773466191e+04  5.1078410402e+04
    13.350  1.0384850539e+00  2.0653846897e+02  1.6312460631e+03  4.4788875455e+03  8.7502451816e+03  1.4445366651e+04  2.1564261128e+04  3.0106931364e+04  4.0073378414e+04  5.1463602752e+04
    13.400  1.0383377220e+00  2.0797552121e+02  1.6433829566e+03  4.5124244097e+03  8.8158820746e+03  1.4553803599e+04  2.1726198151e+04  3.0333068479e+04  4.0374415638e+04  5.1850240101e+04
    13.450  1.0381915120e+00  2.0941757691e+02  1.6555648550e+03  4.5460862788e+03  8.8817639722e+03  1.4662645551e+04  2.1888740177e+04  3.0560050597e+04  4.0676577863e+04  5.2238322449e+04
    13.500  1.0380464114e+00  2.1086463601e+02  1.6677917580e+03  4.5798731527e+03  8.9478908741e+03  1.4771892507e+04  2.2051887206e+04  3.0787877716e+04  4.0979865088e+04  5.2627849797e+04
    13.550  1.0379024074e+00  2.1231669849e+02  1.6800636656e+03  4.6137850314e+03  9.0142627806e+03  1.4881544467e+04  2.2215639238e+04  3.1016549837e+04  4.1284277314e+04  5.3018822145e+04
    13.600  1.0377594878e+00  2.1377376431e+02  1.6923805778e+03  4.6478219149e+03  9.0808796914e+03  1.4991601430e+04  2.2379996273e+04  3.1246066960e+04  4.1589814542e+04  5.3411239491e+04
    13.650  1.0376176404e+00  2.1523583342e+02  1.7047424945e+03  4.6819838030e+03  9.1477416065e+03  1.5102063397e+04  2.2544958311e+04  3.1476429085e+04  4.1896476770e+04  5.3805101837e+04
    13.700  1.0374768531e+00  2.1670290579e+02  1.7171494158e+03  4.7162706958e+03  9.2148485259e+03  1.5212930368e+04  2.2710525352e+04  3.1707636212e+04  4.2204263998e+04  5.4200409183e+04
    13.750  1.0373371142e+00  2.1817498138e+02  1.7296013414e+03  4.7506825931e+03  9.2822004495e+03  1.5324202343e+04  2.2876697395e+04  3.1939688341e+04  4.2513176228e+04  5.4597161528e+04
    13.800  1.0371984119e+00  2.1965206016e+02  1.7420982714e+03  4.7852194950e+03  9.3497973774e+03  1.5435879321e+04  2.3043474442e+04  3.2172585472e+04  4.2823213458e+04  5.4995358873e+04
    13.850  1.0370607349e+00  2.2113414208e+02  1.7546402058e+03  4.8198814013e+03  9.4176393093e+03  1.5547961303e+04  2.3210856491e+04  3.2406327605e+04  4.3134375689e+04  5.5395001218e+04
    13.900  1.0369240717e+00  2.2262122712e+02  1.7672271444e+03  4.8546683121e+03  9.4857262454e+03  1.5660448288e+04  2.3378843543e+04  3.2640914739e+04  4.3446662922e+04  5.5796088562e+04
    13.950  1.0367884114e+00  2.2411331525e+02  1.7798590873e+03  4.8895802272e+03  9.5540581855e+03  1.5773340277e+04  2.3547435598e+04  3.2876346876e+04  4.3760075155e+04  5.6198620905e+04
    14.000  1.0366537428e+00  2.2561040641e+02  1.7925360343e+03  4.9246171466e+03  9.6226351296e+03  1.5886637269e+04  2.3716632656e+04  3.3112624014e+04  4.4074612388e+04  5.6602598248e+04
    14.050  1.0365200552e+00  2.2711250059e+02  1.8052579854e+03  4.9597790703e+03  9.6914570777e+03  1.6000339265e+04  2.3886434716e+04  3.3349746154e+04  4.4390274623e+04  5.7008020591e+04
    14.100  1.0363873379e+00  2.2861959775e+02  1.8180249407e+03  4.9950659983e+03  9.7605240298e+03  1.6114446264e+04  2.4056841779e+04  3.3587713296e+04  4.4707061858e+04  5.7414887934e+04
    14.150  1.0362555804e+00  2.3013169785e+02  1.8308369000e+03  5.0304779304e+03  9.8298359857e+03  1.6228958266e+04  2.4227853845e+04  3.3826525440e+04  4.5024974094e+04  5.7823200276e+04
    14.200  1.0361247723e+00  2.3164880087e+02  1.8436938633e+03  5.0660148667e+03  9.8993929454e+03  1.6343875272e+04  2.4399470914e+04  3.4066182586e+04  4.5344011331e+04  5.8232957618e+04
    14.250  1.0359949035e+00  2.3317090677e+02  1.8565958305e+03  5.1016768070e+03  9.9691949089e+03  1.6459197281e+04  2.4571692985e+04  3.4306684734e+04  4.5664173569e+04  5.8644159960e+04
    14.300  1.0358659638e+00  2.3469801552e+02  1.8695428016e+03  5.1374637514e+03  1.0039241876e+04  1.6574924294e+04  2.4744520058e+04  3.4548031883e+04  4.5985460808e+04  5.9056807301e+04
    14.350  1.0357379434e+00  2.3623012709e+02  1.8825347767e+03  5.1733756998e+03  1.0109533847e+04  1.6691056309e+04  2.4917952134e+04  3.4790224034e+04  4.6307873047e+04  5.9470899643e+04
    14.400  1.0356108324e+00  2.3776724144e+02  1.8955717555e+03  5.2094126521e+03  1.0180070822e+04  1.6807593328e+04  2.5091989213e+04  3.5033261187e+04  4.6631410288e+04  5.9886436984e+04
    14.450  1.0354846213e+00  2.3930935856e+02  1.9086537381e+03  5.2455746084e+03  1.0250852800e+04  1.6924535350e+04  2.5266631295e+04  3.5277143342e+04  4.6956072529e+04  6.0303419324e+04
    14.500  1.0353593004e+00  2.4085647841e+02  1.9217807245e+03  5.2818615686e+03  1.0321879782e+04  1.7041882375e+04  2.5441878378e+04  3.5521870498e+04  4.7281859771e+04  6.0721846665e+04
    14.550  1.0352348605e+00  2.4240860096e+02  1.9349527145e+03  5.3182735325e+03  1.0393151768e+04  1.7159634403e+04  2.5617730465e+04  3.5767442656e+04  4.7608772014e+04  6.1141719006e+04
    14.600  1.0351112923e+00  2.4396572618e+02  1.9481697082e+03  5.3548105003e+03  1.0464668757e+04  1.7277791434e+04  2.5794187553e+04  3.6013859816e+04  4.7936809258e+04  6.1563036346e+04
    14.650  1.0349885866e+00  2.4552785404e+02  1.9614317056e+03  5.3914724718e+03  1.0536430749e+04  1.7396353469e+04  2.5971249645e+04  3.6261121977e+04  4.8265971503e+04  6.1985798686e+04
    14.700  1.0348667346e+00  2.4709498452e+02  1.9747387065e+03  5.4282594470e+03  1.0608437745e+04  1.7515320506e+04  2.6148916738e+04  3.6509229141e+04  4.8596258748e+04  6.2410006026e+04
    14.750  1.0347457273e+00  2.4866711758e+02  1.9880907109e+03  5.4651714259e+03  1.0680689745e+04  1.7634692546e+04  2.6327188834e+04  3.6758181306e+04  4.8927670994e+04  6.2835658366e+04
    14.800  1.0346255559e+00  2.5024425321e+02  2.0014877189e+03  5.5022084085e+03  1.0753186747e+04  1.7754469590e+04  2.6506065933e+04  3.7007978472e+04  4.9260208241e+04  6.3262755706e+04
    14.850  1.0345062119e+00  2.5182639137e+02  2.0149297303e+03  5.5393703946e+03  1.0825928754e+04  1.7874651636e+04  2.6685548034e+04  3.7258620641e+04  4.9593870490e+04  6.3691298045e+04
    14.900  1.0343876868e+00  2.5341353204e+02  2.0284167452e+03  5.5766573843e+03  1.0898915763e+04  1.7995238685e+04  2.6865635137e+04  3.7510107811e+04  4.9928657738e+04  6.4121285385e+04
    14.950  1.0342699722e+00  2.5500567519e+02  2.0419487635e+03  5.6140693775e+03  1.0972147776e+04  1.8116230737e+04  2.7046327242e+04  3.7762439982e+04  5.0264569988e+04  6.4552717725e+04
    15.000  1.0341530597e+00  2.5660282080e+02  2.0555257851e+03  5.6516063742e+03  1.1045624792e+04  1.8237627792e+04  2.7227624350e+04  3.8015617155e+04  5.0601607239e+04  6.4985595064e+04
    15.050  1.0340369413e+00  2.5820496884e+02  2.0691478100e+03  5.6892683743e+03  1.1119346811e+04  1.8359429849e+04  2.7409526460e+04  3.8269639330e+04  5.0939769490e+04  6.5419917404e+04
    15.100  1.0339216088e+00  2.5981211928e+02  2.0828148383e+03  5.7270553779e+03  1.1193313833e+04  1.8481636910e+04  2.7592033572e+04  3.8524506507e+04  5.1279056743e+04  6.5855684743e+04
    15.150  1.0338070544e+00  2.6142427211e+02  2.0965268698e+03  5.7649673848e+03  1.1267525859e+04  1.8604248973e+04  2.7775145687e+04  3.8780218685e+04  5.1619468995e+04  6.6292897083e+04
    15.200  1.0336932703e+00  2.6304142729e+02  2.1102839045e+03  5.8030043951e+03  1.1341982888e+04  1.8727266039e+04  2.7958862804e+04  3.9036775864e+04  5.1961006250e+04  6.6731554422e+04
    15.250  1.0335802485e+00  2.6466358481e+02  2.1240859424e+03  5.8411664087e+03  1.1416684920e+04  1.8850688107e+04  2.8143184922e+04  3.9294178046e+04  5.2303668505e+04  6.7171656762e+04
    15.300  1.0334679817e+00  2.6629074463e+02  2.1379329835e+03  5.8794534255e+03  1.1491631954e+04  1.8974515179e+04  2.8328112044e+04  3.9552425228e+04  5.2647455760e+04  6.7613204101e+04
    15.350  1.0333564621e+00  2.6792290674e+02  2.1518250277e+03  5.9178654457e+03  1.1566823992e+04  1.9098747253e+04  2.8513644167e+04  3.9811517413e+04  5.2992368017e+04  6.8056196440e+04
    15.400  1.0332456824e+00  2.6956007112e+02  2.1657620750e+03  5.9564024690e+03  1.1642261033e+04  1.9223384329e+04  2.8699781292e+04  4.0071454599e+04  5.3338405274e+04  6.8500633780e+04
    15.450  1.0331356353e+00  2.7120223773e+02  2.1797441253e+03  5.9950644955e+03  1.1717943077e+04  1.9348426408e+04  2.8886523420e+04  4.0332236786e+04  5.3685567532e+04  6.8946516119e+04
    15.500  1.0330263135e+00  2.7284940656e+02  2.1937711787e+03  6.0338515251e+03  1.1793870124e+04  1.9473873490e+04  2.9073870550e+04  4.0593863975e+04  5.4033854791e+04  6.9393843459e+04
    15.550  1.0329177099e+00  2.7450157759e+02  2.2078432351e+03  6.0727635579e+03  1.1870042173e+04  1.9599725574e+04  2.9261822682e+04  4.0856336166e+04  5.4383267051e+04  6.9842615799e+04
    15.600  1.0328098175e+00  2.7615875079e+02  2.2219602944e+03  6.1118005937e+03  1.1946459226e+04  1.9725982661e+04  2.9450379815e+04  4.1119653358e+04  5.4733804312e+04  7.0292833138e+04
    15.650  1.0327026292e+00  2.7782092614e+02  2.2361223567e+03  6.1509626326e+03  1.2023121282e+04  1.9852644751e+04  2.9639541951e+04  4.1383815551e+04  5.5085466573e+04  7.0744495478e+04
    15.700  1.0325961382e+00  2.7948810363e+02  2.2503294219e+03  6.1902496745e+03  1.2100028340e+04  1.9979711843e+04  2.9829309089e+04  4.1648822746e+04  5.5438253836e+04  7.1197602818e+04
    15.750  1.0324903378e+00  2.8116028323e+02  2.2645814900e+03  6.2296617195e+03  1.2177180401e+04  2.0107183937e+04  3.0019681229e+04  4.1914674943e+04  5.5792166099e+04  7.1652155158e+04
    15.800  1.0323852213e+00  2.8283746491e+02  2.2788785609e+03  6.2691987673e+03  1.2254577465e+04  2.0235061034e+04  3.0210658371e+04  4.2181372141e+04  5.6147203362e+04  7.2108152498e+04
    15.850  1.0322807820e+00  2.8451964867e+02  2.2932206347e+03  6.3088608181e+03  1.2332219531e+04  2.0363343133e+04  3.0402240515e+04  4.2448914340e+04  5.6503365628e+04  7.2565594838e+04
    15.900  1.0321770134e+00  2.8620683447e+02  2.3076077112e+03  6.3486478719e+03  1.2410106601e+04  2.0492030235e+04  3.0594427661e+04  4.2717301541e+04  5.6860652894e+04  7.3024482179e+04
    15.950  1.0320739092e+00  2.8789902230e+02  2.3220397905e+03  6.3885599285e+03  1.2488238673e+04  2.0621122339e+04  3.0787219809e+04  4.2986533743e+04  5.7219065161e+04  7.3484814519e+04
    16.000  1.0319714629e+00  2.8959621215e+02  2.3365168726e+03  6.4285969879e+03  1.2566615748e+04  2.0750619445e+04  3.0980616959e+04  4.3256610947e+04  5.7578602428e+04  7.3946591860e+04
    16.050  1.0318696683e+00  2.9129840398e+02  2.3510389574e+03  6.4687590502e+03  1.2645237825e+04  2.0880521554e+04  3.1174619111e+04  4.3527533152e+04  5.7939264696e+04  7.4409814200e+04
    16.100  1.0317685192e+00  2.9300559778e+02  2.3656060449e+03  6.5090461153e+03  1.2724104905e+04  2.1010828665e+04  3.1369226265e+04  4.3799300359e+04  5.8301051965e+04  7.4874481541e+04
    16.150  1.0316680095e+00  2.9471779354e+02  2.3802181350e+03  6.5494581831e+03  1.2803216988e+04  2.1141540779e+04  3.1564438420e+04  4.4071912566e+04  5.8663964234e+04  7.5340593882e+04
    16.200  1.0315681331e+00  2.9643499123e+02  2.3948752278e+03  6.5899952537e+03  1.2882574073e+04  2.1272657894e+04  3.1760255578e+04  4.4345369776e+04  5.9028001505e+04  7.5808151223e+04
    16.250  1.0314688842e+00  2.9815719083e+02  2.4095773232e+03  6.6306573270e+03  1.2962176161e+04  2.1404180012e+04  3.1956677737e+04  4.4619671987e+04  5.9393163777e+04  7.6277153565e+04
    16.300  1.0313702567e+00  2.9988439234e+02  2.4243244211e+03  6.6714444030e+03  1.3042023251e+04  2.1536107132e+04  3.2153704898e+04  4.4894819199e+04  5.9759451049e+04  7.6747600906e+04
    16.350  1.0312722448e+00  3.0161659572e+02  2.4391165217e+03  6.7123564817e+03  1.3122115344e+04  2.1668439255e+04  3.2351337061e+04  4.5170811412e+04  6.0126863322e+04  7.7219493248e+04
    16.400  1.0311748430e+00  3.0335380096e+02  2.4539536247e+03  6.7533935630e+03  1.3202452439e+04  2.1801176379e+04  3.2549574226e+04  4.5447648627e+04  6.0495400596e+04  7.7692830590e+04
    16.450  1.0310780454e+00  3.0509600805e+02  2.4688357303e+03  6.7945556469e+03  1.3283034537e+04  2.1934318506e+04  3.2748416393e+04  4.5725330843e+04  6.0865062870e+04  7.8167612932e+04
    16.500  1.0309818464e+00  3.0684321696e+02  2.4837628384e+03  6.8358427334e+03  1.3363861637e+04  2.2067865635e+04  3.2947863562e+04  4.6003858061e+04  6.1235850146e+04  7.8643840274e+04
    16.550  1.0308862407e+00  3.0859542768e+02  2.4987349489e+03  6.8772548225e+03  1.3444933739e+04  2.2201817766e+04  3.3147915732e+04  4.6283230279e+04  6.1607762422e+04  7.9121512616e+04
    16.600  1.0307912226e+00  3.1035264020e+02  2.5137520619e+03  6.9187919141e+03  1.3526250844e+04  2.2336174899e+04  3.3348572904e+04  4.6563447500e+04  6.1980799700e+04  7.9600629959e+04
    16.650  1.0306967867e+00  3.1211485449e+02  2.5288141773e+03  6.9604540082e+03  1.3607812952e+04  2.2470937034e+04  3.3549835078e+04  4.6844509721e+04  6.2354961977e+04  8.0081192302e+04
    16.700  1.0306029278e+00  3.1388207054e+02  2.5439212951e+03  7.0022411049e+03  1.3689620061e+04  2.2606104172e+04  3.3751702253e+04  4.7126416944e+04  6.2730249255e+04  8.0563199645e+04
    16.750  1.0305096407e+00  3.1565428833e+02  2.5590734153e+03  7.0441532040e+03  1.3771672173e+04  2.2741676311e+04  3.3954174430e+04  4.7409169168e+04  6.3106661536e+04  8.1046651988e+04
    16.800  1.0304169199e+00  3.1743150786e+02  2.5742705378e+03  7.0861903056e+03  1.3853969288e+04  2.2877653453e+04  3.4157251609e+04  4.7692766393e+04  6.3484198816e+04  8.1531549331e+04
    16.850  1.0303247606e+00  3.1921372909e+02  2.5895126627e+03  7.1283524095e+03  1.3936511404e+04  2.3014035596e+04  3.4360933790e+04  4.7977208620e+04  6.3862861097e+04  8.2017891675e+04
    16.900  1.0302331575e+00  3.2100095202e+02  2.6047997899e+03  7.1706395159e+03  1.4019298523e+04  2.3150822742e+04  3.4565220972e+04  4.8262495848e+04  6.4242648379e+04  8.2505679019e+04
    16.950  1.0301421056e+00  3.2279317663e+02  2.6201319193e+03  7.2130516247e+03  1.4102330644e+04  2.3288014889e+04  3.4770113156e+04  4.8548628077e+04  6.4623560661e+04  8.2994911363e+04
    17.000  1.0300516001e+00  3.2459040290e+02  2.6355090511e+03  7.2555887359e+03  1.4185607768e+04  2.3425612039e+04  3.4975610342e+04  4.8835605308e+04  6.5005597946e+04  8.3485588707e+04
    17.050  1.0299616359e+00  3.2639263083e+02  2.6509311850e+03  7.2982508493e+03  1.4269129893e+04  2.3563614191e+04  3.5181712529e+04  4.9123427539e+04  6.5388760229e+04  8.3977711052e+04
    17.100  1.0298722083e+00  3.2819986039e+02  2.6663983212e+03  7.3410379651e+03  1.4352897021e+04  2.3702021344e+04  3.5388419718e+04  4.9412094772e+04  6.5773047515e+04  8.4471278397e+04
    17.150  1.0297833125e+00  3.3001209157e+02  2.6819104596e+03  7.3839500833e+03  1.4436909151e+04  2.3840833499e+04  3.5595731909e+04  4.9701607006e+04  6.6158459800e+04  8.4966290742e+04
    17.200  1.0296949437e+00  3.3182932436e+02  2.6974676002e+03  7.4269872036e+03  1.4521166283e+04  2.3980050657e+04  3.5803649101e+04  4.9991964242e+04  6.6544997087e+04  8.5462748087e+04
    17.250  1.0296070973e+00  3.3365155874e+02  2.7130697430e+03  7.4701493263e+03  1.4605668417e+04  2.4119672816e+04  3.6012171294e+04  5.0283166478e+04  6.6932659373e+04  8.5960650433e+04
    17.300  1.0295197687e+00  3.3547879469e+02  2.7287168879e+03  7.5134364511e+03  1.4690415554e+04  2.4259699977e+04  3.6221298490e+04  5.0575213716e+04  6.7321446661e+04  8.6459997779e+04
    17.350  1.0294329533e+00  3.3731103221e+02  2.7444090349e+03  7.5568485782e+03  1.4775407692e+04  2.4400132140e+04  3.6431030687e+04  5.0868105955e+04  6.7711358950e+04  8.6960790125e+04
    17.400  1.0293466466e+00  3.3914827128e+02  2.7601461841e+03  7.6003857075e+03  1.4860644833e+04  2.4540969305e+04  3.6641367885e+04  5.1161843195e+04  6.8102396240e+04  8.7463027471e+04
    17.450  1.0292608441e+00  3.4099051188e+02  2.7759283353e+03  7.6440478390e+03  1.4946126975e+04  2.4682211471e+04  3.6852310085e+04  5.1456425437e+04  6.8494558530e+04  8.7966709818e+04
    17.500  1.0291755415e+00  3.4283775401e+02  2.7917554886e+03  7.6878349726e+03  1.5031854120e+04  2.4823858640e+04  3.7063857286e+04  5.1751852679e+04  6.8887845821e+04  8.8471837165e+04
    17.550  1.0290907343e+00  3.4468999765e+02  2.8076276439e+03  7.7317471084e+03  1.5117826266e+04  2.4965910810e+04  3.7276009490e+04  5.2048124923e+04  6.9282258114e+04  8.8978409512e+04
    17.600  1.0290064184e+00  3.4654724278e+02  2.8235448013e+03  7.7757842463e+03  1.5204043415e+04  2.5108367982e+04  3.7488766694e+04  5.2345242168e+04  6.9677795406e+04  8.9486426860e+04
    17.650  1.0289225894e+00  3.4840948939e+02  2.8395069607e+03  7.8199463863e+03  1.5290505566e+04  2.5251230156e+04  3.7702128900e+04  5.2643204414e+04  7.0074457699e+04  8.9995889207e+04
    17.700  1.0288392432e+00  3.5027673748e+02  2.8555141221e+03  7.8642335284e+03  1.5377212718e+04  2.5394497332e+04  3.7916096108e+04  5.2942011661e+04  7.0472244993e+04  9.0506796555e+04
    17.750  1.0287563755e+00  3.5214898702e+02  2.8715662855e+03  7.9086456725e+03  1.5464164873e+04  2.5538169509e+04  3.8130668317e+04  5.3241663909e+04  7.0871157287e+04  9.1019148904e+04
    17.800  1.0286739823e+00  3.5402623800e+02  2.8876634508e+03  7.9531828187e+03  1.5551362029e+04  2.5682246688e+04  3.8345845527e+04  5.3542161159e+04  7.1271194584e+04  9.1532946252e+04
    17.850  1.0285920596e+00  3.5590849042e+02  2.9038056181e+03  7.9978449670e+03  1.5638804188e+04  2.5826728869e+04  3.8561627739e+04  5.3843503409e+04  7.1672356880e+04  9.2048188601e+04
    17.900  1.0285106032e+00  3.5779574425e+02  2.9199927873e+03  8.0426321172e+03  1.5726491348e+04  2.5971616052e+04  3.8778014953e+04  5.4145690661e+04  7.2074644176e+04  9.2564875950e+04
    17.950  1.0284296093e+00  3.5968799950e+02  2.9362249585e+03  8.0875442695e+03  1.5814423510e+04  2.6116908236e+04  3.8995007167e+04  5.4448722914e+04  7.2478056474e+04  9.3083008300e+04
    18.000  1.0283490739e+00  3.6158525614e+02  2.9525021315e+03  8.1325814237e+03  1.5902600674e+04  2.6262605422e+04  3.9212604383e+04  5.4752600168e+04  7.2882593773e+04  9.3602585650e+04
    18.050  1.0282689931e+00  3.6348751416e+02  2.9688243064e+03  8.1777435799e+03  1.5991022840e+04  2.6408707610e+04  3.9430806601e+04  5.5057322423e+04  7.3288256072e+04  9.4123608000e+04
    18.100  1.0281893631e+00  3.6539477355e+02  2.9851914832e+03  8.2230307380e+03  1.6079690008e+04  2.6555214799e+04  3.9649613820e+04  5.5362889679e+04  7.3695043373e+04  9.4646075350e+04
    18.150  1.0281101802e+00  3.6730703431e+02  3.0016036618e+03  8.2684428981e+03  1.6168602178e+04  2.6702126990e+04  3.9869026041e+04  5.5669301936e+04  7.4102955673e+04  9.5169987701e+04
    18.200  1.0280314404e+00  3.6922429641e+02  3.0180608422e+03  8.3139800600e+03  1.6257759349e+04  2.6849444182e+04  4.0089043263e+04  5.5976559194e+04  7.4511992974e+04  9.5695345052e+04
    18.250  1.0279531403e+00  3.7114655985e+02  3.0345630245e+03  8.3596422239e+03  1.6347161522e+04  2.6997166376e+04  4.0309665486e+04  5.6284661453e+04  7.4922155276e+04  9.6222147403e+04
    18.300  1.0278752760e+00  3.7307382461e+02  3.0511102086e+03  8.4054293897e+03  1.6436808697e+04  2.7145293572e+04  4.0530892710e+04  5.6593608714e+04  7.5333442579e+04  9.6750394754e+04
    18.350  1.0277978439e+00  3.7500609069e+02  3.0677023944e+03  8.4513415573e+03  1.6526700874e+04  2.7293825769e+04  4.0752724937e+04  5.6903400975e+04  7.5745854882e+04  9.7280087106e+04
    18.400  1.0277208406e+00  3.7694335808e+02  3.0843395820e+03  8.4973787267e+03  1.6616838053e+04  2.7442762968e+04  4.0975162164e+04  5.7214038238e+04  7.6159392187e+04  9.7811224458e+04
    18.450  1.0276442623e+00  3.7888562675e+02  3.1010217714e+03  8.5435408980e+03  1.6707220233e+04  2.7592105169e+04  4.1198204392e+04  5.7525520501e+04  7.6574054492e+04  9.8343806811e+04
    18.500  1.0275681057e+00  3.8083289671e+02  3.1177489625e+03  8.5898280712e+03  1.6797847415e+04  2.7741852371e+04  4.1421851622e+04  5.7837847766e+04  7.6989841797e+04  9.8877834164e+04
    18.550  1.0274923672e+00  3.8278516794e+02  3.1345211554e+03  8.6362402461e+03  1.6888719599e+04  2.7892004574e+04  4.1646103853e+04  5.8151020031e+04  7.7406754103e+04  9.9413306517e+04
    18.600  1.0274170434e+00  3.8474244043e+02  3.1513383499e+03  8.6827774228e+03  1.6979836784e+04  2.8042561780e+04  4.1870961086e+04  5.8465037298e+04  7.7824791410e+04  9.9950223870e+04
    18.650  1.0273421309e+00  3.8670471417e+02  3.1682005461e+03  8.7294396013e+03  1.7071198971e+04  2.8193523986e+04  4.2096423320e+04  5.8779899565e+04  7.8243953719e+04  1.0048858622e+05
    18.700  1.0272676264e+00  3.8867198915e+02  3.1851077441e+03  8.7762267815e+03  1.7162806160e+04  2.8344891194e+04  4.2322490555e+04  5.9095606834e+04  7.8664241025e+04  1.0102839358e+05
    18.750  1.0271935266e+00  3.9064426537e+02  3.2020599437e+03  8.8231389635e+03  1.7254658350e+04  2.8496663404e+04  4.2549162791e+04  5.9412159104e+04  7.9085653335e+04  1.0156964593e+05
    18.800  1.0271198281e+00  3.9262154280e+02  3.2190571449e+03  8.8701761472e+03  1.7346755542e+04  2.8648840615e+04  4.2776440029e+04  5.9729556374e+04  7.9508190645e+04  1.0211234329e+05
    18.850  1.0270465276e+00  3.9460382144e+02  3.2360993478e+03  8.9173383327e+03  1.7439097736e+04  2.8801422828e+04  4.3004322268e+04  6.0047798646e+04  7.9931852956e+04  1.0265648564e+05
    18.900  1.0269736221e+00  3.9659110128e+02  3.2531865524e+03  8.9646255198e+03  1.7531684931e+04  2.8954410042e+04  4.3232809508e+04  6.0366885919e+04  8.0356640265e+04  1.0320207300e+05
    18.950  1.0269011083e+00  3.9858338231e+02  3.2703187585e+03  9.0120377087e+03  1.7624517128e+04  2.9107802257e+04  4.3461901750e+04  6.0686818192e+04  8.0782552578e+04  1.0374910535e+05
    19.000  1.0268289830e+00  4.0058066452e+02  3.2874959662e+03  9.0595748992e+03  1.7717594327e+04  2.9261599474e+04  4.3691598992e+04  6.1007595467e+04  8.1209589892e+04  1.0429758271e+05
    19.050  1.0267572432e+00  4.0258294790e+02  3.3047181756e+03  9.1072370913e+03  1.7810916527e+04  2.9415801693e+04  4.3921901235e+04  6.1329217742e+04  8.1637752203e+04  1.0484750507e+05
    19.100  1.0266858858e+00  4.0459023245e+02  3.3219853865e+03  9.1550242852e+03  1.7904483728e+04  2.9570408912e+04  4.4152808481e+04  6.1651685019e+04  8.2067039518e+04  1.0539887242e+05
    19.150  1.0266149077e+00  4.0660251815e+02  3.3392975989e+03  9.2029364806e+03  1.7998295932e+04  2.9725421133e+04  4.4384320727e+04  6.1974997296e+04  8.2497451833e+04  1.0595168478e+05
    19.200  1.0265443059e+00  4.0861980499e+02  3.3566548130e+03  9.2509736777e+03  1.8092353136e+04  2.9880838356e+04  4.4616437974e+04  6.2299154575e+04  8.2928989147e+04  1.0650594214e+05
    19.250  1.0264740774e+00  4.1064209296e+02  3.3740570285e+03  9.2991358764e+03  1.8186655343e+04  3.0036660580e+04  4.4849160222e+04  6.2624156854e+04  8.3361651462e+04  1.0706164449e+05
    19.300  1.0264042193e+00  4.1266938206e+02  3.3915042456e+03  9.3474230766e+03  1.8281202550e+04  3.0192887805e+04  4.5082487473e+04  6.2950004134e+04  8.3795438778e+04  1.0761879185e+05
    19.350  1.0263347287e+00  4.1470167228e+02  3.4089964642e+03  9.3958352785e+03  1.8375994760e+04  3.0349520032e+04  4.5316419724e+04  6.3276696415e+04  8.4230351096e+04  1.0817738421e+05
    19.400  1.0262656026e+00  4.1673896360e+02  3.4265336843e+03  9.4443724819e+03  1.8471031971e+04  3.0506557260e+04  4.5550956976e+04  6.3604233698e+04  8.4666388413e+04  1.0873742157e+05
    19.450  1.0261968383e+00  4.1878125602e+02  3.4441159059e+03  9.4930346869e+03  1.8566314183e+04  3.0663999490e+04  4.5786099229e+04  6.3932615981e+04  8.5103550731e+04  1.0929890393e+05
    19.500  1.0261284328e+00  4.2082854953e+02  3.4617431289e+03  9.5418218935e+03  1.8661841397e+04  3.0821846720e+04  4.6021846484e+04  6.4261843265e+04  8.5541838052e+04  1.0986183129e+05
    19.550  1.0260603834e+00  4.2288084413e+02  3.4794153535e+03  9.5907341016e+03  1.8757613612e+04  3.0980098952e+04  4.6258198739e+04  6.4591915549e+04  8.5981250370e+04  1.1042620365e+05
    19.600  1.0259926873e+00  4.2493813979e+02  3.4971325794e+03  9.6397713112e+03  1.8853630829e+04  3.1138756186e+04  4.6495155996e+04  6.4922832835e+04  8.6421787692e+04  1.1099202101e+05
    19.650  1.0259253417e+00  4.2700043652e+02  3.5148948069e+03  9.6889335223e+03  1.8949893047e+04  3.1297818420e+04  4.6732718254e+04  6.5254595122e+04  8.6863450011e+04  1.1155928337e+05
    19.700  1.0258583441e+00  4.2906773431e+02  3.5327020357e+03  9.7382207349e+03  1.9046400266e+04  3.1457285656e+04  4.6970885512e+04  6.5587202410e+04  8.7306237333e+04  1.1212799073e+05
    19.750  1.0257916915e+00  4.3114003314e+02  3.5505542660e+03  9.7876329490e+03  1.9143152487e+04  3.1617157894e+04  4.7209657772e+04  6.5920654698e+04  8.7750149654e+04  1.1269814309e+05
    19.800  1.0257253815e+00  4.3321733301e+02  3.5684514977e+03  9.8371701645e+03  1.9240149710e+04  3.1777435132e+04  4.7449035034e+04  6.6254951987e+04  8.8195186977e+04  1.1326974045e+05
    19.850  1.0256594114e+00  4.3529963392e+02  3.5863937307e+03  9.8868323816e+03  1.9337391933e+04  3.1938117372e+04  4.7689017296e+04  6.6590094278e+04  8.8641349301e+04  1.1384278281e+05
    19.900  1.0255937785e+00  4.3738693585e+02  3.6043809652e+03  9.9366196000e+03  1.9434879158e+04  3.2099204613e+04  4.7929604559e+04  6.6926081569e+04  8.9088636626e+04  1.1441727017e+05
    19.950  1.0255284803e+00  4.3947923879e+02  3.6224132010e+03  9.9865318200e+03  1.9532611385e+04  3.2260696855e+04  4.8170796824e+04  6.7262913861e+04  8.9537048950e+04  1.1499320254e+05
    20.000  1.0254635142e+00  4.4157654275e+02  3.6404904383e+03  1.0036569041e+04  1.9630588613e+04  3.2422594099e+04  4.8412594089e+04  6.7600591154e+04  8.9986586275e+04  1.1557057990e+05
