 #   eta         5                 6                 7                 8                 9                10
     0.000  3.0000000000e+01  4.2000000000e+01  5.6000000000e+01  7.2000000000e+01  9.0000000000e+01  1.1000000000e+02
     0.050  3.0257837688e+01  4.2272382971e+01  5.6289612797e+01  7.2309445531e+01  9.0331840949e+01  1.1035677733e+02
     0.100  3.0531941171e+01  4.2591129812e+01  5.6660804079e+01  7.2740774768e+01  9.0830946377e+01  1.1093126657e+02
     0.150  3.0823214985e+01  4.2958793603e+01  5.7117563066e+01  7.3299359528e+01  9.1504093156e+01  1.1173171227e+02
     0.200  3.1132586593e+01  4.3378148875e+01  5.7664547462e+01  7.3991855903e+01  9.2360093229e+01  1.1276926325e+02
     0.250  3.1461003036e+01  4.3852207206e+01  5.8307156896e+01  7.4826357386e+01  9.3410041744e+01  1.1405832854e+02
     0.300  3.1809426960e+01  4.4384231029e+01  5.9051610879e+01  7.5812573114e+01  9.4667623619e+01  1.1561703569e+02
     0.350  3.2178832002e+01  4.4977744600e+01  5.9905029661e+01  7.6962032688e+01  9.6149487296e+01  1.1746781145e+02
     0.400  3.2570197516e+01  4.5636540841e+01  6.0875515190e+01  7.8288317216e+01  9.7875693864e+01  1.1963810755e+02
     0.450  3.2984502697e+01  4.6364682454e+01  6.1972227632e+01  7.9807313025e+01  9.9870247197e+01  1.2216129599e+02
     0.500  3.3422720136e+01  4.7166495471e+01  6.3205450694e+01  8.1537479166e+01  1.0216170449e+02  1.2507775511e+02
     0.550  3.3885808951e+01  4.8046553180e+01  6.4586636091e+01  8.3500111516e+01  1.0478385384e+02  1.2843615661e+02
     0.600  3.4374707631e+01  4.9009648290e+01  6.6128414150e+01  8.5719573955e+01  1.0777642239e+02  1.3229493417e+02
     0.650  3.4890326814e+01  5.0060751363e+01  6.7844553957e+01  8.8223449976e+01  1.1118573886e+02  1.3672385319e+02
     0.700  3.5433542249e+01  5.1204954004e+01  6.9749853449e+01  9.1042546434e+01  1.1506521302e+02  1.4180548604e+02
     0.750  3.6005188236e+01  5.2447396245e+01  7.1859938600e+01  9.4210657632e+01  1.1947540754e+02  1.4763620069e+02
     0.800  3.6606051844e+01  5.3793178988e+01  7.4190953412e+01  9.7763979874e+01  1.2448337441e+02  1.5432597698e+02
     0.850  3.7236868197e+01  5.5247264299e+01  7.6759130993e+01  1.0174006813e+02  1.3016084327e+02  1.6199601287e+02
     0.900  3.7898317110e+01  5.6814368606e+01  7.9580252660e+01  1.0617626854e+02  1.3658086509e+02  1.7077285577e+02
     0.950  3.8591021257e+01  5.8498856064e+01  8.2669026775e+01  1.1110766401e+02  1.4381275818e+02  1.8077811712e+02
     1.000  3.9315545982e+01  6.0304641019e+01  8.6038448235e+01  1.1656473796e+02  1.5191578322e+02  1.9211427253e+02
     1.050  4.0072400777e+01  6.2235109014e+01  8.9699224462e+01  1.2257115192e+02  1.6093281111e+02  2.0484971963e+02
     1.100  4.0862042297e+01  6.4293064705e+01  9.3659362271e+01  1.2914215015e+02  1.7088590142e+02  2.1900874926e+02
     1.150  4.1684878716e+01  6.6480712223e+01  9.7923992192e+01  1.3628403704e+02  1.8177551250e+02  2.3457158053e+02
     1.200  4.2541275125e+01  6.8799669408e+01  1.0249546203e+02  1.4399488752e+02  1.9358375614e+02  2.5148490790e+02
     1.250  4.3431559620e+01  7.1251012778e+01  1.0737367299e+02  1.5226626162e+02  2.0628039767e+02  2.6967781649e+02
     1.300  4.4356029709e+01  7.3835346158e+01  1.1255658141e+02  1.6108540943e+02  2.1982939539e+02  2.8907631808e+02
     1.350  4.5314958688e+01  7.6552883596e+01  1.1804076560e+02  1.7043741469e+02  2.3419417045e+02  3.0961266437e+02
     1.400  4.6308601662e+01  7.9403536741e+01  1.2382196598e+02  1.8030690153e+02  2.4934089650e+02  3.3122936369e+02
     1.450  4.7337200994e+01  8.2386998295e+01  1.2989553664e+02  1.9067917511e+02  2.6524001725e+02  3.5387969575e+02
     1.500  4.8400990993e+01  8.5502815583e+01  1.3625678269e+02  2.0154085073e+02  2.8186657512e+02  3.7752654558e+02
     1.550  4.9500201764e+01  8.8750451059e+01  1.4290118620e+02  2.1288010794e+02  2.9919990431e+02  4.0214071869e+02
     1.600  5.0635062208e+01  9.2129329011e+01  1.4982453959e+02  2.2468670959e+02  3.1722306489e+02  4.2769929912e+02
     1.650  5.1805802201e+01  9.5638869416e+01  1.5702301059e+02  2.3695189420e+02  3.3592222681e+02  4.5418425445e+02
     1.700  5.3012654034e+01  9.9278510888e+01  1.6449316116e+02  2.4966821298e+02  3.5528610089e+02  4.8158132247e+02
     1.750  5.4255853221e+01  1.0304772500e+02  1.7223193790e+02  2.6282935294e+02  3.7530545138e+02  5.0987914920e+02
     1.800  5.5535638784e+01  1.0694602414e+02  1.8023664677e+02  2.7642996772e+02  3.9597269446e+02  5.3906863064e+02
     1.850  5.6852253121e+01  1.1097296484e+02  1.8850492029e+02  2.9046552582e+02  4.1728157442e+02  5.6914241250e+02
     1.900  5.8205941582e+01  1.1512814798e+02  1.9703468252e+02  3.0493217916e+02  4.3922690515e+02  6.0009450992e+02
     1.950  5.9596951822e+01  1.1941121715e+02  2.0582411476e+02  3.1982665156e+02  4.6180436490e+02  6.3192001730e+02
     2.000  6.1025533016e+01  1.2382185582e+02  2.1487162359e+02  3.3514614537e+02  4.8501033328e+02  6.6461488579e+02
     2.050  6.2491935012e+01  1.2835978394e+02  2.2417581190e+02  3.5088826380e+02  5.0884176176e+02  6.9817575157e+02
     2.100  6.3996407448e+01  1.3302475442e+02  2.3373545327e+02  3.6705094649e+02  5.3329607039e+02  7.3259980248e+02
     2.150  6.5539198890e+01  1.3781654961e+02  2.4354946942e+02  3.8363241623e+02  5.5837106518e+02  7.6788467360e+02
     2.200  6.7120556002e+01  1.4273497789e+02  2.5361691064e+02  4.0063113476e+02  5.8406487164e+02  8.0402836506e+02
     2.250  6.8740722775e+01  1.4777987066e+02  2.6393693881e+02  4.1804576617e+02  6.1037588112e+02  8.4102917680e+02
     2.300  7.0399939829e+01  1.5295107947e+02  2.7450881283e+02  4.3587514646e+02  6.3730270725e+02  8.7888565650e+02
     2.350  7.2098443780e+01  1.5824847356e+02  2.8533187600e+02  4.5411825814e+02  6.6484415038e+02  9.1759655768e+02
     2.400  7.3836466689e+01  1.6367193762e+02  2.9640554517e+02  4.7277420905e+02  6.9299916846e+02  9.5716080589e+02
     2.450  7.5614235590e+01  1.6922136981e+02  3.0772930143e+02  4.9184221458e+02  7.2176685303e+02  9.9757747110e+02
     2.500  7.7431972082e+01  1.7489668007e+02  3.1930268206e+02  5.1132158272e+02  7.5114640935e+02  1.0388457452e+03
     2.550  7.9289892002e+01  1.8069778861e+02  3.3112527361e+02  5.3121170145e+02  7.8113713987e+02  1.0809649234e+03
     2.600  8.1188205155e+01  1.8662462462e+02  3.4319670589e+02  5.5151202803e+02  8.1173843046e+02  1.1239343889e+03
     2.650  8.3127115111e+01  1.9267712513e+02  3.5551664678e+02  5.7222207996e+02  8.4294973876e+02  1.1677536002e+03
     2.700  8.5106819048e+01  1.9885523402e+02  3.6808479779e+02  5.9334142725e+02  8.7477058455e+02  1.2124220804e+03
     2.750  8.7127507659e+01  2.0515890117e+02  3.8090089009e+02  6.1486968577e+02  9.0720054136e+02  1.2579394083e+03
     2.800  8.9189365088e+01  2.1158808172e+02  3.9396468118e+02  6.3680651163e+02  9.4023922961e+02  1.3043052107e+03
     2.850  9.1292568915e+01  2.1814273546e+02  4.0727595190e+02  6.5915159628e+02  9.7388631053e+02  1.3515191562e+03
     2.900  9.3437290175e+01  2.2482282621e+02  4.2083450382e+02  6.8190466232e+02  1.0081414811e+03  1.3995809499e+03
     2.950  9.5623693406e+01  2.3162832139e+02  4.3464015703e+02  7.0506545985e+02  1.0430044698e+03  1.4484903285e+03
     3.000  9.7851936720e+01  2.3855919158e+02  4.4869274813e+02  7.2863376333e+02  1.0784750326e+03  1.4982470566e+03
     3.050  1.0012217191e+02  2.4561541015e+02  4.6299212848e+02  7.5260936882e+02  1.1145529499e+03  1.5488509231e+03
     3.100  1.0243454454e+02  2.5279695296e+02  4.7753816265e+02  7.7699209158e+02  1.1512380237e+03  1.6003017384e+03
     3.150  1.0478919412e+02  2.6010379805e+02  4.9233072712e+02  8.0178176403e+02  1.1885300749e+03  1.6525993320e+03
     3.200  1.0718625422e+02  2.6753592542e+02  5.0736970901e+02  8.2697823386e+02  1.2264289416e+03  1.7057435501e+03
     3.250  1.0962585262e+02  2.7509331683e+02  5.2265500507e+02  8.5258136243e+02  1.2649344771e+03  1.7597342538e+03
     3.300  1.1210811151e+02  2.8277595557e+02  5.3818652071e+02  8.7859102338e+02  1.3040465478e+03  1.8145713175e+03
     3.350  1.1463314763e+02  2.9058382634e+02  5.5396416919e+02  9.0500710136e+02  1.3437650326e+03  1.8702546272e+03
     3.400  1.1720107244e+02  2.9851691509e+02  5.6998787083e+02  9.3182949093e+02  1.3840898210e+03  1.9267840797e+03
     3.450  1.1981199232e+02  3.0657520888e+02  5.8625755238e+02  9.5905809557e+02  1.4250208123e+03  1.9841595810e+03
     3.500  1.2246600877e+02  3.1475869579e+02  6.0277314644e+02  9.8669282683e+02  1.4665579143e+03  2.0423810456e+03
     3.550  1.2516321851e+02  3.2306736480e+02  6.1953459086e+02  1.0147336035e+03  1.5087010429e+03  2.1014483956e+03
     3.600  1.2790371376e+02  3.3150120574e+02  6.3654182833e+02  1.0431803511e+03  1.5514501211e+03  2.1613615599e+03
     3.650  1.3068758234e+02  3.4006020916e+02  6.5379480593e+02  1.0720330010e+03  1.5948050781e+03  2.2221204736e+03
     3.700  1.3351490788e+02  3.4874436630e+02  6.7129347474e+02  1.1012914900e+03  1.6387658491e+03  2.2837250772e+03
     3.750  1.3638576999e+02  3.5755366901e+02  6.8903778949e+02  1.1309557599e+03  1.6833323744e+03  2.3461753162e+03
     3.800  1.3930024444e+02  3.6648810970e+02  7.0702770826e+02  1.1610257571e+03  1.7285045992e+03  2.4094711409e+03
     3.850  1.4225840329e+02  3.7554768130e+02  7.2526319218e+02  1.1915014318e+03  1.7742824731e+03  2.4736125052e+03
     3.900  1.4526031509e+02  3.8473237720e+02  7.4374420519e+02  1.2223827382e+03  1.8206659493e+03  2.5385993673e+03
     3.950  1.4830604500e+02  3.9404219123e+02  7.6247071381e+02  1.2536696339e+03  1.8676549850e+03  2.6044316884e+03
     4.000  1.5139565498e+02  4.0347711761e+02  7.8144268692e+02  1.2853620795e+03  1.9152495405e+03  2.6711094328e+03
     4.050  1.5452920391e+02  4.1303715090e+02  8.0066009556e+02  1.3174600386e+03  1.9634495791e+03  2.7386325678e+03
     4.100  1.5770674775e+02  4.2272228604e+02  8.2012291280e+02  1.3499634774e+03  2.0122550668e+03  2.8070010632e+03
     4.150  1.6092833964e+02  4.3253251822e+02  8.3983111352e+02  1.3828723645e+03  2.0616659722e+03  2.8762148909e+03
     4.200  1.6419403008e+02  4.4246784296e+02  8.5978467432e+02  1.4161866706e+03  2.1116822663e+03  2.9462740252e+03
     4.250  1.6750386704e+02  4.5252825602e+02  8.7998357336e+02  1.4499063686e+03  2.1623039219e+03  3.0171784423e+03
     4.300  1.7085789605e+02  4.6271375341e+02  9.0042779026e+02  1.4840314334e+03  2.2135309141e+03  3.0889281201e+03
     4.350  1.7425616037e+02  4.7302433136e+02  9.2111730597e+02  1.5185618413e+03  2.2653632195e+03  3.1615230383e+03
     4.400  1.7769870107e+02  4.8345998631e+02  9.4205210268e+02  1.5534975704e+03  2.3178008165e+03  3.2349631780e+03
     4.450  1.8118555711e+02  4.9402071490e+02  9.6323216374e+02  1.5888386003e+03  2.3708436850e+03  3.3092485216e+03
     4.500  1.8471676552e+02  5.0470651395e+02  9.8465747354e+02  1.6245849119e+03  2.4244918062e+03  3.3843790530e+03
     4.550  1.8829236142e+02  5.1551738044e+02  1.0063280175e+03  1.6607364873e+03  2.4787451626e+03  3.4603547571e+03
     4.600  1.9191237816e+02  5.2645331152e+02  1.0282437819e+03  1.6972933100e+03  2.5336037382e+03  3.5371756199e+03
     4.650  1.9557684739e+02  5.3751430448e+02  1.0504047540e+03  1.7342553643e+03  2.5890675176e+03  3.6148416284e+03
     4.700  1.9928579914e+02  5.4870035676e+02  1.0728109216e+03  1.7716226357e+03  2.6451364867e+03  3.6933527707e+03
     4.750  2.0303926192e+02  5.6001146591e+02  1.0954622735e+03  1.8093951105e+03  2.7018106324e+03  3.7727090354e+03
     4.800  2.0683726278e+02  5.7144762962e+02  1.1183587991e+03  1.8475727760e+03  2.7590899424e+03  3.8529104122e+03
     4.850  2.1067982741e+02  5.8300884567e+02  1.1415004884e+03  1.8861556203e+03  2.8169744051e+03  3.9339568914e+03
     4.900  2.1456698016e+02  5.9469511198e+02  1.1648873320e+03  1.9251436321e+03  2.8754640097e+03  4.0158484640e+03
     4.950  2.1849874416e+02  6.0650642654e+02  1.1885193210e+03  1.9645368008e+03  2.9345587463e+03  4.0985851215e+03
     5.000  2.2247514134e+02  6.1844278745e+02  1.2123964473e+03  2.0043351168e+03  2.9942586053e+03  4.1821668562e+03
     5.050  2.2649619253e+02  6.3050419290e+02  1.2365187029e+03  2.0445385705e+03  3.0545635781e+03  4.2665936607e+03
     5.100  2.3056191748e+02  6.4269064116e+02  1.2608860806e+03  2.0851471535e+03  3.1154736563e+03  4.3518655284e+03
     5.150  2.3467233495e+02  6.5500213057e+02  1.2854985733e+03  2.1261608575e+03  3.1769888322e+03  4.4379824527e+03
     5.200  2.3882746272e+02  6.6743865957e+02  1.3103561745e+03  2.1675796748e+03  3.2391090987e+03  4.5249444280e+03
     5.250  2.4302731768e+02  6.8000022664e+02  1.3354588781e+03  2.2094035982e+03  3.3018344488e+03  4.6127514485e+03
     5.300  2.4727191585e+02  6.9268683036e+02  1.3608066783e+03  2.2516326209e+03  3.3651648763e+03  4.7014035094e+03
     5.350  2.5156127242e+02  7.0549846934e+02  1.3863995695e+03  2.2942667365e+03  3.4291003752e+03  4.7909006056e+03
     5.400  2.5589540183e+02  7.1843514228e+02  1.4122375465e+03  2.3373059390e+03  3.4936409399e+03  4.8812427329e+03
     5.450  2.6027431777e+02  7.3149684791e+02  1.4383206046e+03  2.3807502228e+03  3.5587865651e+03  4.9724298870e+03
     5.500  2.6469803321e+02  7.4468358503e+02  1.4646487389e+03  2.4245995825e+03  3.6245372460e+03  5.0644620640e+03
     5.550  2.6916656050e+02  7.5799535248e+02  1.4912219453e+03  2.4688540131e+03  3.6908929778e+03  5.1573392604e+03
     5.600  2.7367991133e+02  7.7143214918e+02  1.5180402195e+03  2.5135135098e+03  3.7578537563e+03  5.2510614727e+03
     5.650  2.7823809680e+02  7.8499397405e+02  1.5451035576e+03  2.5585780681e+03  3.8254195774e+03  5.3456286978e+03
     5.700  2.8284112743e+02  7.9868082608e+02  1.5724119560e+03  2.6040476840e+03  3.8935904373e+03  5.4410409327e+03
     5.750  2.8748901323e+02  8.1249270431e+02  1.5999654110e+03  2.6499223533e+03  3.9623663323e+03  5.5372981748e+03
     5.800  2.9218176368e+02  8.2642960780e+02  1.6277639195e+03  2.6962020724e+03  4.0317472590e+03  5.6344004214e+03
     5.850  2.9691938778e+02  8.4049153565e+02  1.6558074783e+03  2.7428868377e+03  4.1017332144e+03  5.7323476701e+03
     5.900  3.0170189407e+02  8.5467848700e+02  1.6840960844e+03  2.7899766459e+03  4.1723241953e+03  5.8311399189e+03
     5.950  3.0652929065e+02  8.6899046104e+02  1.7126297350e+03  2.8374714937e+03  4.2435201990e+03  5.9307771655e+03
     6.000  3.1140158520e+02  8.8318266820e+02  1.7414084274e+03  2.8845688905e+03  4.3153212229e+03  6.0295806178e+03
     6.050  3.1631878502e+02  8.9798947403e+02  1.7704321591e+03  2.9336762969e+03  4.3877272645e+03  6.1325866447e+03
     6.100  3.2128089704e+02  9.1267651148e+02  1.7997009277e+03  2.9823862468e+03  4.4607383214e+03  6.2347588738e+03
     6.150  3.2628792782e+02  9.2748856863e+02  1.8292147309e+03  3.0315012254e+03  4.5343543915e+03  6.3377760938e+03
     6.200  3.3133988358e+02  9.4242564481e+02  1.8589735667e+03  3.0810212305e+03  4.6085754726e+03  6.4416383033e+03
     6.250  3.3643677024e+02  9.5748773935e+02  1.8889774328e+03  3.1309462597e+03  4.6834015629e+03  6.5463455010e+03
     6.300  3.4157859339e+02  9.7267485164e+02  1.9192263275e+03  3.1812763110e+03  4.7588326605e+03  6.6518976854e+03
     6.350  3.4676535836e+02  9.8798698107e+02  1.9497202488e+03  3.2320113823e+03  4.8348687637e+03  6.7582948556e+03
     6.400  3.5199707019e+02  1.0034241271e+03  1.9804591950e+03  3.2831514718e+03  4.9115098710e+03  6.8655370104e+03
     6.450  3.5727373366e+02  1.0189862891e+03  2.0114431645e+03  3.3346965777e+03  4.9887559807e+03  6.9736241488e+03
     6.500  3.6259535330e+02  1.0346734666e+03  2.0426721557e+03  3.3866466982e+03  5.0666070915e+03  7.0825562698e+03
     6.550  3.6796193341e+02  1.0504856590e+03  2.0741461671e+03  3.4390018319e+03  5.1450632021e+03  7.1923333728e+03
     6.600  3.7337347807e+02  1.0664228659e+03  2.1058651972e+03  3.4917619772e+03  5.2241243111e+03  7.3029554567e+03
     6.650  3.7882999114e+02  1.0824850868e+03  2.1378292447e+03  3.5449271326e+03  5.3037904175e+03  7.4144225210e+03
     6.700  3.8433147629e+02  1.0986723212e+03  2.1700383084e+03  3.5984972968e+03  5.3840615201e+03  7.5267345649e+03
     6.750  3.8987793698e+02  1.1149845686e+03  2.2024923870e+03  3.6524724686e+03  5.4649376178e+03  7.6398915878e+03
     6.800  3.9546937651e+02  1.1314218287e+03  2.2351914794e+03  3.7068526467e+03  5.5464187097e+03  7.7538935892e+03
     6.850  4.0110579798e+02  1.1479841011e+03  2.2681355845e+03  3.7616378301e+03  5.6285047949e+03  7.8687405685e+03
     6.900  4.0678720435e+02  1.1646713852e+03  2.3013247012e+03  3.8168280175e+03  5.7111958726e+03  7.9844325252e+03
     6.950  4.1251359842e+02  1.1814836809e+03  2.3347588285e+03  3.8724232080e+03  5.7944919419e+03  8.1009694590e+03
     7.000  4.1828498283e+02  1.1984209875e+03  2.3684379656e+03  3.9284234007e+03  5.8783930020e+03  8.2183513694e+03
     7.050  4.2410136009e+02  1.2154833049e+03  2.4023621114e+03  3.9848285946e+03  5.9628990524e+03  8.3365782561e+03
     7.100  4.2996273256e+02  1.2326706327e+03  2.4365312652e+03  4.0416387889e+03  6.0480100922e+03  8.4556501187e+03
     7.150  4.3586910250e+02  1.2499829705e+03  2.4709454261e+03  4.0988539827e+03  6.1337261210e+03  8.5755669569e+03
     7.200  4.4182047201e+02  1.2674203180e+03  2.5056045935e+03  4.1564741754e+03  6.2200471382e+03  8.6963287706e+03
     7.250  4.4781684312e+02  1.2849826749e+03  2.5405087664e+03  4.2144993661e+03  6.3069731431e+03  8.8179355594e+03
     7.300  4.5385821770e+02  1.3026700409e+03  2.5756579443e+03  4.2729295542e+03  6.3945041353e+03  8.9403873232e+03
     7.350  4.5994459757e+02  1.3204824157e+03  2.6110521265e+03  4.3317647390e+03  6.4826401144e+03  9.0636840617e+03
     7.400  4.6607598440e+02  1.3384197990e+03  2.6466913124e+03  4.3910049200e+03  6.5713810799e+03  9.1878257749e+03
     7.450  4.7225237980e+02  1.3564821906e+03  2.6825755014e+03  4.4506500965e+03  6.6607270314e+03  9.3128124626e+03
     7.500  4.7847378527e+02  1.3746695902e+03  2.7187046928e+03  4.5107002681e+03  6.7506779686e+03  9.4386441246e+03
     7.550  4.8474020225e+02  1.3929819975e+03  2.7550788863e+03  4.5711554341e+03  6.8412338911e+03  9.5653207609e+03
     7.600  4.9105163206e+02  1.4114194123e+03  2.7916980811e+03  4.6320155943e+03  6.9323947985e+03  9.6928423715e+03
     7.650  4.9740807598e+02  1.4299818343e+03  2.8285622770e+03  4.6932807479e+03  7.0241606906e+03  9.8212089562e+03
     7.700  5.0380953520e+02  1.4486692634e+03  2.8656714734e+03  4.7549508948e+03  7.1165315671e+03  9.9504205150e+03
     7.750  5.1025601084e+02  1.4674816993e+03  2.9030256698e+03  4.8170260344e+03  7.2095074278e+03  1.0080477048e+04
     7.800  5.1674750394e+02  1.4864191418e+03  2.9406248659e+03  4.8795061664e+03  7.3030882725e+03  1.0211378555e+04
     7.850  5.2328401551e+02  1.5054815907e+03  2.9784690612e+03  4.9423912904e+03  7.3972741008e+03  1.0343125036e+04
     7.900  5.2986554648e+02  1.5246690457e+03  3.0165582555e+03  5.0056814061e+03  7.4920649127e+03  1.0475716491e+04
     7.950  5.3649209772e+02  1.5439815067e+03  3.0548924483e+03  5.0693765132e+03  7.5874607080e+03  1.0609152920e+04
     8.000  5.4316367004e+02  1.5634189736e+03  3.0934716392e+03  5.1334766114e+03  7.6834614865e+03  1.0743434324e+04
     8.050  5.4988026422e+02  1.5829814460e+03  3.1322958281e+03  5.1979817004e+03  7.7800672480e+03  1.0878560702e+04
     8.100  5.5664188098e+02  1.6026689239e+03  3.1713650145e+03  5.2628917799e+03  7.8772779925e+03  1.1014532054e+04
     8.150  5.6344852098e+02  1.6224814070e+03  3.2106791982e+03  5.3282068498e+03  7.9750937198e+03  1.1151348380e+04
     8.200  5.7030018486e+02  1.6424188953e+03  3.2502383789e+03  5.3939269098e+03  8.0735144298e+03  1.1289009681e+04
     8.250  5.7719687320e+02  1.6624813885e+03  3.2900425563e+03  5.4600519597e+03  8.1725401225e+03  1.1427515956e+04
     8.300  5.8413858654e+02  1.6826688865e+03  3.3300917303e+03  5.5265819993e+03  8.2721707978e+03  1.1566867206e+04
     8.350  5.9112532539e+02  1.7029813891e+03  3.3703859006e+03  5.5935170284e+03  8.3724064555e+03  1.1707063430e+04
     8.400  5.9807035211e+02  1.7234188963e+03  3.4104395071e+03  5.6608570469e+03  8.4720436879e+03  1.1848104629e+04
     8.450  6.0523388146e+02  1.7439814077e+03  3.4517092290e+03  5.7286020545e+03  8.5746927184e+03  1.1989990803e+04
     8.500  6.1235569952e+02  1.7646689234e+03  3.4927383868e+03  5.7967520512e+03  8.6767433234e+03  1.2132721953e+04
     8.550  6.1952254477e+02  1.7854814432e+03  3.5340125401e+03  5.8653070369e+03  8.7793989108e+03  1.2276298077e+04
     8.600  6.2673441755e+02  1.8064189669e+03  3.5755316886e+03  5.9342670114e+03  8.8826594805e+03  1.2420719177e+04
     8.650  6.3399131816e+02  1.8274814945e+03  3.6172958323e+03  6.0036319745e+03  8.9865250325e+03  1.2565985252e+04
     8.700  6.4129324690e+02  1.8486690258e+03  3.6593049709e+03  6.0734019263e+03  9.0909955668e+03  1.2712096302e+04
     8.750  6.4864020403e+02  1.8699815607e+03  3.7015591044e+03  6.1435768665e+03  9.1960710835e+03  1.2859052328e+04
     8.800  6.5603218978e+02  1.8914190990e+03  3.7440582326e+03  6.2141567952e+03  9.3017515825e+03  1.3006853330e+04
     8.850  6.6346920437e+02  1.9129816407e+03  3.7868023553e+03  6.2851417122e+03  9.4080370639e+03  1.3155499308e+04
     8.900  6.7095124798e+02  1.9346691857e+03  3.8297914724e+03  6.3565316175e+03  9.5149275277e+03  1.3304990262e+04
     8.950  6.7847832078e+02  1.9564817339e+03  3.8730255839e+03  6.4283265110e+03  9.6224229739e+03  1.3455326192e+04
     9.000  6.8605042293e+02  1.9784192851e+03  3.9165046896e+03  6.5005263926e+03  9.7305234026e+03  1.3606507099e+04
     9.050  6.9366755455e+02  2.0004818392e+03  3.9602287893e+03  6.5731312624e+03  9.8392288137e+03  1.3758532982e+04
     9.100  7.0132971577e+02  2.0226693963e+03  4.0041978831e+03  6.6461411203e+03  9.9485392074e+03  1.3911403842e+04
     9.150  7.0903690667e+02  2.0449819561e+03  4.0484119708e+03  6.7195559662e+03  1.0058454584e+04  1.4065119679e+04
     9.200  7.1678912733e+02  2.0674195186e+03  4.0928710524e+03  6.7933758001e+03  1.0168974943e+04  1.4219680492e+04
     9.250  7.2458637783e+02  2.0899820837e+03  4.1375751277e+03  6.8676006220e+03  1.0280100284e+04  1.4375086283e+04
     9.300  7.3242865821e+02  2.1126696514e+03  4.1825241968e+03  6.9422304319e+03  1.0391830609e+04  1.4531337051e+04
     9.350  7.4031596850e+02  2.1354822214e+03  4.2277182594e+03  7.0172652297e+03  1.0504165916e+04  1.4688432797e+04
     9.400  7.4824830874e+02  2.1584197939e+03  4.2731573157e+03  7.0927050155e+03  1.0617106206e+04  1.4846373521e+04
     9.450  7.5622567893e+02  2.1814823686e+03  4.3188413654e+03  7.1685497892e+03  1.0730651479e+04  1.5005159222e+04
     9.500  7.6424807908e+02  2.2046699455e+03  4.3647704086e+03  7.2447995509e+03  1.0844801735e+04  1.5164789901e+04
     9.550  7.7231550916e+02  2.2279825246e+03  4.4109444452e+03  7.3214543005e+03  1.0959556975e+04  1.5325265558e+04
     9.600  7.8042796917e+02  2.2514201057e+03  4.4573634752e+03  7.3985140381e+03  1.1074917197e+04  1.5486586194e+04
     9.650  7.8858545906e+02  2.2749826888e+03  4.5040274985e+03  7.4759787637e+03  1.1190882403e+04  1.5648751808e+04
     9.700  7.9678797880e+02  2.2986702739e+03  4.5509365151e+03  7.5538484772e+03  1.1307452592e+04  1.5811762400e+04
     9.750  8.0503552834e+02  2.3224828608e+03  4.5980905249e+03  7.6321231788e+03  1.1424627764e+04  1.5975617972e+04
     9.800  8.1332810761e+02  2.3464204495e+03  4.6454895280e+03  7.7108028684e+03  1.1542407920e+04  1.6140318522e+04
     9.850  8.2166571656e+02  2.3704830400e+03  4.6931335243e+03  7.7898875460e+03  1.1660793060e+04  1.6305864052e+04
     9.900  8.3004835511e+02  2.3946706322e+03  4.7410225137e+03  7.8693772117e+03  1.1779783183e+04  1.6472254561e+04
     9.950  8.3847602317e+02  2.4189832260e+03  4.7891564964e+03  7.9492718656e+03  1.1899378291e+04  1.6639490049e+04
    10.000  8.4694872067e+02  2.4434208214e+03  4.8375354722e+03  8.0295715075e+03  1.2019578382e+04  1.6807570517e+04
    10.050  8.5546644750e+02  2.4679834183e+03  4.8861594411e+03  8.1102761377e+03  1.2140383457e+04  1.6976495965e+04
    10.100  8.6402920356e+02  2.4926710166e+03  4.9350284031e+03  8.1913857560e+03  1.2261793516e+04  1.7146266393e+04
    10.150  8.7263698876e+02  2.5174836164e+03  4.9841423582e+03  8.2729003626e+03  1.2383808559e+04  1.7316881801e+04
    10.200  8.8128980298e+02  2.5424212176e+03  5.0335013064e+03  8.3548199575e+03  1.2506428586e+04  1.7488342189e+04
    10.250  8.8998764611e+02  2.5674838201e+03  5.0831052478e+03  8.4371445407e+03  1.2629653598e+04  1.7660647557e+04
    10.300  8.9873051802e+02  2.5926714238e+03  5.1329541822e+03  8.5198741122e+03  1.2753483595e+04  1.7833797907e+04
    10.350  9.0751841859e+02  2.6179840288e+03  5.1830481097e+03  8.6030086722e+03  1.2877918576e+04  1.8007793236e+04
    10.400  9.1635134770e+02  2.6434216350e+03  5.2333870303e+03  8.6865482207e+03  1.3002958541e+04  1.8182633547e+04
    10.450  9.2522930521e+02  2.6689842423e+03  5.2839709440e+03  8.7704927577e+03  1.3128603492e+04  1.8358318839e+04
    10.500  9.3415229098e+02  2.6946718508e+03  5.3347998508e+03  8.8548422832e+03  1.3254853427e+04  1.8534849112e+04
    10.550  9.4312030488e+02  2.7204844602e+03  5.3858737508e+03  8.9395967973e+03  1.3381708347e+04  1.8712224367e+04
    10.600  9.5213334677e+02  2.7464220707e+03  5.4371926438e+03  9.0247563001e+03  1.3509168252e+04  1.8890444603e+04
    10.650  9.6119141649e+02  2.7724846822e+03  5.4887565299e+03  9.1103207917e+03  1.3637233142e+04  1.9069509821e+04
    10.700  9.7029451391e+02  2.7986722947e+03  5.5405654093e+03  9.1962902720e+03  1.3765903018e+04  1.9249420020e+04
    10.750  9.7944263887e+02  2.8249849080e+03  5.5926192817e+03  9.2826647411e+03  1.3895177879e+04  1.9430175202e+04
    10.800  9.8863579122e+02  2.8514225223e+03  5.6449181473e+03  9.3694441991e+03  1.4025057725e+04  1.9611775366e+04
    10.850  9.9787397080e+02  2.8779851373e+03  5.6974620061e+03  9.4566286460e+03  1.4155542557e+04  1.9794220512e+04
    10.900  1.0071571775e+03  2.9046727532e+03  5.7502508581e+03  9.5442180820e+03  1.4286632375e+04  1.9977510641e+04
    10.950  1.0164854111e+03  2.9314853699e+03  5.8032847033e+03  9.6322125070e+03  1.4418327178e+04  2.0161645752e+04
    11.000  1.0258586714e+03  2.9584229873e+03  5.8565635417e+03  9.7206119211e+03  1.4550626968e+04  2.0346625846e+04
    11.050  1.0352769584e+03  2.9854856054e+03  5.9100873734e+03  9.8094163243e+03  1.4683531743e+04  2.0532450923e+04
    11.100  1.0447402718e+03  3.0126732242e+03  5.9638561983e+03  9.8986257168e+03  1.4817041504e+04  2.0719120983e+04
    11.150  1.0542486114e+03  3.0399858437e+03  6.0178700166e+03  9.9882400986e+03  1.4951156252e+04  2.0906636026e+04
    11.200  1.0638019772e+03  3.0671762586e+03  6.0721288281e+03  1.0077453520e+04  1.5085875985e+04  2.1093312073e+04
    11.250  1.0734003689e+03  3.0949860845e+03  6.1266326330e+03  1.0168683830e+04  1.5221200706e+04  2.1284201062e+04
    11.300  1.0830437864e+03  3.1226737057e+03  6.1813814312e+03  1.0259513180e+04  1.5357130412e+04  2.1474251056e+04
    11.350  1.0927322295e+03  3.1504863276e+03  6.2363752228e+03  1.0350747520e+04  1.5493665105e+04  2.1665146033e+04
    11.400  1.1024656981e+03  3.1784239499e+03  6.2916140079e+03  1.0442386849e+04  1.5630804785e+04  2.1856885994e+04
    11.450  1.1122441920e+03  3.2064865728e+03  6.3470977863e+03  1.0534431168e+04  1.5768549451e+04  2.2049470940e+04
    11.500  1.1220677109e+03  3.2346741961e+03  6.4028265582e+03  1.0626880476e+04  1.5906899105e+04  2.2242900869e+04
    11.550  1.1319362548e+03  3.2629868199e+03  6.4588003236e+03  1.0719734775e+04  1.6045853745e+04  2.2437175783e+04
    11.600  1.1418498234e+03  3.2914244441e+03  6.5150190825e+03  1.0812994063e+04  1.6185413373e+04  2.2632295681e+04
    11.650  1.1518084167e+03  3.3199870687e+03  6.5714828350e+03  1.0906658341e+04  1.6325577987e+04  2.2828260564e+04
    11.700  1.1618120344e+03  3.3486746938e+03  6.6281915810e+03  1.1000727609e+04  1.6466347589e+04  2.3025070431e+04
    11.750  1.1718606764e+03  3.3774873191e+03  6.6851453206e+03  1.1095201867e+04  1.6607722178e+04  2.3222725284e+04
    11.800  1.1819543424e+03  3.4064249449e+03  6.7423440539e+03  1.1190081115e+04  1.6749701755e+04  2.3421225121e+04
    11.850  1.1920930324e+03  3.4354875709e+03  6.7997877808e+03  1.1285365353e+04  1.6892286319e+04  2.3620569944e+04
    11.900  1.2022767461e+03  3.4646751973e+03  6.8574765013e+03  1.1381054582e+04  1.7035475870e+04  2.3820759751e+04
    11.950  1.2125054834e+03  3.4939878240e+03  6.9154102156e+03  1.1477148801e+04  1.7179270410e+04  2.4021794544e+04
    12.000  1.2227792442e+03  3.5234254509e+03  6.9735889237e+03  1.1573648010e+04  1.7323669937e+04  2.4223674323e+04
    12.050  1.2330980282e+03  3.5529880781e+03  7.0320126255e+03  1.1670552210e+04  1.7468674452e+04  2.4426399087e+04
    12.100  1.2434618352e+03  3.5826757056e+03  7.0906813211e+03  1.1767861400e+04  1.7614283955e+04  2.4629968837e+04
    12.150  1.2538706652e+03  3.6124883332e+03  7.1495950105e+03  1.1865575580e+04  1.7760498447e+04  2.4834383573e+04
    12.200  1.2643245179e+03  3.6424259611e+03  7.2087536939e+03  1.1963694751e+04  1.7907317926e+04  2.5039643294e+04
    12.250  1.2748233933e+03  3.6724885892e+03  7.2681573711e+03  1.2062218913e+04  1.8054742394e+04  2.5245748002e+04
    12.300  1.2853672910e+03  3.7026762174e+03  7.3278060423e+03  1.2161148066e+04  1.8202771850e+04  2.5452697696e+04
    12.350  1.2959562110e+03  3.7329888458e+03  7.3876997074e+03  1.2260482209e+04  1.8351406294e+04  2.5660492377e+04
    12.400  1.3065901531e+03  3.7634264744e+03  7.4478383665e+03  1.2360221343e+04  1.8500645727e+04  2.5869132043e+04
    12.450  1.3172691170e+03  3.7939891030e+03  7.5082220196e+03  1.2460365468e+04  1.8650490149e+04  2.6078616697e+04
    12.500  1.3279931028e+03  3.8246767318e+03  7.5688506668e+03  1.2560914584e+04  1.8800939559e+04  2.6288946337e+04
    12.550  1.3387621102e+03  3.8554893608e+03  7.6297243081e+03  1.2661868692e+04  1.8951993958e+04  2.6500120964e+04
    12.600  1.3495761389e+03  3.8864269898e+03  7.6908429436e+03  1.2763227790e+04  1.9103653346e+04  2.6712140577e+04
    12.650  1.3604351890e+03  3.9174896189e+03  7.7522065731e+03  1.2864991879e+04  1.9255917723e+04  2.6925005178e+04
    12.700  1.3713392602e+03  3.9486772480e+03  7.8138151969e+03  1.2967160960e+04  1.9408787089e+04  2.7138714766e+04
    12.750  1.3822883523e+03  3.9799898772e+03  7.8756688149e+03  1.3069735031e+04  1.9562261445e+04  2.7353269341e+04
    12.800  1.3932824653e+03  4.0114275065e+03  7.9377674271e+03  1.3172714095e+04  1.9716340789e+04  2.7568668904e+04
    12.850  1.4043215988e+03  4.0429901358e+03  8.0001110337e+03  1.3276098149e+04  1.9871025123e+04  2.7784913453e+04
    12.900  1.4154057529e+03  4.0746777651e+03  8.0626996346e+03  1.3379887195e+04  2.0026314446e+04  2.8002002991e+04
    12.950  1.4265349273e+03  4.1064903945e+03  8.1255332298e+03  1.3484081233e+04  2.0182208758e+04  2.8219937516e+04
    13.000  1.4377091218e+03  4.1384280238e+03  8.1886118193e+03  1.3588680262e+04  2.0338708060e+04  2.8438717029e+04
    13.050  1.4489283364e+03  4.1704906532e+03  8.2519354034e+03  1.3693684282e+04  2.0495812352e+04  2.8658341530e+04
    13.100  1.4601925708e+03  4.2026782825e+03  8.3155039819e+03  1.3799093295e+04  2.0653521634e+04  2.8878811018e+04
    13.150  1.4715018250e+03  4.2349909118e+03  8.3793175548e+03  1.3904907299e+04  2.0811835905e+04  2.9100125495e+04
    13.200  1.4828560987e+03  4.2674285411e+03  8.4433761223e+03  1.4011126295e+04  2.0970755166e+04  2.9322284960e+04
    13.250  1.4942553919e+03  4.2999911703e+03  8.5076796843e+03  1.4117750283e+04  2.1130279417e+04  2.9545289413e+04
    13.300  1.5056997043e+03  4.3326787995e+03  8.5722282409e+03  1.4224779262e+04  2.1290408658e+04  2.9769138855e+04
    13.350  1.5171890358e+03  4.3654914286e+03  8.6370217922e+03  1.4332213234e+04  2.1451142889e+04  2.9993833285e+04
    13.400  1.5287233863e+03  4.3984290577e+03  8.7020603380e+03  1.4440052197e+04  2.1612482111e+04  3.0219372703e+04
    13.450  1.5403027556e+03  4.4314916866e+03  8.7673438786e+03  1.4548296153e+04  2.1774426322e+04  3.0445757110e+04
    13.500  1.5519271436e+03  4.4646793155e+03  8.8328724138e+03  1.4656945101e+04  2.1936975524e+04  3.0672986507e+04
    13.550  1.5635965501e+03  4.4979919443e+03  8.8986459438e+03  1.4765999041e+04  2.2100129717e+04  3.0901060891e+04
    13.600  1.5753109750e+03  4.5314295730e+03  8.9646644686e+03  1.4875457973e+04  2.2263888899e+04  3.1129980265e+04
    13.650  1.5870704182e+03  4.5649922016e+03  9.0309279882e+03  1.4985321898e+04  2.2428253073e+04  3.1359744628e+04
    13.700  1.5988748794e+03  4.5986798301e+03  9.0974365026e+03  1.5095590815e+04  2.2593222237e+04  3.1590353980e+04
    13.750  1.6107243587e+03  4.6324924585e+03  9.1641900120e+03  1.5206264725e+04  2.2758796391e+04  3.1821808321e+04
    13.800  1.6226188557e+03  4.6664300868e+03  9.2311885161e+03  1.5317343626e+04  2.2924975536e+04  3.2054107651e+04
    13.850  1.6345583705e+03  4.7004927149e+03  9.2984320152e+03  1.5428827521e+04  2.3091759673e+04  3.2287251971e+04
    13.900  1.6465429028e+03  4.7346803429e+03  9.3659205094e+03  1.5540716408e+04  2.3259148800e+04  3.2521241280e+04
    13.950  1.6585724526e+03  4.7689929707e+03  9.4336539985e+03  1.5653010287e+04  2.3427142918e+04  3.2756075579e+04
    14.000  1.6706470196e+03  4.8034305984e+03  9.5016324826e+03  1.5765709159e+04  2.3595742027e+04  3.2991754867e+04
    14.050  1.6827666038e+03  4.8379932259e+03  9.5698559617e+03  1.5878813024e+04  2.3764946128e+04  3.3228279145e+04
    14.100  1.6949312049e+03  4.8726808533e+03  9.6383244361e+03  1.5992321882e+04  2.3934755219e+04  3.3465648413e+04
    14.150  1.7071408230e+03  4.9074934805e+03  9.7070379055e+03  1.6106235733e+04  2.4105169303e+04  3.3703862671e+04
    14.200  1.7193954579e+03  4.9424311076e+03  9.7759963703e+03  1.6220554576e+04  2.4276188375e+04  3.3942921919e+04
    14.250  1.7316951093e+03  4.9774937344e+03  9.8451998298e+03  1.6335278412e+04  2.4447812441e+04  3.4182826157e+04
    14.300  1.7440397773e+03  5.0126813611e+03  9.9146482849e+03  1.6450407242e+04  2.4620041499e+04  3.4423575385e+04
    14.350  1.7564294616e+03  5.0479939876e+03  9.9843417347e+03  1.6565941064e+04  2.4792875541e+04  3.4665169603e+04
    14.400  1.7687760513e+03  5.0834316140e+03  1.0053792772e+04  1.6681879879e+04  2.4965108420e+04  3.4907608811e+04
    14.450  1.7813438789e+03  5.1189942401e+03  1.0124463621e+04  1.6798223688e+04  2.5140358615e+04  3.5150893010e+04
    14.500  1.7938686116e+03  5.1546818660e+03  1.0194892057e+04  1.6914972490e+04  2.5315007638e+04  3.5395022200e+04
    14.550  1.8064383601e+03  5.1904944918e+03  1.0265565489e+04  1.7032126285e+04  2.5490261655e+04  3.5639996379e+04
    14.600  1.8190531245e+03  5.2264321173e+03  1.0336483916e+04  1.7149685073e+04  2.5666120663e+04  3.5885815550e+04
    14.650  1.8317129044e+03  5.2624947426e+03  1.0407647338e+04  1.7267648854e+04  2.5842584661e+04  3.6132479711e+04
    14.700  1.8444176999e+03  5.2986823677e+03  1.0479055756e+04  1.7386017629e+04  2.6019653652e+04  3.6379988863e+04
    14.750  1.8571675107e+03  5.3349949926e+03  1.0550709169e+04  1.7504791398e+04  2.6197327636e+04  3.6628343006e+04
    14.800  1.8699623368e+03  5.3714326173e+03  1.0622607578e+04  1.7623970159e+04  2.6375606609e+04  3.6877542139e+04
    14.850  1.8828021781e+03  5.4079952418e+03  1.0694750982e+04  1.7743553914e+04  2.6554490577e+04  3.7127586264e+04
    14.900  1.8956870344e+03  5.4446828660e+03  1.0767139382e+04  1.7863542663e+04  2.6733979535e+04  3.7378475379e+04
    14.950  1.9086169056e+03  5.4814954900e+03  1.0839772777e+04  1.7983936406e+04  2.6914073487e+04  3.7630209486e+04
    15.000  1.9215917916e+03  5.5184331138e+03  1.0912651168e+04  1.8104735142e+04  2.7094772430e+04  3.7882788584e+04
    15.050  1.9346116923e+03  5.5554957373e+03  1.0985774555e+04  1.8225938871e+04  2.7276076366e+04  3.8136212673e+04
    15.100  1.9476766076e+03  5.5926833606e+03  1.1059142938e+04  1.8347547595e+04  2.7457985295e+04  3.8390481753e+04
    15.150  1.9607865374e+03  5.6299959836e+03  1.1132756316e+04  1.8469561312e+04  2.7640499215e+04  3.8645595825e+04
    15.200  1.9739414815e+03  5.6674336065e+03  1.1206614690e+04  1.8591980023e+04  2.7823618129e+04  3.8901554888e+04
    15.250  1.9871414399e+03  5.7049962290e+03  1.1280718059e+04  1.8714803728e+04  2.8007342035e+04  3.9158358943e+04
    15.300  2.0003864124e+03  5.7426838514e+03  1.1355066425e+04  1.8838032426e+04  2.8191670933e+04  3.9416007989e+04
    15.350  2.0136763990e+03  5.7804964734e+03  1.1429659786e+04  1.8961666119e+04  2.8376604824e+04  3.9674502027e+04
    15.400  2.0270113994e+03  5.8184340952e+03  1.1504498143e+04  1.9085704806e+04  2.8562143708e+04  3.9933841057e+04
    15.450  2.0403914137e+03  5.8564967168e+03  1.1579581496e+04  1.9210148487e+04  2.8748287585e+04  4.0194025079e+04
    15.500  2.0538164418e+03  5.8946843381e+03  1.1654909844e+04  1.9334997161e+04  2.8935036455e+04  4.0455054092e+04
    15.550  2.0672864834e+03  5.9329969592e+03  1.1730483189e+04  1.9460250830e+04  2.9122390317e+04  4.0716928098e+04
    15.600  2.0808015385e+03  5.9714345800e+03  1.1806301530e+04  1.9585909493e+04  2.9310349173e+04  4.0979647094e+04
    15.650  2.0943616070e+03  6.0099972005e+03  1.1882364867e+04  1.9711973150e+04  2.9498913021e+04  4.1243211084e+04
    15.700  2.1079666889e+03  6.0486848208e+03  1.1958673199e+04  1.9838441802e+04  2.9688081863e+04  4.1507620065e+04
    15.750  2.1216167839e+03  6.0874974408e+03  1.2035226528e+04  1.9965315447e+04  2.9877855698e+04  4.1772874039e+04
    15.800  2.1353118921e+03  6.1264350605e+03  1.2112024853e+04  2.0092594087e+04  3.0068234525e+04  4.2038973005e+04
    15.850  2.1490520132e+03  6.1654976800e+03  1.2189068173e+04  2.0220277722e+04  3.0259218346e+04  4.2305916963e+04
    15.900  2.1628371473e+03  6.2046852992e+03  1.2266356490e+04  2.0348366351e+04  3.0450807161e+04  4.2573705913e+04
    15.950  2.1766672942e+03  6.2439979181e+03  1.2343889803e+04  2.0476859974e+04  3.0643000968e+04  4.2842339855e+04
    16.000  2.1905424538e+03  6.2834355367e+03  1.2421668113e+04  2.0605758591e+04  3.0835799769e+04  4.3111818791e+04
    16.050  2.2044626260e+03  6.3229981551e+03  1.2499691418e+04  2.0735062204e+04  3.1029203564e+04  4.3382142718e+04
    16.100  2.2184278107e+03  6.3626857732e+03  1.2577959719e+04  2.0864770810e+04  3.1223212352e+04  4.3653311638e+04
    16.150  2.2324380079e+03  6.4024983910e+03  1.2656473017e+04  2.0994884411e+04  3.1417826133e+04  4.3925325551e+04
    16.200  2.2464932174e+03  6.4424360086e+03  1.2735231311e+04  2.1125403007e+04  3.1613044908e+04  4.4198184457e+04
    16.250  2.2605934391e+03  6.4824986258e+03  1.2814234602e+04  2.1256326598e+04  3.1808868676e+04  4.4471888355e+04
    16.300  2.2747386730e+03  6.5226862428e+03  1.2893482888e+04  2.1387655183e+04  3.2005297438e+04  4.4746437246e+04
    16.350  2.2889289190e+03  6.5629988595e+03  1.2972976171e+04  2.1519388763e+04  3.2202331194e+04  4.5021831129e+04
    16.400  2.3031641769e+03  6.6034364759e+03  1.3052714450e+04  2.1651527338e+04  3.2399969943e+04  4.5298070006e+04
    16.450  2.3174444467e+03  6.6439990921e+03  1.3132697726e+04  2.1784070907e+04  3.2598213687e+04  4.5575153876e+04
    16.500  2.3317697284e+03  6.6846867079e+03  1.3212925998e+04  2.1917019472e+04  3.2797062424e+04  4.5853082739e+04
    16.550  2.3461400217e+03  6.7254993235e+03  1.3293399266e+04  2.2050373030e+04  3.2996516155e+04  4.6131856594e+04
    16.600  2.3605553267e+03  6.7664369388e+03  1.3374117531e+04  2.2184131584e+04  3.3196574879e+04  4.6411475444e+04
    16.650  2.3750156431e+03  6.8074995537e+03  1.3455080793e+04  2.2318295134e+04  3.3397238598e+04  4.6691939285e+04
    16.700  2.3895209711e+03  6.8486871684e+03  1.3536289050e+04  2.2452863678e+04  3.3598507311e+04  4.6973248120e+04
    16.750  2.4040713104e+03  6.8899997829e+03  1.3617742305e+04  2.2587837216e+04  3.3800381018e+04  4.7255401949e+04
    16.800  2.4186666610e+03  6.9314373970e+03  1.3699440556e+04  2.2723215751e+04  3.4002859719e+04  4.7538400771e+04
    16.850  2.4333070228e+03  6.9730000108e+03  1.3781383803e+04  2.2858999280e+04  3.4205943414e+04  4.7822244585e+04
    16.900  2.4479923958e+03  7.0146876244e+03  1.3863572047e+04  2.2995187804e+04  3.4409632102e+04  4.8106933394e+04
    16.950  2.4627227797e+03  7.0565002376e+03  1.3946005287e+04  2.3131781323e+04  3.4613925786e+04  4.8392467197e+04
    17.000  2.4774981746e+03  7.0984378506e+03  1.4028683525e+04  2.3268779837e+04  3.4818824464e+04  4.8678845990e+04
    17.050  2.4923185804e+03  7.1405004633e+03  1.4111606758e+04  2.3406183347e+04  3.5024328135e+04  4.8966069781e+04
    17.100  2.5071839970e+03  7.1826880757e+03  1.4194774989e+04  2.3543991852e+04  3.5230436802e+04  4.9254138562e+04
    17.150  2.5220944244e+03  7.2250006877e+03  1.4278188216e+04  2.3682205352e+04  3.5437150462e+04  4.9543052337e+04
    17.200  2.5370498623e+03  7.2674382996e+03  1.4361846440e+04  2.3820823848e+04  3.5644469117e+04  4.9832811107e+04
    17.250  2.5520503109e+03  7.3100009111e+03  1.4445749660e+04  2.3959847339e+04  3.5852392767e+04  5.0123414872e+04
    17.300  2.5670957699e+03  7.3526885223e+03  1.4529897878e+04  2.4099275825e+04  3.6060921410e+04  5.0414863630e+04
    17.350  2.5821862393e+03  7.3955011332e+03  1.4614291092e+04  2.4239109307e+04  3.6270055049e+04  5.0707157382e+04
    17.400  2.5973217191e+03  7.4384387438e+03  1.4698929302e+04  2.4379347783e+04  3.6479793682e+04  5.1000296125e+04
    17.450  2.6125022092e+03  7.4815013543e+03  1.4783812510e+04  2.4519991256e+04  3.6690137309e+04  5.1294279862e+04
    17.500  2.6277277094e+03  7.5246889642e+03  1.4868940714e+04  2.4661039724e+04  3.6901085931e+04  5.1589108595e+04
    17.550  2.6429982197e+03  7.5680015740e+03  1.4954313916e+04  2.4802493187e+04  3.7112639548e+04  5.1884782325e+04
    17.600  2.6583137401e+03  7.6114391834e+03  1.5039932114e+04  2.4944351647e+04  3.7324798160e+04  5.2181301044e+04
    17.650  2.6736742705e+03  7.6550017926e+03  1.5125795309e+04  2.5086615099e+04  3.7537561766e+04  5.2478664756e+04
    17.700  2.6890798108e+03  7.6986894014e+03  1.5211903501e+04  2.5229283551e+04  3.7750930367e+04  5.2776873469e+04
    17.750  2.7045303609e+03  7.7425020102e+03  1.5298256690e+04  2.5372356998e+04  3.7964903962e+04  5.3075927176e+04
    17.800  2.7200259207e+03  7.7864396185e+03  1.5384854875e+04  2.5515835435e+04  3.8179482553e+04  5.3375825864e+04
    17.850  2.7355664903e+03  7.8305022263e+03  1.5471698058e+04  2.5659718873e+04  3.8394666138e+04  5.3676569548e+04
    17.900  2.7511520695e+03  7.8746898343e+03  1.5558786238e+04  2.5804007308e+04  3.8610454719e+04  5.3978158259e+04
    17.950  2.7667826582e+03  7.9190024407e+03  1.5646119414e+04  2.5948700726e+04  3.8826848295e+04  5.4280591902e+04
    18.000  2.7824582564e+03  7.9631917852e+03  1.5733697588e+04  2.6092991659e+04  3.9043846865e+04  5.4582184282e+04
    18.050  2.7981788641e+03  8.0080026559e+03  1.5821520759e+04  2.6239302583e+04  3.9261450430e+04  5.4887994293e+04
    18.100  2.8139444810e+03  8.0526902617e+03  1.5909588927e+04  2.6385210995e+04  3.9479658991e+04  5.5192962924e+04
    18.150  2.8297551073e+03  8.0975028681e+03  1.5997902091e+04  2.6531524407e+04  3.9698472546e+04  5.5498776578e+04
    18.200  2.8456107428e+03  8.1424404743e+03  1.6086460253e+04  2.6678242816e+04  3.9917891097e+04  5.5805435241e+04
    18.250  2.8615113875e+03  8.1875030799e+03  1.6175263412e+04  2.6825366221e+04  4.0137914642e+04  5.6112938892e+04
    18.300  2.8774570412e+03  8.2326906852e+03  1.6264311569e+04  2.6972894620e+04  4.0358543183e+04  5.6421287533e+04
    18.350  2.8934477040e+03  8.2780032903e+03  1.6353604722e+04  2.7120828015e+04  4.0579776720e+04  5.6730481168e+04
    18.400  2.9094833758e+03  8.3234408949e+03  1.6443142872e+04  2.7269166406e+04  4.0801615251e+04  5.7040519799e+04
    18.450  2.9255640564e+03  8.3690034995e+03  1.6532926020e+04  2.7417909793e+04  4.1024058778e+04  5.7351403426e+04
    18.500  2.9416897460e+03  8.4146911036e+03  1.6622954165e+04  2.7567058178e+04  4.1247107300e+04  5.7663132044e+04
    18.550  2.9578604442e+03  8.4605037075e+03  1.6713227307e+04  2.7716611557e+04  4.1470760818e+04  5.7975705659e+04
    18.600  2.9740761512e+03  8.5064413111e+03  1.6803745446e+04  2.7866569933e+04  4.1695019330e+04  5.8289124269e+04
    18.650  2.9903368669e+03  8.5525039145e+03  1.6894508583e+04  2.8016933305e+04  4.1919882838e+04  5.8603387874e+04
    18.700  3.0066425912e+03  8.5986915175e+03  1.6985516716e+04  2.8167701673e+04  4.2145351342e+04  5.8918496471e+04
    18.750  3.0229933240e+03  8.6450041202e+03  1.7076769847e+04  2.8318875036e+04  4.2371424840e+04  5.9234450067e+04
    18.800  3.0393890653e+03  8.6914417227e+03  1.7168267976e+04  2.8470453397e+04  4.2598103335e+04  5.9551248658e+04
    18.850  3.0558298150e+03  8.7380043249e+03  1.7260011101e+04  2.8622436753e+04  4.2825386825e+04  5.9868892242e+04
    18.900  3.0723155731e+03  8.7846919268e+03  1.7351999224e+04  2.8774825106e+04  4.3053275311e+04  6.0187380823e+04
    18.950  3.0888463394e+03  8.8315045284e+03  1.7444232345e+04  2.8927618454e+04  4.3281768791e+04  6.0506714395e+04
    19.000  3.1054221141e+03  8.8784421298e+03  1.7536710462e+04  2.9080816800e+04  4.3510867268e+04  6.0826892966e+04
    19.050  3.1220428969e+03  8.9255047307e+03  1.7629433577e+04  2.9234420141e+04  4.3740570740e+04  6.1147916530e+04
    19.100  3.1387086879e+03  8.9726923315e+03  1.7722401690e+04  2.9388428479e+04  4.3970879209e+04  6.1469785088e+04
    19.150  3.1554194870e+03  9.0200049319e+03  1.7815614799e+04  2.9542841813e+04  4.4201792673e+04  6.1792498644e+04
    19.200  3.1721752940e+03  9.0674425321e+03  1.7909072907e+04  2.9697660144e+04  4.4433311131e+04  6.2116057195e+04
    19.250  3.1889761091e+03  9.1150051320e+03  1.8002776011e+04  2.9852883471e+04  4.4665434587e+04  6.2440460741e+04
    19.300  3.2058219321e+03  9.1626927316e+03  1.8096724114e+04  3.0008511794e+04  4.4898163038e+04  6.2765709281e+04
    19.350  3.2227127630e+03  9.2105053309e+03  1.8190917213e+04  3.0164545114e+04  4.5131496485e+04  6.3091802818e+04
    19.400  3.2396486016e+03  9.2584429299e+03  1.8285355310e+04  3.0320983430e+04  4.5365434927e+04  6.3418741349e+04
    19.450  3.2566294481e+03  9.3065055287e+03  1.8380038405e+04  3.0477826743e+04  4.5599978366e+04  6.3746524876e+04
    19.500  3.2736553022e+03  9.3546931272e+03  1.8474966497e+04  3.0635075052e+04  4.5835126800e+04  6.4075153398e+04
    19.550  3.2907261640e+03  9.4030057254e+03  1.8570139587e+04  3.0792728358e+04  4.6070880230e+04  6.4404626915e+04
    19.600  3.3078420334e+03  9.4514433233e+03  1.8665557674e+04  3.0950786660e+04  4.6307238657e+04  6.4734945429e+04
    19.650  3.3250029104e+03  9.5000059209e+03  1.8761220758e+04  3.1109249960e+04  4.6544202079e+04  6.5066108938e+04
    19.700  3.3422087948e+03  9.5486935183e+03  1.8857128841e+04  3.1268118255e+04  4.6781770497e+04  6.5398117443e+04
    19.750  3.3594596868e+03  9.5975061154e+03  1.8953281921e+04  3.1427391547e+04  4.7019943911e+04  6.5730970940e+04
    19.800  3.3767555861e+03  9.6464437122e+03  1.9049679998e+04  3.1587069836e+04  4.7258722321e+04  6.6064669436e+04
    19.850  3.3940964928e+03  9.6955063087e+03  1.9146323073e+04  3.1747153121e+04  4.7498105727e+04  6.6399212927e+04
    19.900  3.4114824068e+03  9.7446939050e+03  1.9243211146e+04  3.1907641404e+04  4.7738094130e+04  6.6734601413e+04
    19.950  3.4289133280e+03  9.7940065009e+03  1.9340344216e+04  3.2068534682e+04  4.7978687528e+04  6.7070834896e+04
    20.000  3.4463892565e+03  9.8434440966e+03  1.9437722284e+04  3.2229832958e+04  4.8219885922e+04  6.7407913372e+04
