 #   eta         3                 4                 5                 6                 7                 8                 9                10
     0.000  1.2000000000e+01  2.0000000000e+01  3.0000000000e+01  4.2000000000e+01  5.6000000000e+01  7.2000000000e+01  9.0000000000e+01  1.1000000000e+02
     0.050  1.1854877485e+01  1.9863793810e+01  2.9875781728e+01  4.1890505780e+01  5.5907846793e+01  7.1927753401e+01  8.9950200405e+01  1.0997517424e+02
     0.100  1.1719039115e+01  1.9754060509e+01  2.9801806486e+01  4.1860717021e+01  5.5930227809e+01  7.2010093664e+01  9.0100193787e+01  1.1020046294e+02
     0.150  1.1591819852e+01  1.9669280802e+01  2.9776444495e+01  4.1909331088e+01  5.6066460522e+01  7.2247181352e+01  9.0451170311e+01  1.1067825206e+02
     0.200  1.1472606033e+01  1.9608118055e+01  2.9798490791e+01  4.2035870365e+01  5.6317229330e+01  7.2641211152e+01  9.1007135865e+01  1.1141463233e+02
     0.250  1.1360831184e+01  1.9569394641e+01  2.9867118749e+01  4.2240634229e+01  5.6684562262e+01  7.3196436997e+01  9.1775005886e+01  1.1241957950e+02
     0.300  1.1255972150e+01  1.9552071155e+01  2.9981840656e+01  4.2524665619e+01  5.7171838570e+01  7.3919254538e+01  9.2764792916e+01  1.1370727376e+02
     0.350  1.1157545534e+01  1.9555228071e+01  3.0142473641e+01  4.2889728764e+01  5.7783823199e+01  7.4818339391e+01  9.3989892195e+01  1.1529657205e+02
     0.400  1.1065104424e+01  1.9578049524e+01  3.0349109472e+01  4.3338294704e+01  5.8526724138e+01  7.5904840137e+01  9.5467472297e+01  1.1721165364e+02
     0.450  1.0978235404e+01  1.9619808898e+01  3.0602086893e+01  4.3873531173e+01  5.9408267795e+01  7.7192624271e+01  9.7218978975e+01  1.1948286506e+02
     0.500  1.0896555830e+01  1.9679856008e+01  3.0901965301e+01  4.4499293001e+01  6.0437785807e+01  7.8698572349e+01  9.9270758527e+01  1.2214779372e+02
     0.550  1.0819711333e+01  1.9757605647e+01  3.1249498694e+01  4.5220108652e+01  6.1626303690e+01  8.0442909472e+01  1.0165479982e+02  1.2525259577e+02
     0.600  1.0747373562e+01  1.9852527372e+01  3.1645608932e+01  4.6041157769e+01  6.2986617342e+01  8.2449552442e+01  1.0440957737e+02  1.2885358731e+02
     0.650  1.0679238112e+01  1.9964136378e+01  3.2091357509e+01  4.6968233814e+01  6.4533337464e+01  8.4746433277e+01  1.0758094511e+02  1.3301906272e+02
     0.700  1.0615022644e+01  2.0091985384e+01  3.2587915222e+01  4.8007685252e+01  6.6282874546e+01  8.7365733562e+01  1.1122297207e+02  1.3783120837e+02
     0.750  1.0554465169e+01  2.0235657462e+01  3.3136529370e+01  4.9166328475e+01  6.8253329170e+01  9.0343928386e+01  1.1539851697e+02  1.4338779700e+02
     0.800  1.0497322485e+01  2.0394759746e+01  3.3738488443e+01  5.0451326280e+01  7.0464245922e+01  9.3721496645e+01  1.2017920281e+02  1.4980303666e+02
     0.850  1.0443368740e+01  2.0568918000e+01  3.4395084656e+01  5.1870027610e+01  7.2936188023e+01  9.7542117937e+01  1.2564429025e+02  1.5720649500e+02
     0.900  1.0392394126e+01  2.0757772001e+01  3.5107575125e+01  5.3429767961e+01  7.5690099367e+01  1.0185117066e+02  1.3187782830e+02  1.6573853259e+02
     0.950  1.0344203682e+01  2.0960971731e+01  3.5877142944e+01  5.5137635562e+01  7.8746447462e+01  1.0669341267e+02  1.3896353498e+02  1.7554055509e+02
     1.000  1.0298616188e+01  2.1178174322e+01  3.6704859853e+01  5.7000215831e+01  8.2124188326e+01  1.1210990911e+02  1.4697735922e+02  1.8673942374e+02
     1.050  1.0255463155e+01  2.1409041752e+01  3.7591652470e+01  5.9023334496e+01  8.5839658357e+01  1.1813457780e+02  1.5597873524e+02  1.9942829879e+02
     1.100  1.0214587895e+01  2.1653239213e+01  3.8538274174e+01  6.1211826129e+01  8.9905560336e+01  1.2479106147e+02  1.6600285946e+02  2.1365028612e+02
     1.150  1.0175844665e+01  2.1910434128e+01  3.9545284524e+01  6.3569357035e+01  9.4330240339e+01  1.3209080151e+02  1.7705693224e+02  2.2939300297e+02
     1.200  1.0139097869e+01  2.2180295724e+01  4.0613037672e+01  6.6098327364e+01  9.9117420037e+01  1.4003296823e+02  1.8912219051e+02  2.4659783618e+02
     1.250  1.0104221331e+01  2.2462495099e+01  4.1741680482e+01  6.8799866569e+01  1.0426644933e+02  1.4860629725e+02  2.0216096800e+02  2.6517927641e+02
     1.300  1.0071097618e+01  2.2756705690e+01  4.2931160210e+01  7.1673921142e+01  1.0977301094e+02  1.5779220390e+02  2.1612581363e+02  2.8504490211e+02
     1.350  1.0039617411e+01  2.3062604051e+01  4.4181240713e+01  7.4719418098e+01  1.1563009988e+02  1.6756820846e+02  2.3096750653e+02  3.0610912822e+02
     1.400  1.0009678925e+01  2.3379870860e+01  4.5491525388e+01  7.7934476624e+01  1.2182906313e+02  1.7791085085e+02  2.4664030893e+02  3.2829947593e+02
     1.450  9.9811873731e+00  2.3708192044e+01  4.6861484601e+01  8.1316636616e+01  1.2836052230e+02  1.8879770078e+02  2.6310445889e+02  3.5155759952e+02
     1.500  9.9540544628e+00  2.4047259970e+01  4.8290485183e+01  8.4863076389e+01  1.3521508117e+02  2.0020847009e+02  2.8032673861e+02  3.7583775202e+02
     1.550  9.9281979361e+00  2.4396774608e+01  4.9777819769e+01  8.8570800294e+01  1.4238379814e+02  2.1212544544e+02  2.9828001296e+02  4.0110446568e+02
     1.600  9.9035411370e+00  2.4756444618e+01  5.1322734149e+01  9.2436786706e+01  1.4985845492e+02  2.2453349710e+02  3.1694236210e+02  4.2733030090e+02
     1.650  9.8800126126e+00  2.5125988320e+01  5.2924451362e+01  9.6458095208e+01  1.5763167354e+02  2.3741986727e+02  3.3629615013e+02  4.5449396157e+02
     1.700  9.8575457417e+00  2.5505134502e+01  5.4582191836e+01  1.0063193730e+02  1.6569693337e+02  2.5077387071e+02  3.5632718116e+02  4.8257881752e+02
     1.750  9.8360783908e+00  2.5893623067e+01  5.6295189346e+01  1.0495571763e+02  1.7404852943e+02  2.6458658176e+02  3.7702399164e+02  5.1157178144e+02
     1.800  9.8155525934e+00  2.6291205500e+01  5.8062702998e+01  1.0942705311e+02  1.8268150107e+02  2.7885054416e+02  3.9837727948e+02  5.4146246666e+02
     1.850  9.7959142533e+00  2.6697645160e+01  5.9884025638e+01  1.1404377682e+02  1.9159154922e+02  2.9355951772e+02  4.2037945299e+02  5.7224255805e+02
     1.900  9.7771128687e+00  2.7112717413e+01  6.1758489253e+01  1.1880393182e+02  2.0077495332e+02  3.0870826433e+02  4.4302427780e+02  6.0390534136e+02
     1.950  9.7591012763e+00  2.7536209610e+01  6.3685467955e+01  1.2370575908e+02  2.1022849328e+02  3.2429237075e+02  4.6630660134e+02  6.3644534953e+02
     2.000  9.7418354136e+00  2.7967920950e+01  6.5664379081e+01  1.2874768228e+02  2.1994937933e+02  3.4030810335e+02  4.9022213797e+02  6.6985809521e+02
     2.050  9.7252740989e+00  2.8407662221e+01  6.7694682931e+01  1.3392829139e+02  2.2993519035e+02  3.5675228969e+02  5.1476730077e+02  7.0413986696e+02
     2.100  9.7093788262e+00  2.8855255464e+01  6.9775881526e+01  1.3924632624e+02  2.4018382053e+02  3.7362222215e+02  5.3993906939e+02  7.3928757282e+02
     2.150  9.6941135765e+00  2.9310533564e+01  7.1907516722e+01  1.4470066074e+02  2.5069343378e+02  3.9091557959e+02  5.6573488578e+02  7.7529861927e+02
     2.200  9.6794446411e+00  2.9773339795e+01  7.4089167930e+01  1.5029028830e+02  2.6146242482e+02  4.0863036344e+02  5.9215257125e+02  8.1217081678e+02
     2.250  9.6653404593e+00  3.0243527326e+01  7.6320449625e+01  1.5601430841e+02  2.7248938624e+02  4.2676484549e+02  6.1919026043e+02  8.4990230567e+02
     2.300  9.6517714672e+00  3.0720958712e+01  7.8601008786e+01  1.6187191462e+02  2.8377308052e+02  4.4531752514e+02  6.4684634808e+02  8.8849149732e+02
     2.350  9.6387099575e+00  3.1205505377e+01  8.0930522348e+01  1.6786238376e+02  2.9531241646e+02  4.6428709417e+02  6.7511944618e+02  9.2793702732e+02
     2.400  9.6261299500e+00  3.1697047090e+01  8.3308694745e+01  1.7398506643e+02  3.0710642903e+02  4.8367240770e+02  7.0400834907e+02  9.6823771789e+02
     2.450  9.6140070715e+00  3.2195471462e+01  8.5735255566e+01  1.8023937853e+02  3.1915426243e+02  5.0347246007e+02  7.3351200496e+02  1.0093925474e+03
     2.500  9.6023184438e+00  3.2700673443e+01  8.8209957365e+01  1.8662479387e+02  3.3145515562e+02  5.2368636474e+02  7.6362949250e+02  1.0514006258e+03
     2.550  9.5910425813e+00  3.3212554849e+01  9.0732573616e+01  1.9314083756e+02  3.4400842997e+02  5.4431333759e+02  7.9436000149e+02  1.0942611740e+03
     2.600  9.5801592949e+00  3.3731023902e+01  9.3302896842e+01  1.9978708035e+02  3.5681347876e+02  5.6535268276e+02  8.2570281680e+02  1.1379735078e+03
     2.650  9.5696496034e+00  3.4255994795e+01  9.5920736881e+01  2.0656313351e+02  3.6986975818e+02  5.8680378085e+02  8.5765730502e+02  1.1825370234e+03
     2.700  9.5594956514e+00  3.4787387286e+01  9.8585919322e+01  2.1346864441e+02  3.8317677958e+02  6.0866607882e+02  8.9022290322e+02  1.2279511866e+03
     2.750  9.5496806335e+00  3.5325126305e+01  1.0129828406e+02  2.2050329266e+02  3.9673410288e+02  6.3093908151e+02  9.2339910953e+02  1.2742155228e+03
     2.800  9.5401887231e+00  3.5869141598e+01  1.0405768402e+02  2.2766678659e+02  4.1054133074e+02  6.5362234436e+02  9.5718547517e+02  1.3213296091e+03
     2.850  9.5310050075e+00  3.6419367384e+01  1.0686398393e+02  2.3495886030e+02  4.2459810370e+02  6.7671546722e+02  9.9158159765e+02  1.3692930672e+03
     2.900  9.5221154272e+00  3.6975742043e+01  1.0971705931e+02  2.4237927096e+02  4.3890409581e+02  7.0021808896e+02  1.0265871150e+03  1.4181055582e+03
     2.950  9.5135067194e+00  3.7538207819e+01  1.1261679547e+02  2.4992779644e+02  4.5345901089e+02  7.2412988295e+02  1.0622017010e+03  1.4677667774e+03
     3.000  9.5051663659e+00  3.8106710549e+01  1.1556308663e+02  2.5760423324e+02  4.6826257933e+02  7.4845055304e+02  1.0984250605e+03  1.5182764499e+03
     3.050  9.4970825446e+00  3.8681199409e+01  1.1855583517e+02  2.6540839462e+02  4.8331455515e+02  7.7317983014e+02  1.1352569263e+03  1.5696343273e+03
     3.100  9.4892440847e+00  3.9261626681e+01  1.2159495087e+02  2.7334010900e+02  4.9861471359e+02  7.9831746923e+02  1.1726970556e+03  1.6218401845e+03
     3.150  9.4816404247e+00  3.9847947532e+01  1.2468035030e+02  2.8139921846e+02  5.1416284885e+02  8.2386324676e+02  1.2107452276e+03  1.6748938173e+03
     3.200  9.4742615737e+00  4.0440119817e+01  1.2781195619e+02  2.8958557747e+02  5.2995877218e+02  8.4981695837e+02  1.2494012407e+03  1.7287950395e+03
     3.250  9.4670980754e+00  4.1038103889e+01  1.3098969698e+02  2.9789905170e+02  5.4600231022e+02  8.7617841689e+02  1.2886649108e+03  1.7835436815e+03
     3.300  9.4601409745e+00  4.1641862429e+01  1.3421350624e+02  3.0633951704e+02  5.6229330340e+02  9.0294745059e+02  1.3285360693e+03  1.8391395880e+03
     3.350  9.4533817856e+00  4.2251360287e+01  1.3748332232e+02  3.1490685862e+02  5.7883160471e+02  9.3012390162e+02  1.3690145615e+03  1.8955826171e+03
     3.400  9.4468124640e+00  4.2866564331e+01  1.4079908792e+02  3.2360097001e+02  5.9561707843e+02  9.5770762468e+02  1.4101002453e+03  1.9528726383e+03
     3.450  9.4404253791e+00  4.3487443316e+01  1.4416074973e+02  3.3242175250e+02  6.1264959912e+02  9.8569848577e+02  1.4517929898e+03  2.0110095319e+03
     3.500  9.4342132887e+00  4.4113967754e+01  1.4756825811e+02  3.4136911437e+02  6.2992905069e+02  1.0140963611e+03  1.4940926744e+03  2.0699931875e+03
     3.550  9.4281693162e+00  4.4746109796e+01  1.5102156681e+02  3.5044297034e+02  6.4745532551e+02  1.0429011363e+03  1.5369991875e+03  2.1298235032e+03
     3.600  9.4222869281e+00  4.5383843129e+01  1.5452063267e+02  3.5964324103e+02  6.6522832370e+02  1.0721127054e+03  1.5805124263e+03  2.1905003851e+03
     3.650  9.4165599144e+00  4.6027142872e+01  1.5806541543e+02  3.6896985245e+02  6.8324795243e+02  1.1017309698e+03  1.6246322951e+03  2.2520237461e+03
     3.700  9.4109823690e+00  4.6675985484e+01  1.6165587743e+02  3.7842273554e+02  7.0151412534e+02  1.1317558385e+03  1.6693587054e+03  2.3143935055e+03
     3.750  9.4055486722e+00  4.7330348678e+01  1.6529198348e+02  3.8800182583e+02  7.2002676198e+02  1.1621872264e+03  1.7146915750e+03  2.3776095886e+03
     3.800  9.4002534742e+00  4.7990211341e+01  1.6897370063e+02  3.9770706301e+02  7.3878578731e+02  1.1930250544e+03  1.7606308272e+03  2.4416719257e+03
     3.850  9.3950916796e+00  4.8655553460e+01  1.7270099801e+02  4.0753839067e+02  7.5779113128e+02  1.2242692488e+03  1.8071763910e+03  2.5065804522e+03
     3.900  9.3900584328e+00  4.9326356056e+01  1.7647384670e+02  4.1749575593e+02  7.7704272839e+02  1.2559197409e+03  1.8543281998e+03  2.5723351078e+03
     3.950  9.3851491050e+00  5.0002601115e+01  1.8029221955e+02  4.2757910923e+02  7.9654051737e+02  1.2879764663e+03  1.9020861915e+03  2.6389358361e+03
     4.000  9.3803592806e+00  5.0684271534e+01  1.8415609106e+02  4.3778840403e+02  8.1628444083e+02  1.3204393648e+03  1.9504503083e+03  2.7063825846e+03
     4.050  9.3756847465e+00  5.1371351061e+01  1.8806543730e+02  4.4812359661e+02  8.3627444495e+02  1.3533083802e+03  1.9994204958e+03  2.7746753043e+03
     4.100  9.3711214802e+00  5.2063824248e+01  1.9202023574e+02  4.5858464590e+02  8.5651047924e+02  1.3865834597e+03  2.0489967032e+03  2.8438139489e+03
     4.150  9.3666656397e+00  5.2761676401e+01  1.9602046518e+02  4.6917151319e+02  8.7699249625e+02  1.4202645536e+03  2.0991788829e+03  2.9137984755e+03
     4.200  9.3623135537e+00  5.3464893536e+01  2.0006610567e+02  4.7988416208e+02  8.9772045137e+02  1.4543516156e+03  2.1499669901e+03  2.9846288436e+03
     4.250  9.3580617126e+00  5.4173462337e+01  2.0415713840e+02  4.9072255822e+02  9.1869430263e+02  1.4888446018e+03  2.2013609829e+03  3.0563050152e+03
     4.300  9.3539067598e+00  5.4887370119e+01  2.0829354564e+02  5.0168666922e+02  9.3991401049e+02  1.5237434711e+03  2.2533608217e+03  3.1288269545e+03
     4.350  9.3498454837e+00  5.5606604788e+01  2.1247531065e+02  5.1277646451e+02  9.6137953767e+02  1.5590481847e+03  2.3059664692e+03  3.2021946279e+03
     4.400  9.3458748101e+00  5.6331154813e+01  2.1670241763e+02  5.2399191518e+02  9.8309084901e+02  1.5947587060e+03  2.3591778906e+03  3.2764080038e+03
     4.450  9.3419917951e+00  5.7061009191e+01  2.2097485165e+02  5.3533299392e+02  1.0050479113e+03  1.6308750007e+03  2.4129950526e+03  3.3514670524e+03
     4.500  9.3381936187e+00  5.7796157417e+01  2.2529259858e+02  5.4679967490e+02  1.0272506932e+03  1.6673970361e+03  2.4674179242e+03  3.4273717453e+03
     4.550  9.3344775779e+00  5.8536589458e+01  2.2965564508e+02  5.5839193363e+02  1.0496991650e+03  1.7043247815e+03  2.5224464757e+03  3.5041220561e+03
     4.600  9.3308410813e+00  5.9282295729e+01  2.3406397850e+02  5.7010974694e+02  1.0723932986e+03  1.7416582078e+03  2.5780806795e+03  3.5817179596e+03
     4.650  9.3272816436e+00  6.0033267062e+01  2.3851758686e+02  5.8195309284e+02  1.0953330675e+03  1.7793972875e+03  2.6343205091e+03  3.6601594320e+03
     4.700  9.3237968798e+00  6.0789494694e+01  2.4301645882e+02  5.9392195047e+02  1.1185184464e+03  1.8175419945e+03  2.6911659396e+03  3.7394464508e+03
     4.750  9.3203845008e+00  6.1550970236e+01  2.4756058361e+02  6.0601630005e+02  1.1419494115e+03  1.8560923041e+03  2.7486169474e+03  3.8195789947e+03
     4.800  9.3170423086e+00  6.2317685659e+01  2.5214995103e+02  6.1823612276e+02  1.1656259400e+03  1.8950481928e+03  2.8066735100e+03  3.9005570434e+03
     4.850  9.3137681917e+00  6.3089633272e+01  2.5678455137e+02  6.3058140072e+02  1.1895480105e+03  1.9344096384e+03  2.8653356061e+03  3.9823805777e+03
     4.900  9.3105601211e+00  6.3866805707e+01  2.6146437543e+02  6.4305211695e+02  1.2137156024e+03  1.9741766198e+03  2.9246032156e+03  4.0650495795e+03
     4.950  9.3074161464e+00  6.4649195902e+01  2.6618941446e+02  6.5564825526e+02  1.2381286964e+03  2.0143491170e+03  2.9844763194e+03  4.1485640314e+03
     5.000  9.3043343922e+00  6.5436797083e+01  2.7095966014e+02  6.6836980026e+02  1.2627872739e+03  2.0549271107e+03  3.0449548990e+03  4.2329239169e+03
     5.050  9.3013130543e+00  6.6229602754e+01  2.7577510454e+02  6.8121673726e+02  1.2876913172e+03  2.0959105830e+03  3.1060389373e+03  4.3181292204e+03
     5.100  9.2983503967e+00  6.7027606679e+01  2.8063574013e+02  6.9418905228e+02  1.3128408097e+03  2.1372995164e+03  3.1677284177e+03  4.4041799270e+03
     5.150  9.2954447481e+00  6.7830802871e+01  2.8554155974e+02  7.0728673199e+02  1.3382357353e+03  2.1790938946e+03  3.2300233244e+03  4.4910760224e+03
     5.200  9.2925944996e+00  6.8639185580e+01  2.9049255653e+02  7.2050976365e+02  1.3638760788e+03  2.2212937017e+03  3.2929236425e+03  4.5788174933e+03
     5.250  9.2897981010e+00  6.9452749282e+01  2.9548872398e+02  7.3385813512e+02  1.3897618256e+03  2.2638989229e+03  3.3564293577e+03  4.6674043265e+03
     5.300  9.2870540589e+00  7.0271488665e+01  3.0053005588e+02  7.4733183479e+02  1.4158929619e+03  2.3069095439e+03  3.4205404562e+03  4.7568365099e+03
     5.350  9.2843609339e+00  7.1095398625e+01  3.0561654630e+02  7.6093085156e+02  1.4422694743e+03  2.3503255509e+03  3.4852569252e+03  4.8471140317e+03
     5.400  9.2817173381e+00  7.1924474249e+01  3.1074818956e+02  7.7465517484e+02  1.4688913503e+03  2.3941469311e+03  3.5505787521e+03  4.9382368806e+03
     5.450  9.2791219331e+00  7.2758710811e+01  3.1592498028e+02  7.8850479448e+02  1.4957585776e+03  2.4383736719e+03  3.6165059252e+03  5.0302050458e+03
     5.500  9.2765734275e+00  7.3598103762e+01  3.2114691328e+02  8.0247970078e+02  1.5228711448e+03  2.4830057615e+03  3.6830384329e+03  5.1230185173e+03
     5.550  9.2740705754e+00  7.4442648721e+01  3.2641398363e+02  8.1657988443e+02  1.5502290406e+03  2.5280431883e+03  3.7501762644e+03  5.2166772850e+03
     5.600  9.2716121738e+00  7.5292341470e+01  3.3172618661e+02  8.3080533655e+02  1.5778322546e+03  2.5734859417e+03  3.8179194094e+03  5.3111813396e+03
     5.650  9.2691970612e+00  7.6147177942e+01  3.3708351770e+02  8.4515604861e+02  1.6056807766e+03  2.6193340110e+03  3.8862678579e+03  5.4065306721e+03
     5.700  9.2668241160e+00  7.7007154219e+01  3.4248597259e+02  8.5963201242e+02  1.6337745967e+03  2.6655873864e+03  3.9552216003e+03  5.5027252738e+03
     5.750  9.2644922544e+00  7.7872266522e+01  3.4793354713e+02  8.7423322014e+02  1.6621137057e+03  2.7122460581e+03  4.0247806275e+03  5.5997651366e+03
     5.800  9.2622004290e+00  7.8742511207e+01  3.5342623736e+02  8.8895966426e+02  1.6906980947e+03  2.7593100172e+03  4.0949449306e+03  5.6976502523e+03
     5.850  9.2599476273e+00  7.9617884759e+01  3.5896403949e+02  9.0381133754e+02  1.7195277549e+03  2.8067792546e+03  4.1657145014e+03  5.7963806136e+03
     5.900  9.2577328705e+00  8.0498383784e+01  3.6454694988e+02  9.1878823307e+02  1.7486026782e+03  2.8546537620e+03  4.2370893316e+03  5.8959562129e+03
     5.950  9.2555552118e+00  8.1384005007e+01  3.7017496504e+02  9.3389034417e+02  1.7779228567e+03  2.9029335313e+03  4.3090694137e+03  5.9963770433e+03
     6.000  9.2534137353e+00  8.2274745265e+01  3.7584808162e+02  9.4911766444e+02  1.8074882828e+03  2.9516185546e+03  4.3816547400e+03  6.0976430982e+03
     6.050  9.2513075546e+00  8.3170601502e+01  3.8156629642e+02  9.6447018774e+02  1.8372989490e+03  3.0007088244e+03  4.4548453035e+03  6.1997543708e+03
     6.100  9.2492358118e+00  8.4071570766e+01  3.8732960635e+02  9.7994790815e+02  1.8673548485e+03  3.0502043336e+03  4.5286410972e+03  6.3027108552e+03
     6.150  9.2471976765e+00  8.4977650204e+01  3.9313800845e+02  9.9555081997e+02  1.8976559745e+03  3.1001050752e+03  4.6030421147e+03  6.4065125452e+03
     6.200  9.2451923442e+00  8.5888837058e+01  3.9899149988e+02  1.0112789177e+03  1.9282023204e+03  3.1504110426e+03  4.6780483494e+03  6.5111594351e+03
     6.250  9.2432190360e+00  8.6805128660e+01  4.0489007791e+02  1.0271321962e+03  1.9589938801e+03  3.2011222294e+03  4.7536597953e+03  6.6166515193e+03
     6.300  9.2412769970e+00  8.7726522430e+01  4.1083373991e+02  1.0431106502e+03  1.9900306474e+03  3.2522386293e+03  4.8298764465e+03  6.7229887925e+03
     6.350  9.2393654957e+00  8.8653015871e+01  4.1682248336e+02  1.0592142749e+03  2.0213126166e+03  3.3037602364e+03  4.9066982973e+03  6.8301712495e+03
     6.400  9.2374838231e+00  8.9584606567e+01  4.2285630584e+02  1.0754430656e+03  2.0528397821e+03  3.3556870451e+03  4.9841253422e+03  6.9381988854e+03
     6.450  9.2356312917e+00  9.0521292180e+01  4.2893520499e+02  1.0917970177e+03  2.0846121385e+03  3.4080190497e+03  5.0621575759e+03  7.0470716954e+03
     6.500  9.2338072350e+00  9.1463070444e+01  4.3505917858e+02  1.1082761269e+03  2.1166296806e+03  3.4607562451e+03  5.1407949935e+03  7.1567896749e+03
     6.550  9.2320110062e+00  9.2409939166e+01  4.4122822445e+02  1.1248803889e+03  2.1488924034e+03  3.5138986260e+03  5.2200375899e+03  7.2673528194e+03
     6.600  9.2302419780e+00  9.3361896221e+01  4.4744234050e+02  1.1416097997e+03  2.1814003021e+03  3.5674461875e+03  5.2998853605e+03  7.3787611246e+03
     6.650  9.2284995417e+00  9.4318939550e+01  4.5370152473e+02  1.1584643553e+03  2.2141533721e+03  3.6213989248e+03  5.3803383006e+03  7.4910145863e+03
     6.700  9.2267831064e+00  9.5281067156e+01  4.6000577520e+02  1.1754440520e+03  2.2471516087e+03  3.6757568333e+03  5.4613964060e+03  7.6041132007e+03
     6.750  9.2250920983e+00  9.6248277105e+01  4.6635509005e+02  1.1925488860e+03  2.2803950078e+03  3.7305199087e+03  5.5430596722e+03  7.7180569637e+03
     6.800  9.2234259606e+00  9.7220567520e+01  4.7274946749e+02  1.2097788537e+03  2.3138835650e+03  3.7856881465e+03  5.6253280953e+03  7.8328458717e+03
     6.850  9.2217841522e+00  9.8197936582e+01  4.7918890577e+02  1.2271339519e+03  2.3476172764e+03  3.8412615426e+03  5.7082016712e+03  7.9484799211e+03
     6.900  9.2201661476e+00  9.9180382524e+01  4.8567340323e+02  1.2446141772e+03  2.3815961380e+03  3.8972400931e+03  5.7916803962e+03  8.0649591083e+03
     6.950  9.2185714362e+00  1.0016790363e+02  4.9220295824e+02  1.2622195263e+03  2.4158201460e+03  3.9536237940e+03  5.8757642664e+03  8.1822834300e+03
     7.000  9.2169995219e+00  1.0116049825e+02  4.9877756926e+02  1.2799499962e+03  2.4502892968e+03  4.0104126417e+03  5.9604532784e+03  8.3004528829e+03
     7.050  9.2154499223e+00  1.0215816475e+02  5.0539723477e+02  1.2978055839e+03  2.4850035868e+03  4.0676066324e+03  6.0457474286e+03  8.4194674639e+03
     7.100  9.2139221685e+00  1.0316090158e+02  5.1206195333e+02  1.3157862865e+03  2.5199630127e+03  4.1252057626e+03  6.1316467137e+03  8.5393271699e+03
     7.150  9.2124158047e+00  1.0416870720e+02  5.1877172352e+02  1.3338921012e+03  2.5551675711e+03  4.1832100291e+03  6.2181511305e+03  8.6600319979e+03
     7.200  9.2109303875e+00  1.0518158015e+02  5.2552654400e+02  1.3521230252e+03  2.5906172587e+03  4.2416194285e+03  6.3052606758e+03  8.7815819451e+03
     7.250  9.2094654854e+00  1.0619951898e+02  5.3232641346e+02  1.3704790560e+03  2.6263120725e+03  4.3004339575e+03  6.3929753465e+03  8.9039770086e+03
     7.300  9.2080206790e+00  1.0722252230e+02  5.3917133062e+02  1.3889601910e+03  2.6622520095e+03  4.3596536132e+03  6.4812951397e+03  9.0272171858e+03
     7.350  9.2065955599e+00  1.0825058875e+02  5.4606129426e+02  1.4075664277e+03  2.6984370668e+03  4.4192783926e+03  6.5702200525e+03  9.1513024741e+03
     7.400  9.2051897307e+00  1.0928371702e+02  5.5299630320e+02  1.4262977638e+03  2.7348672415e+03  4.4793082927e+03  6.6597500823e+03  9.2762328710e+03
     7.450  9.2038028045e+00  1.1032190581e+02  5.5997635629e+02  1.4451541969e+03  2.7715425310e+03  4.5397433108e+03  6.7498852262e+03  9.4020083740e+03
     7.500  9.2024344048e+00  1.1136515388e+02  5.6700145242e+02  1.4641357248e+03  2.8084629324e+03  4.6005834441e+03  6.8406254817e+03  9.5286289807e+03
     7.550  9.2010841647e+00  1.1241346001e+02  5.7407159051e+02  1.4832423453e+03  2.8456284434e+03  4.6618286900e+03  6.9319708463e+03  9.6560946888e+03
     7.600  9.1997517272e+00  1.1346682304e+02  5.8118676953e+02  1.5024740564e+03  2.8830390614e+03  4.7234790460e+03  7.0239213175e+03  9.7844054960e+03
     7.650  9.1984367442e+00  1.1452524179e+02  5.8834698848e+02  1.5218308558e+03  2.9206947839e+03  4.7855345096e+03  7.1164768930e+03  9.9135614003e+03
     7.700  9.1971388768e+00  1.1558871517e+02  5.9555224636e+02  1.5413127417e+03  2.9585956086e+03  4.8479950784e+03  7.2096375703e+03  1.0043562399e+04
     7.750  9.1958577947e+00  1.1665724207e+02  6.0280254225e+02  1.5609197122e+03  2.9967415333e+03  4.9108607500e+03  7.3034033474e+03  1.0174408491e+04
     7.800  9.1945931761e+00  1.1773082145e+02  6.1009787523e+02  1.5806517653e+03  3.0351325558e+03  4.9741315222e+03  7.3977742220e+03  1.0306099674e+04
     7.850  9.1933447070e+00  1.1880945226e+02  6.1743824441e+02  1.6005088993e+03  3.0737686738e+03  5.0378073927e+03  7.4927501920e+03  1.0438635946e+04
     7.900  9.1921120817e+00  1.1989313350e+02  6.2482364892e+02  1.6204911123e+03  3.1126498853e+03  5.1018883595e+03  7.5883312554e+03  1.0572017305e+04
     7.950  9.1908950020e+00  1.2098186419e+02  6.3225408794e+02  1.6405984027e+03  3.1517761883e+03  5.1663744205e+03  7.6845174101e+03  1.0706243749e+04
     8.000  9.1896931769e+00  1.2207564338e+02  6.3972956066e+02  1.6608307688e+03  3.1911475808e+03  5.2312655737e+03  7.7813086543e+03  1.0841315276e+04
     8.050  9.1885063228e+00  1.2317447013e+02  6.4725006629e+02  1.6811882090e+03  3.2307640609e+03  5.2965618170e+03  7.8787049860e+03  1.0977231885e+04
     8.100  9.1873341629e+00  1.2427834355e+02  6.5481560408e+02  1.7016707217e+03  3.2706256268e+03  5.3622631487e+03  7.9767064035e+03  1.1113993575e+04
     8.150  9.1861764274e+00  1.2538726274e+02  6.6242617327e+02  1.7222783053e+03  3.3107322766e+03  5.4283695668e+03  8.0753129049e+03  1.1251600342e+04
     8.200  9.1850328528e+00  1.2650122685e+02  6.7008177317e+02  1.7430109585e+03  3.3510840086e+03  5.4948810695e+03  8.1745244885e+03  1.1390052187e+04
     8.250  9.1839031820e+00  1.2762023504e+02  6.7778240307e+02  1.7638686797e+03  3.3916808210e+03  5.5617976551e+03  8.2743411527e+03  1.1529349106e+04
     8.300  9.1827871640e+00  1.2874428648e+02  6.8552806230e+02  1.7848514675e+03  3.4325227123e+03  5.6291193220e+03  8.3747628958e+03  1.1669491100e+04
     8.350  9.1816845540e+00  1.2987338038e+02  6.9331875019e+02  1.8059593206e+03  3.4736096808e+03  5.6968460684e+03  8.4757897161e+03  1.1810478166e+04
     8.400  9.1805951127e+00  1.3100751596e+02  7.0115446613e+02  1.8271922376e+03  3.5149417249e+03  5.7649778927e+03  8.5774216123e+03  1.1952310302e+04
     8.450  9.1795186067e+00  1.3214669245e+02  7.0903520947e+02  1.8485502172e+03  3.5565188431e+03  5.8335147933e+03  8.6796585827e+03  1.2094987508e+04
     8.500  9.1784548079e+00  1.3329090912e+02  7.1696097963e+02  1.8700332582e+03  3.5983410339e+03  5.9024567689e+03  8.7825006259e+03  1.2238509783e+04
     8.550  9.1774034935e+00  1.3444016525e+02  7.2493177603e+02  1.8916413594e+03  3.6404082958e+03  5.9718038177e+03  8.8859477405e+03  1.2382877124e+04
     8.600  9.1763644459e+00  1.3559446011e+02  7.3294759808e+02  1.9133745195e+03  3.6827206275e+03  6.0415559385e+03  8.9899999250e+03  1.2528089530e+04
     8.650  9.1753374526e+00  1.3675379303e+02  7.4100844524e+02  1.9352327374e+03  3.7252780276e+03  6.1117131297e+03  9.0946571781e+03  1.2674147001e+04
     8.700  9.1743223058e+00  1.3791816333e+02  7.4911431698e+02  1.9572160120e+03  3.7680804947e+03  6.1822753901e+03  9.1999194985e+03  1.2821049535e+04
     8.750  9.1733188025e+00  1.3908757036e+02  7.5726521276e+02  1.9793243420e+03  3.8111280276e+03  6.2532427183e+03  9.3057868849e+03  1.2968797131e+04
     8.800  9.1723267443e+00  1.4026201346e+02  7.6546113209e+02  2.0015577266e+03  3.8544206249e+03  6.3246151130e+03  9.4122593361e+03  1.3117389788e+04
     8.850  9.1713459373e+00  1.4144149201e+02  7.7370207447e+02  2.0239161646e+03  3.8979582854e+03  6.3963925728e+03  9.5193368507e+03  1.3266827504e+04
     8.900  9.1703761918e+00  1.4262600540e+02  7.8198803941e+02  2.0463996550e+03  3.9417410079e+03  6.4685750967e+03  9.6270194277e+03  1.3417110279e+04
     8.950  9.1694173225e+00  1.4381555303e+02  7.9031902645e+02  2.0690081967e+03  3.9857687913e+03  6.5411626833e+03  9.7353070659e+03  1.3568238111e+04
     9.000  9.1684691480e+00  1.4501013432e+02  7.9869503514e+02  2.0917417889e+03  4.0300416344e+03  6.6141553315e+03  9.8441997641e+03  1.3720210999e+04
     9.050  9.1675314912e+00  1.4620974868e+02  8.0711606503e+02  2.1146004306e+03  4.0745595360e+03  6.6875530401e+03  9.9536975212e+03  1.3873028943e+04
     9.100  9.1666041785e+00  1.4741439557e+02  8.1558211569e+02  2.1375841208e+03  4.1193224951e+03  6.7613558081e+03  1.0063800336e+04  1.4026691941e+04
     9.150  9.1656870404e+00  1.4862407443e+02  8.2409318670e+02  2.1606928587e+03  4.1643305106e+03  6.8355636343e+03  1.0174508208e+04  1.4181199993e+04
     9.200  9.1647799109e+00  1.4983878472e+02  8.3264927764e+02  2.1839266433e+03  4.2095835815e+03  6.9101765176e+03  1.0285821135e+04  1.4336553097e+04
     9.250  9.1638826276e+00  1.5105852594e+02  8.4125038813e+02  2.2072854739e+03  4.2550817068e+03  6.9851944571e+03  1.0397739118e+04  1.4492751253e+04
     9.300  9.1629950316e+00  1.5228329756e+02  8.4989651777e+02  2.2307693495e+03  4.3008248854e+03  7.0606174517e+03  1.0510262154e+04  1.4649794459e+04
     9.350  9.1621169674e+00  1.5351309908e+02  8.5858766619e+02  2.2543782694e+03  4.3468131164e+03  7.1364455004e+03  1.0623390243e+04  1.4807682715e+04
     9.400  9.1612482828e+00  1.5474793002e+02  8.6732383300e+02  2.2781122327e+03  4.3930463989e+03  7.2126786023e+03  1.0737123383e+04  1.4966416020e+04
     9.450  9.1603888288e+00  1.5598778990e+02  8.7610501787e+02  2.3019712388e+03  4.4395247320e+03  7.2893167564e+03  1.0851461575e+04  1.5125994373e+04
     9.500  9.1595384596e+00  1.5723267825e+02  8.8493122043e+02  2.3259552867e+03  4.4862481147e+03  7.3663599618e+03  1.0966404817e+04  1.5286417773e+04
     9.550  9.1586970322e+00  1.5848259460e+02  8.9380244034e+02  2.3500643758e+03  4.5332165462e+03  7.4438082175e+03  1.1081953108e+04  1.5447686219e+04
     9.600  9.1578644069e+00  1.5973753852e+02  9.0271867727e+02  2.3742985054e+03  4.5804300256e+03  7.5216615228e+03  1.1198106448e+04  1.5609799711e+04
     9.650  9.1570404467e+00  1.6099750956e+02  9.1167993089e+02  2.3986576747e+03  4.6278885520e+03  7.5999198767e+03  1.1314864834e+04  1.5772758248e+04
     9.700  9.1562250175e+00  1.6226250730e+02  9.2068620089e+02  2.4231418830e+03  4.6755921248e+03  7.6785832784e+03  1.1432228268e+04  1.5936561829e+04
     9.750  9.1554179878e+00  1.6353253130e+02  9.2973748696e+02  2.4477511298e+03  4.7235407430e+03  7.7576517272e+03  1.1550196748e+04  1.6101210453e+04
     9.800  9.1546192289e+00  1.6480758117e+02  9.3883378880e+02  2.4724854142e+03  4.7717344059e+03  7.8371252221e+03  1.1668770273e+04  1.6266704120e+04
     9.850  9.1538286147e+00  1.6608765650e+02  9.4797510611e+02  2.4973447357e+03  4.8201731127e+03  7.9170037624e+03  1.1787948842e+04  1.6433042829e+04
     9.900  9.1530460216e+00  1.6737275688e+02  9.5716143861e+02  2.5223290936e+03  4.8688568626e+03  7.9972873474e+03  1.1907732455e+04  1.6600226579e+04
     9.950  9.1522713286e+00  1.6866288195e+02  9.6639278600e+02  2.5474384874e+03  4.9177856551e+03  8.0779759762e+03  1.2028121111e+04  1.6768255369e+04
    10.000  9.1515044170e+00  1.6995803130e+02  9.7566914803e+02  2.5726729163e+03  4.9669594892e+03  8.1590696482e+03  1.2149114809e+04  1.6937129200e+04
    10.050  9.1507451704e+00  1.7125820459e+02  9.8499052443e+02  2.5980323799e+03  5.0163783644e+03  8.2405683627e+03  1.2270713548e+04  1.7106848070e+04
    10.100  9.1499934749e+00  1.7256340143e+02  9.9435691492e+02  2.6235168775e+03  5.0660422799e+03  8.3224721189e+03  1.2392917329e+04  1.7277411978e+04
    10.150  9.1492492186e+00  1.7387362148e+02  1.0037683193e+03  2.6491264086e+03  5.1159512352e+03  8.4047809161e+03  1.2515726149e+04  1.7448820924e+04
    10.200  9.1485122920e+00  1.7518886439e+02  1.0132247372e+03  2.6748609727e+03  5.1661052294e+03  8.4874947538e+03  1.2639140009e+04  1.7621074908e+04
    10.250  9.1477825877e+00  1.7650912981e+02  1.0227261685e+03  2.7007205691e+03  5.2165042621e+03  8.5706136311e+03  1.2763158909e+04  1.7794173929e+04
    10.300  9.1470600002e+00  1.7783441741e+02  1.0322726129e+03  2.7267051974e+03  5.2671483325e+03  8.6541375476e+03  1.2887782846e+04  1.7968117986e+04
    10.350  9.1463444262e+00  1.7916472686e+02  1.0418640702e+03  2.7528148570e+03  5.3180374402e+03  8.7380665025e+03  1.3013011821e+04  1.8142907078e+04
    10.400  9.1456357645e+00  1.8050005784e+02  1.0515005402e+03  2.7790495474e+03  5.3691715843e+03  8.8224004953e+03  1.3138845833e+04  1.8318541206e+04
    10.450  9.1449339155e+00  1.8184041002e+02  1.0611820226e+03  2.8054092682e+03  5.4205507645e+03  8.9071395253e+03  1.3265284882e+04  1.8495020368e+04
    10.500  9.1442387818e+00  1.8318578311e+02  1.0709085172e+03  2.8318940188e+03  5.4721749800e+03  8.9922835920e+03  1.3392328966e+04  1.8672344564e+04
    10.550  9.1435502677e+00  1.8453617680e+02  1.0806800238e+03  2.8585037989e+03  5.5240442304e+03  9.0778326948e+03  1.3519978086e+04  1.8850513794e+04
    10.600  9.1428682793e+00  1.8589159078e+02  1.0904965423e+03  2.8852386078e+03  5.5761585151e+03  9.1637868330e+03  1.3648232241e+04  1.9029528057e+04
    10.650  9.1421927246e+00  1.8725202477e+02  1.1003580723e+03  2.9120984452e+03  5.6285178336e+03  9.2501460063e+03  1.3777091430e+04  1.9209387352e+04
    10.700  9.1415235131e+00  1.8861747849e+02  1.1102646138e+03  2.9390833106e+03  5.6811221853e+03  9.3369102139e+03  1.3906555653e+04  1.9390091680e+04
    10.750  9.1408605561e+00  1.8998795164e+02  1.1202161664e+03  2.9661932036e+03  5.7339715697e+03  9.4240794555e+03  1.4036624909e+04  1.9571641039e+04
    10.800  9.1402037667e+00  1.9136344395e+02  1.1302127301e+03  2.9934281237e+03  5.7870659864e+03  9.5116537304e+03  1.4167299198e+04  1.9754035429e+04
    10.850  9.1395530593e+00  1.9274395516e+02  1.1402543046e+03  3.0207880706e+03  5.8404054347e+03  9.5996330382e+03  1.4298578519e+04  1.9937274849e+04
    10.900  9.1389083500e+00  1.9412948500e+02  1.1503408897e+03  3.0482730438e+03  5.8939899143e+03  9.6880173784e+03  1.4430462872e+04  2.0121359300e+04
    10.950  9.1382695565e+00  1.9552003320e+02  1.1604724854e+03  3.0758830429e+03  5.9478194246e+03  9.7768067504e+03  1.4562952256e+04  2.0306288780e+04
    11.000  9.1376365979e+00  1.9691559951e+02  1.1706490913e+03  3.1036180675e+03  6.0018939653e+03  9.8660011538e+03  1.4696046672e+04  2.0492063290e+04
    11.050  9.1370093949e+00  1.9831618368e+02  1.1808707074e+03  3.1314781173e+03  6.0562135358e+03  9.9556005882e+03  1.4829746117e+04  2.0678682829e+04
    11.100  9.1363878694e+00  1.9972178546e+02  1.1911373334e+03  3.1594631919e+03  6.1107781356e+03  1.0045605053e+04  1.4964050592e+04  2.0866147396e+04
    11.150  9.1357719449e+00  2.0113240462e+02  1.2014489692e+03  3.1875732908e+03  6.1655877645e+03  1.0136014548e+04  1.5098960097e+04  2.1054456991e+04
    11.200  9.1351615462e+00  2.0254804090e+02  1.2118056147e+03  3.2158084137e+03  6.2206424218e+03  1.0226829072e+04  1.5234474631e+04  2.1243611614e+04
    11.250  9.1345565995e+00  2.0396869409e+02  1.2222072697e+03  3.2441685604e+03  6.2759421073e+03  1.0318048626e+04  1.5370594193e+04  2.1433611264e+04
    11.300  9.1339570321e+00  2.0539436395e+02  1.2326539340e+03  3.2726537303e+03  6.3314868204e+03  1.0409673208e+04  1.5507318784e+04  2.1624455941e+04
    11.350  9.1333627728e+00  2.0682505025e+02  1.2431456075e+03  3.3012639232e+03  6.3872765609e+03  1.0501702819e+04  1.5644648403e+04  2.1816145644e+04
    11.400  9.1327737516e+00  2.0826075278e+02  1.2536822901e+03  3.3299991388e+03  6.4433113282e+03  1.0594137457e+04  1.5782583049e+04  2.2008680373e+04
    11.450  9.1321898997e+00  2.0970147132e+02  1.2642639815e+03  3.3588593767e+03  6.4995911220e+03  1.0686977123e+04  1.5921122722e+04  2.2202060128e+04
    11.500  9.1316111495e+00  2.1114720565e+02  1.2748906817e+03  3.3878446366e+03  6.5561159420e+03  1.0780221816e+04  1.6060267422e+04  2.2396284909e+04
    11.550  9.1310374345e+00  2.1259795557e+02  1.2855623906e+03  3.4169549181e+03  6.6128857877e+03  1.0873871536e+04  1.6200017148e+04  2.2591354714e+04
    11.600  9.1304686894e+00  2.1405372087e+02  1.2962791079e+03  3.4461902210e+03  6.6699006587e+03  1.0967926282e+04  1.6340371899e+04  2.2787269545e+04
    11.650  9.1299048502e+00  2.1551450135e+02  1.3070408336e+03  3.4755505450e+03  6.7271605548e+03  1.1062386054e+04  1.6481331677e+04  2.2984029399e+04
    11.700  9.1293458536e+00  2.1698029680e+02  1.3178475675e+03  3.5050358897e+03  6.7846654755e+03  1.1157250852e+04  1.6622896479e+04  2.3181634278e+04
    11.750  9.1287916378e+00  2.1845110704e+02  1.3286993095e+03  3.5346462549e+03  6.8424154206e+03  1.1252520675e+04  1.6765066307e+04  2.3380084180e+04
    11.800  9.1282421417e+00  2.1992693188e+02  1.3395960594e+03  3.5643816403e+03  6.9004103896e+03  1.1348195522e+04  1.6907841159e+04  2.3579379106e+04
    11.850  9.1276973055e+00  2.2140777111e+02  1.3505378173e+03  3.5942420456e+03  6.9586503823e+03  1.1444275395e+04  1.7051221035e+04  2.3779519054e+04
    11.900  9.1271570703e+00  2.2289362457e+02  1.3615245828e+03  3.6242274704e+03  7.0171353983e+03  1.1540760291e+04  1.7195205935e+04  2.3980504026e+04
    11.950  9.1266213780e+00  2.2438449206e+02  1.3725563560e+03  3.6543379147e+03  7.0758654372e+03  1.1637650211e+04  1.7339795858e+04  2.4182334019e+04
    12.000  9.1260901719e+00  2.2588037342e+02  1.3836331367e+03  3.6845733780e+03  7.1348404989e+03  1.1734945155e+04  1.7484990805e+04  2.4385009035e+04
    12.050  9.1255633959e+00  2.2738126845e+02  1.3947549248e+03  3.7149338601e+03  7.1940605829e+03  1.1832645123e+04  1.7630790775e+04  2.4588529073e+04
    12.100  9.1250409948e+00  2.2888717700e+02  1.4059217201e+03  3.7454193608e+03  7.2535256889e+03  1.1930750113e+04  1.7777195767e+04  2.4792894133e+04
    12.150  9.1245229145e+00  2.3039809888e+02  1.4171335226e+03  3.7760298797e+03  7.3132358167e+03  1.2029260125e+04  1.7924205781e+04  2.4998104213e+04
    12.200  9.1240091018e+00  2.3191403394e+02  1.4283903322e+03  3.8067654168e+03  7.3731909660e+03  1.2128175160e+04  1.8071820817e+04  2.5204159315e+04
    12.250  9.1234995042e+00  2.3343498200e+02  1.4396921488e+03  3.8376259716e+03  7.4333911365e+03  1.2227495217e+04  1.8220040876e+04  2.5411059437e+04
    12.300  9.1229940702e+00  2.3496094291e+02  1.4510389722e+03  3.8686115440e+03  7.4938363278e+03  1.2327220296e+04  1.8368865955e+04  2.5618804580e+04
    12.350  9.1224927490e+00  2.3649191651e+02  1.4624308024e+03  3.8997221338e+03  7.5545265398e+03  1.2427350396e+04  1.8518296056e+04  2.5827394743e+04
    12.400  9.1219954907e+00  2.3802790264e+02  1.4738676392e+03  3.9309577406e+03  7.6154617721e+03  1.2527885517e+04  1.8668331177e+04  2.6036829926e+04
    12.450  9.1215022463e+00  2.3956890114e+02  1.4853494826e+03  3.9623183644e+03  7.6766420244e+03  1.2628825659e+04  1.8818971319e+04  2.6247110128e+04
    12.500  9.1210129674e+00  2.4111491187e+02  1.4968763325e+03  3.9938040048e+03  7.7380672966e+03  1.2730170822e+04  1.8970216481e+04  2.6458235350e+04
    12.550  9.1205276064e+00  2.4266593468e+02  1.5084481888e+03  4.0254146616e+03  7.7997375883e+03  1.2831921005e+04  1.9122066664e+04  2.6670205591e+04
    12.600  9.1200461167e+00  2.4422196942e+02  1.5200650513e+03  4.0571503346e+03  7.8616528993e+03  1.2934076208e+04  1.9274521866e+04  2.6883020852e+04
    12.650  9.1195684520e+00  2.4578301595e+02  1.5317269201e+03  4.0890110237e+03  7.9238132294e+03  1.3036636431e+04  1.9427582088e+04  2.7096681130e+04
    12.700  9.1190945672e+00  2.4734907412e+02  1.5434337949e+03  4.1209967285e+03  7.9862185782e+03  1.3139601673e+04  1.9581247329e+04  2.7311186428e+04
    12.750  9.1186244175e+00  2.4892014379e+02  1.5551856758e+03  4.1531074489e+03  8.0488689456e+03  1.3242971935e+04  1.9735517589e+04  2.7526536743e+04
    12.800  9.1181579591e+00  2.5049622483e+02  1.5669825626e+03  4.1853431848e+03  8.1117643313e+03  1.3346747215e+04  1.9890392868e+04  2.7742732077e+04
    12.850  9.1176951488e+00  2.5207731711e+02  1.5788244553e+03  4.2177039358e+03  8.1749047351e+03  1.3450927515e+04  2.0045873165e+04  2.7959772428e+04
    12.900  9.1172359440e+00  2.5366342049e+02  1.5907113538e+03  4.2501897018e+03  8.2382901568e+03  1.3555512833e+04  2.0201958481e+04  2.8177657797e+04
    12.950  9.1167803028e+00  2.5525453483e+02  1.6026432579e+03  4.2828004826e+03  8.3019205960e+03  1.3660503170e+04  2.0358648815e+04  2.8396388183e+04
    13.000  9.1163281839e+00  2.5685066001e+02  1.6146201677e+03  4.3155362781e+03  8.3657960527e+03  1.3765898524e+04  2.0515944166e+04  2.8615963586e+04
    13.050  9.1158795468e+00  2.5845179591e+02  1.6266420830e+03  4.3483970880e+03  8.4299165265e+03  1.3871698896e+04  2.0673844536e+04  2.8836384007e+04
    13.100  9.1154343513e+00  2.6005794240e+02  1.6387090038e+03  4.3813829121e+03  8.4942820173e+03  1.3977904286e+04  2.0832349923e+04  2.9057649444e+04
    13.150  9.1149925582e+00  2.6166909935e+02  1.6508209300e+03  4.4144937504e+03  8.5588925249e+03  1.4084514694e+04  2.0991460327e+04  2.9279759897e+04
    13.200  9.1145541287e+00  2.6328526664e+02  1.6629778615e+03  4.4477296025e+03  8.6237480490e+03  1.4191530119e+04  2.1151175748e+04  2.9502715367e+04
    13.250  9.1141190245e+00  2.6490644416e+02  1.6751797982e+03  4.4810904683e+03  8.6888485895e+03  1.4298950560e+04  2.1311496186e+04  2.9726515853e+04
    13.300  9.1136872080e+00  2.6653263179e+02  1.6874267402e+03  4.5145763478e+03  8.7541941461e+03  1.4406776019e+04  2.1472421640e+04  2.9951161355e+04
    13.350  9.1132586421e+00  2.6816382941e+02  1.6997186872e+03  4.5481872406e+03  8.8197847186e+03  1.4515006494e+04  2.1633952111e+04  3.0176651873e+04
    13.400  9.1128332904e+00  2.6980003691e+02  1.7120556393e+03  4.5819231466e+03  8.8856203069e+03  1.4623641986e+04  2.1796087599e+04  3.0402987406e+04
    13.450  9.1124111168e+00  2.7144125417e+02  1.7244375963e+03  4.6157840657e+03  8.9517009108e+03  1.4732682493e+04  2.1958828102e+04  3.0630167955e+04
    13.500  9.1119920860e+00  2.7308748110e+02  1.7368645582e+03  4.6497699977e+03  9.0180265300e+03  1.4842128017e+04  2.2122173621e+04  3.0858193518e+04
    13.550  9.1115761630e+00  2.7473871756e+02  1.7493365250e+03  4.6838809424e+03  9.0845971644e+03  1.4951978557e+04  2.2286124156e+04  3.1087064097e+04
    13.600  9.1111633134e+00  2.7639496347e+02  1.7618534966e+03  4.7181168998e+03  9.1514128138e+03  1.5062234112e+04  2.2450679706e+04  3.1316779691e+04
    13.650  9.1107535034e+00  2.7805621872e+02  1.7744154729e+03  4.7524778696e+03  9.2184734780e+03  1.5172894682e+04  2.2615840271e+04  3.1547340299e+04
    13.700  9.1103466995e+00  2.7972248319e+02  1.7870224538e+03  4.7869638517e+03  9.2857791569e+03  1.5283960268e+04  2.2781605852e+04  3.1778745922e+04
    13.750  9.1099428689e+00  2.8139375680e+02  1.7996744393e+03  4.8215748459e+03  9.3533298503e+03  1.5395430869e+04  2.2947976447e+04  3.2010996559e+04
    13.800  9.1095419790e+00  2.8307003943e+02  1.8123714294e+03  4.8563108522e+03  9.4211255579e+03  1.5507306485e+04  2.3114952057e+04  3.2244092211e+04
    13.850  9.1091439980e+00  2.8475133098e+02  1.8251134239e+03  4.8911718703e+03  9.4891662797e+03  1.5619587116e+04  2.3282532682e+04  3.2478032876e+04
    13.900  9.1087488943e+00  2.8643763137e+02  1.8379004229e+03  4.9261579001e+03  9.5574520154e+03  1.5732272761e+04  2.3450718321e+04  3.2712818555e+04
    13.950  9.1083566370e+00  2.8812894049e+02  1.8507324262e+03  4.9612689415e+03  9.6259827650e+03  1.5845363420e+04  2.3619508975e+04  3.2948449248e+04
    14.000  9.1079671953e+00  2.8982525826e+02  1.8636094338e+03  4.9965049944e+03  9.6947585282e+03  1.5958859094e+04  2.3788904642e+04  3.3184924955e+04
    14.050  9.1075805392e+00  2.9152658456e+02  1.8765314457e+03  5.0318660585e+03  9.7637793048e+03  1.6072759782e+04  2.3958905324e+04  3.3422245675e+04
    14.100  9.1071966388e+00  2.9323291932e+02  1.8894984618e+03  5.0673521339e+03  9.8330450948e+03  1.6187065483e+04  2.4129511019e+04  3.3660411408e+04
    14.150  9.1068154650e+00  2.9494426244e+02  1.9025104820e+03  5.1029632203e+03  9.9025558980e+03  1.6301776199e+04  2.4300721728e+04  3.3899422154e+04
    14.200  9.1064369887e+00  2.9666061383e+02  1.9155675064e+03  5.1386993176e+03  9.9723117142e+03  1.6416891928e+04  2.4472537450e+04  3.4139277913e+04
    14.250  9.1060611814e+00  2.9838197340e+02  1.9286695347e+03  5.1745604258e+03  1.0042312543e+04  1.6532412670e+04  2.4644958186e+04  3.4379978685e+04
    14.300  9.1056880152e+00  3.0010834107e+02  1.9418165671e+03  5.2105465446e+03  1.0112558385e+04  1.6648338426e+04  2.4817983934e+04  3.4621524470e+04
    14.350  9.1053174622e+00  3.0183971675e+02  1.9550086034e+03  5.2466576740e+03  1.0183049239e+04  1.6764669194e+04  2.4991614696e+04  3.4863915267e+04
    14.400  9.1049494952e+00  3.0357610036e+02  1.9682456436e+03  5.2828938138e+03  1.0253785106e+04  1.6881404976e+04  2.5165850471e+04  3.5107151077e+04
    14.450  9.1045840872e+00  3.0531749180e+02  1.9815276877e+03  5.3192549639e+03  1.0324765985e+04  1.6998545771e+04  2.5340691258e+04  3.5351231899e+04
    14.500  9.1042212116e+00  3.0706389101e+02  1.9948547355e+03  5.3557411242e+03  1.0395991877e+04  1.7116091578e+04  2.5516137058e+04  3.5596157733e+04
    14.550  9.1038608423e+00  3.0881529789e+02  2.0082267871e+03  5.3923522946e+03  1.0467462780e+04  1.7234042398e+04  2.5692187870e+04  3.5841928578e+04
    14.600  9.1035029534e+00  3.1057171237e+02  2.0216438424e+03  5.4290884750e+03  1.0539178695e+04  1.7352398230e+04  2.5868843695e+04  3.6088544436e+04
    14.650  9.1031475195e+00  3.1233313437e+02  2.0351059014e+03  5.4659496653e+03  1.0611139622e+04  1.7471159074e+04  2.6046104532e+04  3.6336005306e+04
    14.700  9.1027945153e+00  3.1409956381e+02  2.0486129640e+03  5.5029358652e+03  1.0683345561e+04  1.7590324931e+04  2.6223970381e+04  3.6584311187e+04
    14.750  9.1024439160e+00  3.1587100062e+02  2.0621650302e+03  5.5400470749e+03  1.0755796511e+04  1.7709895800e+04  2.6402441242e+04  3.6833462079e+04
    14.800  9.1020956973e+00  3.1764744471e+02  2.0757620999e+03  5.5772832941e+03  1.0828492472e+04  1.7829871680e+04  2.6581517114e+04  3.7083457983e+04
    14.850  9.1017498350e+00  3.1942889601e+02  2.0894041731e+03  5.6146445227e+03  1.0901433445e+04  1.7950252572e+04  2.6761197998e+04  3.7334298899e+04
    14.900  9.1014063052e+00  3.2121535446e+02  2.1030912498e+03  5.6521307606e+03  1.0974619429e+04  1.8071038476e+04  2.6941483894e+04  3.7585984825e+04
    14.950  9.1010650846e+00  3.2300681997e+02  2.1168233299e+03  5.6897420078e+03  1.1048050424e+04  1.8192229392e+04  2.7122374801e+04  3.7838515762e+04
    15.000  9.1007261498e+00  3.2480329248e+02  2.1306004133e+03  5.7274782641e+03  1.1121726430e+04  1.8313825318e+04  2.7303870720e+04  3.8091891711e+04
    15.050  9.1003894781e+00  3.2660477191e+02  2.1444225001e+03  5.7653395294e+03  1.1195647446e+04  1.8435826256e+04  2.7485971649e+04  3.8346112670e+04
    15.100  9.1000550468e+00  3.2841125820e+02  2.1582895901e+03  5.8033258037e+03  1.1269813473e+04  1.8558232205e+04  2.7668677590e+04  3.8601178639e+04
    15.150  9.0997228338e+00  3.3022275127e+02  2.1722016834e+03  5.8414370868e+03  1.1344224511e+04  1.8681043165e+04  2.7851988541e+04  3.8857089620e+04
    15.200  9.0993928171e+00  3.3203925106e+02  2.1861587800e+03  5.8796733786e+03  1.1418880559e+04  1.8804259136e+04  2.8035904504e+04  3.9113845610e+04
    15.250  9.0990649749e+00  3.3386075750e+02  2.2001608797e+03  5.9180346791e+03  1.1493781618e+04  1.8927880118e+04  2.8220425477e+04  3.9371446611e+04
    15.300  9.0987392858e+00  3.3568727053e+02  2.2142079825e+03  5.9565209881e+03  1.1568927686e+04  1.9051906110e+04  2.8405551461e+04  3.9629892622e+04
    15.350  9.0984157288e+00  3.3751879007e+02  2.2283000885e+03  5.9951323056e+03  1.1644318765e+04  1.9176337113e+04  2.8591282455e+04  3.9889183644e+04
    15.400  9.0980942831e+00  3.3935531607e+02  2.2424371975e+03  6.0338686315e+03  1.1719954854e+04  1.9301173127e+04  2.8777618459e+04  4.0149319675e+04
    15.450  9.0977749279e+00  3.4119684846e+02  2.2566193095e+03  6.0727299656e+03  1.1795835952e+04  1.9426414150e+04  2.8964559474e+04  4.0410300716e+04
    15.500  9.0974576431e+00  3.4304338718e+02  2.2708464246e+03  6.1117163080e+03  1.1871962061e+04  1.9552060184e+04  2.9152105499e+04  4.0672126767e+04
    15.550  9.0971424086e+00  3.4489493217e+02  2.2851185426e+03  6.1508276585e+03  1.1948333179e+04  1.9678111228e+04  2.9340256534e+04  4.0934797828e+04
    15.600  9.0968292045e+00  3.4675148336e+02  2.2994356636e+03  6.1900640170e+03  1.2024949307e+04  1.9804567283e+04  2.9529012579e+04  4.1198313899e+04
    15.650  9.0965180115e+00  3.4861304069e+02  2.3137977874e+03  6.2294253834e+03  1.2101810444e+04  1.9931428347e+04  2.9718373634e+04  4.1462674979e+04
    15.700  9.0962088101e+00  3.5047960412e+02  2.3282049142e+03  6.2689117577e+03  1.2178916591e+04  2.0058694420e+04  2.9908339699e+04  4.1727881068e+04
    15.750  9.0959015813e+00  3.5235117356e+02  2.3426570437e+03  6.3085231398e+03  1.2256267747e+04  2.0186365504e+04  3.0098910773e+04  4.1993932167e+04
    15.800  9.0955963064e+00  3.5422774898e+02  2.3571541761e+03  6.3482595296e+03  1.2333863912e+04  2.0314441597e+04  3.0290086857e+04  4.2260828275e+04
    15.850  9.0952929668e+00  3.5610933031e+02  2.3716963112e+03  6.3881209270e+03  1.2411705086e+04  2.0442922700e+04  3.0481867950e+04  4.2528569392e+04
    15.900  9.0949915441e+00  3.5799591749e+02  2.3862834491e+03  6.4281073320e+03  1.2489791269e+04  2.0571808812e+04  3.0674254053e+04  4.2797155518e+04
    15.950  9.0946920203e+00  3.5988751047e+02  2.4009155897e+03  6.4682187444e+03  1.2568122461e+04  2.0701099933e+04  3.0867245165e+04  4.3066586654e+04
    16.000  9.0943943775e+00  3.6178410920e+02  2.4155927330e+03  6.5084551643e+03  1.2646698662e+04  2.0830796064e+04  3.1060841286e+04  4.3336862798e+04
    16.050  9.0940985981e+00  3.6368571361e+02  2.4303148789e+03  6.5488165914e+03  1.2725519872e+04  2.0960897203e+04  3.1255042416e+04  4.3607983951e+04
    16.100  9.0938046645e+00  3.6559232366e+02  2.4450820275e+03  6.5893030258e+03  1.2804586090e+04  2.1091403352e+04  3.1449848555e+04  4.3879950112e+04
    16.150  9.0935125597e+00  3.6750393930e+02  2.4598941786e+03  6.6299144673e+03  1.2883897317e+04  2.1222314510e+04  3.1645259703e+04  4.4152761282e+04
    16.200  9.0932222667e+00  3.6942056046e+02  2.4747513323e+03  6.6706509160e+03  1.2963453552e+04  2.1353630676e+04  3.1841275860e+04  4.4426417461e+04
    16.250  9.0929337685e+00  3.7134218710e+02  2.4896534886e+03  6.7115123717e+03  1.3043254796e+04  2.1485351852e+04  3.2037897026e+04  4.4700918648e+04
    16.300  9.0926470487e+00  3.7326881917e+02  2.5046006473e+03  6.7524988343e+03  1.3123301048e+04  2.1617478036e+04  3.2235123200e+04  4.4976264844e+04
    16.350  9.0923620909e+00  3.7520045661e+02  2.5195928086e+03  6.7936103038e+03  1.3203592309e+04  2.1750009229e+04  3.2432954383e+04  4.5252456048e+04
    16.400  9.0920788789e+00  3.7713709939e+02  2.5346299723e+03  6.8348467802e+03  1.3284128577e+04  2.1882945430e+04  3.2631390575e+04  4.5529492260e+04
    16.450  9.0917973968e+00  3.7907874744e+02  2.5497121385e+03  6.8762082633e+03  1.3364909854e+04  2.2016286639e+04  3.2830431775e+04  4.5807373480e+04
    16.500  9.0915176287e+00  3.8102540072e+02  2.5648393070e+03  6.9176947531e+03  1.3445936138e+04  2.2150032857e+04  3.3030077983e+04  4.6086099709e+04
    16.550  9.0912395590e+00  3.8297705918e+02  2.5800114779e+03  6.9593062495e+03  1.3527207431e+04  2.2284184084e+04  3.3230329199e+04  4.6365670945e+04
    16.600  9.0909631724e+00  3.8493372277e+02  2.5952286512e+03  7.0010427525e+03  1.3608723731e+04  2.2418740318e+04  3.3431185424e+04  4.6646087189e+04
    16.650  9.0906884536e+00  3.8689539145e+02  2.6104908269e+03  7.0429042619e+03  1.3690485039e+04  2.2553701561e+04  3.3632646656e+04  4.6927348442e+04
    16.700  9.0904153876e+00  3.8886206517e+02  2.6257980048e+03  7.0848907778e+03  1.3772491355e+04  2.2689067811e+04  3.3834712897e+04  4.7209454701e+04
    16.750  9.0901439595e+00  3.9083374389e+02  2.6411501850e+03  7.1270023001e+03  1.3854742678e+04  2.2824839070e+04  3.4037384145e+04  4.7492405969e+04
    16.800  9.0898741547e+00  3.9281042755e+02  2.6565473675e+03  7.1692388287e+03  1.3937239009e+04  2.2961015337e+04  3.4240660402e+04  4.7776202244e+04
    16.850  9.0896059586e+00  3.9479211612e+02  2.6719895522e+03  7.2116003635e+03  1.4019980347e+04  2.3097596611e+04  3.4444541666e+04  4.8060843527e+04
    16.900  9.0893393569e+00  3.9677880955e+02  2.6874767391e+03  7.2540869045e+03  1.4102966693e+04  2.3234582893e+04  3.4649027938e+04  4.8346329817e+04
    16.950  9.0890743355e+00  3.9877050780e+02  2.7030089282e+03  7.2966984516e+03  1.4186198046e+04  2.3371974183e+04  3.4854119218e+04  4.8632661115e+04
    17.000  9.0888108804e+00  4.0076721082e+02  2.7185861195e+03  7.3394350048e+03  1.4269674407e+04  2.3509770480e+04  3.5059815505e+04  4.8919837420e+04
    17.050  9.0885489777e+00  4.0276891857e+02  2.7342083129e+03  7.3822965640e+03  1.4353395774e+04  2.3647971785e+04  3.5266116800e+04  4.9207858732e+04
    17.100  9.0882886138e+00  4.0477563102e+02  2.7498755085e+03  7.4252831292e+03  1.4437362149e+04  2.3786578097e+04  3.5473023102e+04  4.9496725052e+04
    17.150  9.0880297751e+00  4.0678734811e+02  2.7655877061e+03  7.4683947003e+03  1.4521573530e+04  2.3925589417e+04  3.5680534411e+04  4.9786436378e+04
    17.200  9.0877724483e+00  4.0880406980e+02  2.7813449059e+03  7.5116312772e+03  1.4606029919e+04  2.4065005744e+04  3.5888650728e+04  5.0076992712e+04
    17.250  9.0875166202e+00  4.1082579607e+02  2.7971471076e+03  7.5549928599e+03  1.4690731315e+04  2.4204827078e+04  3.6097372052e+04  5.0368394053e+04
    17.300  9.0872622778e+00  4.1285252686e+02  2.8129943115e+03  7.5984794483e+03  1.4775677717e+04  2.4345053419e+04  3.6306698383e+04  5.0660640401e+04
    17.350  9.0870094081e+00  4.1488426213e+02  2.8288865173e+03  7.6420910424e+03  1.4860869126e+04  2.4485684768e+04  3.6516629721e+04  5.0953731755e+04
    17.400  9.0867579985e+00  4.1692100186e+02  2.8448237252e+03  7.6858276422e+03  1.4946305542e+04  2.4626721123e+04  3.6727166067e+04  5.1247668117e+04
    17.450  9.0865080363e+00  4.1896274599e+02  2.8608059350e+03  7.7296892475e+03  1.5031986965e+04  2.4768162486e+04  3.6938307419e+04  5.1542449485e+04
    17.500  9.0862595090e+00  4.2100949449e+02  2.8768331468e+03  7.7736758583e+03  1.5117913394e+04  2.4910008856e+04  3.7150053778e+04  5.1838075860e+04
    17.550  9.0860124045e+00  4.2306124733e+02  2.8929053605e+03  7.8177874746e+03  1.5204084830e+04  2.5052260232e+04  3.7362405144e+04  5.2134547241e+04
    17.600  9.0857667104e+00  4.2511800446e+02  2.9090225762e+03  7.8620240964e+03  1.5290501272e+04  2.5194916615e+04  3.7575361517e+04  5.2431863630e+04
    17.650  9.0855224148e+00  4.2717976585e+02  2.9251847937e+03  7.9063857235e+03  1.5377162721e+04  2.5337978005e+04  3.7788922896e+04  5.2730025024e+04
    17.700  9.0852795057e+00  4.2924653146e+02  2.9413920131e+03  7.9508723559e+03  1.5464069176e+04  2.5481444402e+04  3.8003089283e+04  5.3029031425e+04
    17.750  9.0850379715e+00  4.3131830125e+02  2.9576442344e+03  7.9954839936e+03  1.5551220638e+04  2.5625315805e+04  3.8217860675e+04  5.3328882833e+04
    17.800  9.0847978004e+00  4.3339507520e+02  2.9739414576e+03  8.0402206366e+03  1.5638617105e+04  2.5769592214e+04  3.8433237075e+04  5.3629579247e+04
    17.850  9.0845589811e+00  4.3547685326e+02  2.9902836826e+03  8.0850822847e+03  1.5726258579e+04  2.5914273631e+04  3.8649218480e+04  5.3931120667e+04
    17.900  9.0843215020e+00  4.3756363540e+02  3.0066709093e+03  8.1300689380e+03  1.5814145059e+04  2.6059360053e+04  3.8865804893e+04  5.4233507094e+04
    17.950  9.0840853520e+00  4.3965542158e+02  3.0231031379e+03  8.1751805963e+03  1.5902276545e+04  2.6204851482e+04  3.9082996311e+04  5.4536738527e+04
    18.000  9.0838505199e+00  4.4175221178e+02  3.0395803682e+03  8.2204172597e+03  1.5990653038e+04  2.6350747918e+04  3.9300792736e+04  5.4840814966e+04
    18.050  9.0836169948e+00  4.4385400595e+02  3.0561026004e+03  8.2657789281e+03  1.6079274536e+04  2.6497049359e+04  3.9519194167e+04  5.5145736411e+04
    18.100  9.0833847658e+00  4.4596080407e+02  3.0726698342e+03  8.3112656015e+03  1.6168141040e+04  2.6643755807e+04  3.9738200605e+04  5.5451502862e+04
    18.150  9.0831538221e+00  4.4807260610e+02  3.0892820698e+03  8.3568772797e+03  1.6257252550e+04  2.6790867261e+04  3.9957812049e+04  5.5758114318e+04
    18.200  9.0829241532e+00  4.5018941201e+02  3.1059393071e+03  8.4026139628e+03  1.6346609066e+04  2.6938383721e+04  4.0178028498e+04  5.6065570781e+04
    18.250  9.0826957484e+00  4.5231122176e+02  3.1226415460e+03  8.4484756508e+03  1.6436210587e+04  2.7086305188e+04  4.0398849954e+04  5.6373872250e+04
    18.300  9.0824685973e+00  4.5443803532e+02  3.1393887867e+03  8.4944623435e+03  1.6526057114e+04  2.7234631660e+04  4.0620276415e+04  5.6683018725e+04
    18.350  9.0822426898e+00  4.5656985267e+02  3.1561810290e+03  8.5405740410e+03  1.6616148647e+04  2.7383363138e+04  4.0842307883e+04  5.6993010205e+04
    18.400  9.0820180156e+00  4.5870667377e+02  3.1730182729e+03  8.5868107431e+03  1.6706485186e+04  2.7532499622e+04  4.1064944357e+04  5.7303846691e+04
    18.450  9.0817945647e+00  4.6084849860e+02  3.1899005185e+03  8.6331724499e+03  1.6797066730e+04  2.7682041112e+04  4.1288185836e+04  5.7615528183e+04
    18.500  9.0815723271e+00  4.6299532711e+02  3.2068277657e+03  8.6796591614e+03  1.6887893280e+04  2.7831987607e+04  4.1512032321e+04  5.7928054681e+04
    18.550  9.0813512929e+00  4.6514715928e+02  3.2238000145e+03  8.7262708774e+03  1.6978964835e+04  2.7982339109e+04  4.1736483812e+04  5.8241426184e+04
    18.600  9.0811314524e+00  4.6730399508e+02  3.2408172649e+03  8.7730075979e+03  1.7070281395e+04  2.8133095616e+04  4.1961540309e+04  5.8555642693e+04
    18.650  9.0809127960e+00  4.6946583448e+02  3.2578795168e+03  8.8198693230e+03  1.7161842961e+04  2.8284257129e+04  4.2187201811e+04  5.8870704207e+04
    18.700  9.0806953142e+00  4.7163267745e+02  3.2749867704e+03  8.8668560525e+03  1.7253649533e+04  2.8435823647e+04  4.2413468319e+04  5.9186610726e+04
    18.750  9.0804789975e+00  4.7380452397e+02  3.2921390254e+03  8.9139677864e+03  1.7345701109e+04  2.8587795171e+04  4.2640339832e+04  5.9503362251e+04
    18.800  9.0802638365e+00  4.7598137399e+02  3.3093362820e+03  8.9612045247e+03  1.7437997691e+04  2.8740171700e+04  4.2867816351e+04  5.9820958782e+04
    18.850  9.0800498221e+00  4.7816322751e+02  3.3265785401e+03  9.0085662674e+03  1.7530539278e+04  2.8892953235e+04  4.3095897876e+04  6.0139400317e+04
    18.900  9.0798369451e+00  4.8035008448e+02  3.3438657996e+03  9.0560530143e+03  1.7623325870e+04  2.9046139776e+04  4.3324584405e+04  6.0458686858e+04
    18.950  9.0796251965e+00  4.8254194488e+02  3.3611980607e+03  9.1036647656e+03  1.7716357468e+04  2.9199731321e+04  4.3553875940e+04  6.0778818404e+04
    19.000  9.0794145674e+00  4.8473880868e+02  3.3785753233e+03  9.1514015210e+03  1.7809634070e+04  2.9353727872e+04  4.3783772481e+04  6.1099794956e+04
    19.050  9.0792050488e+00  4.8694067586e+02  3.3959975872e+03  9.1992632807e+03  1.7903155677e+04  2.9508129428e+04  4.4014274027e+04  6.1421616512e+04
    19.100  9.0789966321e+00  4.8914754639e+02  3.4134648527e+03  9.2472500445e+03  1.7996922290e+04  2.9662935990e+04  4.4245380578e+04  6.1744283074e+04
    19.150  9.0787893085e+00  4.9135942023e+02  3.4309771196e+03  9.2953618125e+03  1.8090933907e+04  2.9818147557e+04  4.4477092134e+04  6.2067794641e+04
    19.200  9.0785830695e+00  4.9357629738e+02  3.4485343879e+03  9.3435985845e+03  1.8185190529e+04  2.9973764128e+04  4.4709408695e+04  6.2392151213e+04
    19.250  9.0783779067e+00  4.9579817779e+02  3.4661366576e+03  9.3919603606e+03  1.8279692157e+04  3.0129785705e+04  4.4942330262e+04  6.2717352789e+04
    19.300  9.0781738116e+00  4.9802506145e+02  3.4837839287e+03  9.4404471408e+03  1.8374438789e+04  3.0286212287e+04  4.5175856833e+04  6.3043399371e+04
    19.350  9.0779707759e+00  5.0025694833e+02  3.5014762011e+03  9.4890589249e+03  1.8469430425e+04  3.0443043874e+04  4.5409988410e+04  6.3370290957e+04
    19.400  9.0777687914e+00  5.0249383840e+02  3.5192134750e+03  9.5377957130e+03  1.8564667067e+04  3.0600280466e+04  4.5644724991e+04  6.3698027549e+04
    19.450  9.0775678500e+00  5.0473573163e+02  3.5369957502e+03  9.5866575050e+03  1.8660148713e+04  3.0757922063e+04  4.5880066578e+04  6.4026609145e+04
    19.500  9.0773679435e+00  5.0698262802e+02  3.5548230267e+03  9.6356443009e+03  1.8755875364e+04  3.0915968665e+04  4.6116013169e+04  6.4356035746e+04
    19.550  9.0771690641e+00  5.0923452752e+02  3.5726953046e+03  9.6847561007e+03  1.8851847019e+04  3.1074420272e+04  4.6352564766e+04  6.4686307352e+04
    19.600  9.0769712039e+00  5.1149143011e+02  3.5906125838e+03  9.7339929044e+03  1.8948063679e+04  3.1233276883e+04  4.6589721367e+04  6.5017423962e+04
    19.650  9.0767743550e+00  5.1375333578e+02  3.6085748643e+03  9.7833547118e+03  1.9044525344e+04  3.1392538500e+04  4.6827482972e+04  6.5349385578e+04
    19.700  9.0765785097e+00  5.1602024450e+02  3.6265821461e+03  9.8328415229e+03  1.9141232013e+04  3.1552205121e+04  4.7065849583e+04  6.5682192198e+04
    19.750  9.0763836603e+00  5.1829215624e+02  3.6446344292e+03  9.8824533379e+03  1.9238183687e+04  3.1712276746e+04  4.7304821198e+04  6.6015843822e+04
    19.800  9.0761897994e+00  5.2056907098e+02  3.6627317136e+03  9.9321901565e+03  1.9335380365e+04  3.1872753377e+04  4.7544397818e+04  6.6350340451e+04
    19.850  9.0759969193e+00  5.2285098870e+02  3.6808739992e+03  9.9820519788e+03  1.9432822047e+04  3.2033635012e+04  4.7784579443e+04  6.6685682084e+04
    19.900  9.0758050127e+00  5.2513790938e+02  3.6990612861e+03  1.0032038805e+04  1.9530508734e+04  3.2194921652e+04  4.8025366072e+04  6.7021868722e+04
    19.950  9.0756140722e+00  5.2742983298e+02  3.7172935742e+03  1.0082150634e+04  1.9628440425e+04  3.2356613296e+04  4.8266757706e+04  6.7358900365e+04
    20.000  9.0754240906e+00  5.2972675950e+02  3.7355708636e+03  1.0132387468e+04  1.9726617121e+04  3.2518709945e+04  4.8508754345e+04  6.7696777012e+04
