 #   eta         2                 3                 4                 5                 6                 7                 8                 9                10
     0.000  6.0000000000e+00  1.2000000000e+01  2.0000000000e+01  3.0000000000e+01  4.2000000000e+01  5.6000000000e+01  7.2000000000e+01  9.0000000000e+01  1.1000000000e+02
     0.050  5.9034671634e+00  1.1909759536e+01  1.9919328416e+01  2.9931631747e+01  4.1946532824e+01  5.5963983306e+01  7.1983962395e+01  9.0006459901e+01  1.1003147034e+02
     0.100  5.8134734800e+00  1.1838147879e+01  1.9876337250e+01  2.9925636576e+01  4.1985424294e+01  5.6055479280e+01  7.2135706169e+01  9.0226058163e+01  1.1032651006e+02
     0.150  5.7294718597e+00  1.1783976197e+01  1.9869877803e+01  2.9981270060e+01  4.2116567648e+01  5.6275200610e+01  7.2456922041e+01  9.0661610498e+01  1.1088920046e+02
     0.200  5.6509703046e+00  1.1746228165e+01  1.9899184848e+01  3.0098539738e+01  4.2341107759e+01  5.6625725447e+01  7.2951885403e+01  9.1319337154e+01  1.1172794528e+02
     0.250  5.5775254439e+00  1.1724035164e+01  1.9963837994e+01  3.0278176681e+01  4.2661448445e+01  5.7111560988e+01  7.3627593040e+01  9.2209087507e+01  1.1285579650e+02
     0.300  5.5087369058e+00  1.1716655369e+01  2.0063731310e+01  3.0521624459e+01  4.3081296475e+01  5.7739273195e+01  7.4494004423e+01  9.3344715585e+01  1.1429098482e+02
     0.350  5.4442424134e+00  1.1723455965e+01  2.0199049256e+01  3.0831042664e+01  4.3605740847e+01  5.8517686288e+01  7.5564399772e+01  9.4744630502e+01  1.1605769328e+02
     0.400  5.3837135094e+00  1.1743897904e+01  2.0370247230e+01  3.1209322411e+01  4.4241366547e+01  5.9458158129e+01  7.6855873440e+01  9.6432557811e+01  1.1818713191e+02
     0.450  5.3268518217e+00  1.1777522737e+01  2.0578035253e+01  3.1660111074e+01  4.4996401809e+01  6.0574939157e+01  7.8389987322e+01  9.8438561758e+01  1.2071899637e+02
     0.500  5.2733857977e+00  1.1823941117e+01  2.0823363384e+01  3.2187843002e+01  4.5880896480e+01  6.1885622346e+01  8.0193614210e+01  1.0080039399e+02  1.2370342411e+02
     0.550  5.2230678449e+00  1.1882822666e+01  2.1107407505e+01  3.2797771918e+01  4.6906926029e+01  6.3411688230e+01  8.2300002742e+01  1.0356524922e+02  1.2720359872e+02
     0.600  5.1756718209e+00  1.1953886976e+01  2.1431554097e+01  3.3495999141e+01  4.8088809968e+01  6.5179139398e+01  8.4750088680e+01  1.0679201604e+02  1.3129919023e+02
     0.650  5.1309908273e+00  1.2036895515e+01  2.1797382602e+01  3.4289489611e+01  4.9443324004e+01  6.7219198477e+01  8.7594050968e+01  1.1055409501e+02  1.3609083729e+02
     0.700  5.0888352672e+00  1.2131644324e+01  2.2206643950e+01  3.5186065013e+01  5.0989870724e+01  6.9569005104e+01  9.0893045459e+01  1.1494277909e+02  1.4170582386e+02
     0.750  5.0490311303e+00  1.2237957374e+01  2.2661233886e+01  3.6194360267e+01  5.2750553163e+01  7.2272181386e+01  9.4720910782e+01  1.2007097743e+02  1.4830484733e+02
     0.800  5.0114184773e+00  1.2355680501e+01  2.3163159906e+01  3.7323727022e+01  5.4750069994e+01  7.5379033203e+01  9.9165381514e+01  1.2607657461e+02  1.5608903482e+02
     0.850  4.9758500966e+00  1.2484675889e+01  2.3714500945e+01  3.8584066530e+01  5.7015325126e+01  7.8946018998e+01  1.0432792144e+02  1.3312375898e+02  1.6530461877e+02
     0.900  4.9421903115e+00  1.2624817060e+01  2.4317359539e+01  3.9985576317e+01  5.9574630505e+01  8.3033985172e+01  1.1032074349e+02  1.4139912214e+02  1.7623932413e+02
     0.950  4.9103139194e+00  1.2775984377e+01  2.4973807048e+01  4.1538402524e+01  6.2456401725e+01  8.7704644746e+01  1.1725921287e+02  1.5109776190e+02  1.8920003267e+02
     1.000  4.8801052454e+00  1.2938061064e+01  2.5685823586e+01  4.3252204779e+01  6.5687331680e+01  9.3015059164e+01  1.2524841953e+02  1.6239525920e+02  2.0446065126e+02
     1.050  4.8514572974e+00  1.3110929761e+01  2.6455235567e+01  4.5135662896e+01  6.9290197605e+01  9.9010668484e+01  1.3436532596e+02  1.7540831530e+02  2.2218437384e+02
     1.100  4.8242710089e+00  1.3294469653e+01  2.7283654959e+01  4.7195981101e+01  7.3281684347e+01  1.0571860491e+02  1.4464241894e+02  1.9016060278e+02  2.4236008349e+02
     1.150  4.7984545597e+00  1.3488554169e+01  2.8172425205e+01  4.9438466885e+01  7.7670785533e+01  1.1314388188e+02  1.5606169707e+02  2.0657811253e+02  2.6480986110e+02
     1.200  4.7739227658e+00  1.3693049287e+01  2.9122579019e+01  5.1866266110e+01  8.2458317288e+01  1.2127046864e+02  1.6856392550e+02  2.2452177061e+02  2.8927181465e+02
     1.250  4.7505965288e+00  1.3907812433e+01  3.0134812580e+01  5.4480314468e+01  8.7637763180e+01  1.3006703081e+02  1.8206845041e+02  2.4383554741e+02  3.1549245954e+02
     1.300  4.7284023391e+00  1.4132691961e+01  3.1209479109e+01  5.7279519392e+01  9.3197187614e+01  1.3949479736e+02  1.9649289768e+02  2.6438153816e+02  3.4327377439e+02
     1.350  4.7072718269e+00  1.4367527176e+01  3.2346602450e+01  6.0261131521e+01  9.9121594892e+01  1.4951450855e+02  2.1176531491e+02  2.8605289383e+02  3.7247721333e+02
     1.400  4.6871413548e+00  1.4612148853e+01  3.3545908739e+01  6.3421223311e+01  1.0539508259e+02  1.6009076867e+02  2.2782824674e+02  3.0877220942e+02  4.0301018392e+02
     1.450  4.6679516475e+00  1.4866380175e+01  3.4806871944e+01  6.6755180648e+01  1.1200239390e+02  1.7119382678e+02  2.4463794345e+02  3.3248490996e+02  4.3481137743e+02
     1.500  4.6496474562e+00  1.5130038009e+01  3.6128767695e+01  7.0258131543e+01  1.1892979520e+02  1.8279966617e+02  2.6216177515e+02  3.5715268004e+02  4.6783984478e+02
     1.550  4.6321772510e+00  1.5402934426e+01  3.7510729459e+01  7.3925270550e+01  1.2616541478e+02  1.9488929769e+02  2.8037552135e+02  3.8274841755e+02  5.0206778595e+02
     1.600  4.6154929417e+00  1.5684878377e+01  3.8951801867e+01  7.7752071602e+01  1.3369924077e+02  2.0744783111e+02  2.9926113063e+02  4.0925270385e+02  5.3747596976e+02
     1.650  4.5995496212e+00  1.5975677423e+01  4.0450987420e+01  8.1734404741e+01  1.4152294627e+02  2.2046359823e+02  3.1880503325e+02  4.3665141641e+02  5.7405083813e+02
     1.700  4.5843053318e+00  1.6275139445e+01  4.2007284454e+01  8.5868581712e+01  1.4962965174e+02  2.3392742150e+02  3.3899691875e+02  4.6493412583e+02  6.1178265788e+02
     1.750  4.5697208495e+00  1.6583074262e+01  4.3619715823e+01  9.0151355213e+01  1.5801368433e+02  2.4783203759e+02  3.5982886285e+02  4.9409301430e+02  6.5066432263e+02
     1.800  4.5557594871e+00  1.6899295101e+01  4.5287348861e+01  9.4579891644e+01  1.6667036113e+02  2.6217165530e+02  3.8129470466e+02  5.2412213803e+02  6.9069056235e+02
     1.850  4.5423869126e+00  1.7223619876e+01  4.7009307906e+01  9.9151731191e+01  1.7559580499e+02  2.7694162018e+02  4.0338960037e+02  5.5501691758e+02  7.3185741245e+02
     1.900  4.5295709817e+00  1.7555872267e+01  4.8784780925e+01  1.0386474390e+02  1.8478679270e+02  2.9213816100e+02  4.2610970077e+02  5.8677378079e+02  7.7416185094e+02
     1.950  4.5172815843e+00  1.7895882571e+01  5.0613021770e+01  1.0871708670e+02  1.9424063199e+02  3.0775819762e+02  4.4945191599e+02  6.1938990905e+02  8.1760154629e+02
     2.000  4.5054905022e+00  1.8243488347e+01  5.2493349393e+01  1.1370716373e+02  2.0395506271e+02  3.2379919482e+02  4.7341374205e+02  6.5286305446e+02  8.6217467952e+02
     2.050  4.4941712777e+00  1.8598534856e+01  5.4425145097e+01  1.1883359116e+02  2.1392817754e+02  3.4025905032e+02  4.9799313162e+02  6.8719140650e+02  9.0787981686e+02
     2.100  4.4832990927e+00  1.8960875320e+01  5.6407848630e+01  1.2409516646e+02  2.2415835863e+02  3.5713600853e+02  5.2318839682e+02  7.2237349337e+02  9.5471581729e+02
     2.150  4.4728506561e+00  1.9330371020e+01  5.8440953699e+01  1.2949084211e+02  2.3464422658e+02  3.7442859353e+02  5.4899813518e+02  7.5840810842e+02  1.0026817647e+03
     2.200  4.4628041002e+00  1.9706891271e+01  6.0524003293e+01  1.3501970308e+02  2.4538459952e+02  3.9213555662e+02  5.7542117289e+02  7.9529425435e+02  1.0517769175e+03
     2.250  4.4531388846e+00  2.0090313274e+01  6.2656585073e+01  1.4068094777e+02  2.5637845993e+02  4.1025583504e+02  6.0245652081e+02  8.3303110080e+02  1.1020006705e+03
     2.300  4.4438357067e+00  2.0480521898e+01  6.4838326983e+01  1.4647387194e+02  2.6762492775e+02  4.2878851913e+02  6.3010334009e+02  8.7161795149e+02  1.1533525264e+03
     2.350  4.4348764191e+00  2.0877409390e+01  6.7068893149e+01  1.5239785498e+02  2.7912323846e+02  4.4773282618e+02  6.5836091503e+02  9.1105421874e+02  1.2058320737e+03
     2.400  4.4262439529e+00  2.1280875046e+01  6.9347980136e+01  1.5845234840e+02  2.9087272508e+02  4.6708807925e+02  6.8722863158e+02  9.5133940349e+02  1.2594389695e+03
     2.450  4.4179222467e+00  2.1690824849e+01  7.1675313538e+01  1.6463686604e+02  3.0287280341e+02  4.8685369018e+02  7.1670596010e+02  9.9247307946e+02  1.3141729266e+03
     2.500  4.4098961798e+00  2.2107171095e+01  7.4050644915e+01  1.7095097574e+02  3.1512295977e+02  5.0702914558e+02  7.4679244148e+02  1.0344548805e+03  1.3700337027e+03
     2.550  4.4021515112e+00  2.2529832013e+01  7.6473749048e+01  1.7739429230e+02  3.2762274084e+02  5.2761399547e+02  7.7748767588e+02  1.0772844906e+03  1.4270210926e+03
     2.600  4.3946748220e+00  2.2958731390e+01  7.8944421489e+01  1.8396647142e+02  3.4037174518e+02  5.4860784386e+02  8.0879131350e+02  1.1209616354e+03  1.4851349212e+03
     2.650  4.3874534628e+00  2.3393798200e+01  8.1462476383e+01  1.9066720457e+02  3.5336961608e+02  5.7001034094e+02  8.4070304710e+02  1.1654860761e+03  1.5443750387e+03
     2.700  4.3804755034e+00  2.3834966248e+01  8.4027744530e+01  1.9749621456e+02  3.6661603559e+02  5.9182117657e+02  8.7322260566e+02  1.2108576033e+03  1.6047413161e+03
     2.750  4.3737296875e+00  2.4282173834e+01  8.6640071663e+01  2.0445325176e+02  3.8011071946e+02  6.1404007488e+02  9.0634974929e+02  1.2570760332e+03  1.6662336416e+03
     2.800  4.3672053896e+00  2.4735363429e+01  8.9299316922e+01  2.1153809082e+02  3.9385341281e+02  6.3666678964e+02  9.4008426485e+02  1.3041412035e+03  1.7288519185e+03
     2.850  4.3608925747e+00  2.5194481377e+01  9.2005351500e+01  2.1875052784e+02  4.0784388650e+02  6.5970110044e+02  9.7442596234e+02  1.3520529704e+03  1.7925960620e+03
     2.900  4.3547817617e+00  2.5659477606e+01  9.4758057431e+01  2.2609037794e+02  4.2208193395e+02  6.8314280937e+02  1.0093746719e+03  1.4008112061e+03  1.8574659980e+03
     2.950  4.3488639883e+00  2.6130305367e+01  9.7557326528e+01  2.3355747311e+02  4.3656736846e+02  7.0699173825e+02  1.0449302410e+03  1.4504157965e+03  1.9234616614e+03
     3.000  4.3431307789e+00  2.6606920989e+01  1.0040305942e+02  2.4115166036e+02  4.5130002091e+02  7.3124772622e+02  1.0810925326e+03  1.5008666395e+03  1.9905829945e+03
     3.050  4.3375741144e+00  2.7089283650e+01  1.0329516472e+02  2.4887280011e+02  4.6627973775e+02  7.5591062772e+02  1.1178614230e+03  1.5521636436e+03  2.0588299462e+03
     3.100  4.3321864043e+00  2.7577355167e+01  1.0623355824e+02  2.5672076479e+02  4.8150637923e+02  7.8098031065e+02  1.1552368002e+03  1.6043067263e+03  2.1282024711e+03
     3.150  4.3269604600e+00  2.8071099800e+01  1.0921816235e+02  2.6469543755e+02  4.9697981792e+02  8.0645665493e+02  1.1932185629e+03  1.6572958130e+03  2.1987005287e+03
     3.200  4.3218894710e+00  2.8570484075e+01  1.1224890535e+02  2.7279671121e+02  5.1269993737e+02  8.3233955109e+02  1.2318066187e+03  1.7111308362e+03  2.2703240826e+03
     3.250  4.3169669817e+00  2.9075476613e+01  1.1532572093e+02  2.8102448728e+02  5.2866663098e+02  8.5862889918e+02  1.2710008836e+03  1.7658117348e+03  2.3430731000e+03
     3.300  4.3121868700e+00  2.9586047985e+01  1.1844854771e+02  2.8937867509e+02  5.4487980096e+02  8.8532460770e+02  1.3108012810e+03  1.8213384530e+03  2.4169475516e+03
     3.350  4.3075433277e+00  3.0102170564e+01  1.2161732876e+02  2.9785919106e+02  5.6133935745e+02  9.1242659278e+02  1.3512077405e+03  1.8777109400e+03  2.4919474107e+03
     3.400  4.3030308416e+00  3.0623818398e+01  1.2483201126e+02  3.0646595802e+02  5.7804521775e+02  9.3993477736e+02  1.3922201977e+03  1.9349291492e+03  2.5680726531e+03
     3.450  4.2986441763e+00  3.1150967092e+01  1.2809254613e+02  3.1519890461e+02  5.9499730559e+02  9.6784909053e+02  1.4338385937e+03  1.9929930381e+03  2.6453232569e+03
     3.500  4.2943783579e+00  3.1683593696e+01  1.3139888768e+02  3.2405796474e+02  6.1219555056e+02  9.9616946692e+02  1.4760628737e+03  2.0519025675e+03  2.7236992018e+03
     3.550  4.2902286587e+00  3.2221676604e+01  1.3475099339e+02  3.3304307714e+02  6.2963988751e+02  1.0248958461e+03  1.5188929878e+03  2.1116577015e+03  2.8032004697e+03
     3.600  4.2861905831e+00  3.2765195462e+01  1.3814882357e+02  3.4215418491e+02  6.4733025611e+02  1.0540281724e+03  1.5623288895e+03  2.1722584068e+03  2.8838270436e+03
     3.650  4.2822598544e+00  3.3314131080e+01  1.4159234122e+02  3.5139123515e+02  6.6526660041e+02  1.0835663939e+03  1.6063705359e+03  2.2337046529e+03  2.9655789081e+03
     3.700  4.2784324019e+00  3.3868465353e+01  1.4508151172e+02  3.6075417863e+02  6.8344886841e+02  1.1135104628e+03  1.6510178873e+03  2.2959964114e+03  3.0484560489e+03
     3.750  4.2747043498e+00  3.4428181188e+01  1.4861630274e+02  3.7024296943e+02  7.0187701178e+02  1.1438603344e+03  1.6962709067e+03  2.3591336559e+03  3.1324584529e+03
     3.800  4.2710720058e+00  3.4993262436e+01  1.5219668396e+02  3.7985756475e+02  7.2055098548e+02  1.1746159674e+03  1.7421295599e+03  2.4231163621e+03  3.2175861078e+03
     3.850  4.2675318513e+00  3.5563693831e+01  1.5582262699e+02  3.8959792457e+02  7.3947074754e+02  1.2057773230e+03  1.7885938150e+03  2.4879445072e+03  3.3038390023e+03
     3.900  4.2640805312e+00  3.6139460929e+01  1.5949410521e+02  3.9946401148e+02  7.5863625875e+02  1.2373443653e+03  1.8356636423e+03  2.5536180702e+03  3.3912171259e+03
     3.950  4.2607148456e+00  3.6720550057e+01  1.6321109360e+02  4.0945579045e+02  7.7804748248e+02  1.2693170606e+03  1.8833390139e+03  2.6201370314e+03  3.4797204689e+03
     4.000  4.2574317408e+00  3.7306948264e+01  1.6697356866e+02  4.1957322867e+02  7.9770438445e+02  1.3016953775e+03  1.9316199039e+03  2.6875013723e+03  3.5693490220e+03
     4.050  4.2542283015e+00  3.7898643271e+01  1.7078150830e+02  4.2981629533e+02  8.1760693255e+02  1.3344792866e+03  1.9805062881e+03  2.7557110757e+03  3.6601027768e+03
     4.100  4.2511017437e+00  3.8495623435e+01  1.7463489169e+02  4.4018496152e+02  8.3775509668e+02  1.3676687603e+03  2.0299981437e+03  2.8247661255e+03  3.7519817252e+03
     4.150  4.2480494071e+00  3.9097877703e+01  1.7853369925e+02  4.5067920007e+02  8.5814884857e+02  1.4012637727e+03  2.0800954494e+03  2.8946665065e+03  3.8449858597e+03
     4.200  4.2450687492e+00  3.9705395581e+01  1.8247791249e+02  4.6129898541e+02  8.7878816166e+02  1.4352642994e+03  2.1307981853e+03  2.9654122046e+03  3.9391151733e+03
     4.250  4.2421573385e+00  4.0318167094e+01  1.8646751397e+02  4.7204429345e+02  8.9967301099e+02  1.4696703178e+03  2.1821063324e+03  3.0370032065e+03  4.0343696593e+03
     4.300  4.2393128491e+00  4.0936182762e+01  1.9050248721e+02  4.8291510152e+02  9.2080337304e+02  1.5044818063e+03  2.2340198731e+03  3.1094394995e+03  4.1307493115e+03
     4.350  4.2365330552e+00  4.1559433564e+01  1.9458281664e+02  4.9391138822e+02  9.4217922566e+02  1.5396987446e+03  2.2865387908e+03  3.1827210718e+03  4.2282541239e+03
     4.400  4.2338158257e+00  4.2187910913e+01  1.9870848756e+02  5.0503313333e+02  9.6380054796e+02  1.5753211137e+03  2.3396630696e+03  3.2568479124e+03  4.3268840911e+03
     4.450  4.2311591198e+00  4.2821606633e+01  2.0287948601e+02  5.1628031778e+02  9.8566732023e+02  1.6113488955e+03  2.3933926949e+03  3.3318200105e+03  4.4266392076e+03
     4.500  4.2285609820e+00  4.3460512931e+01  2.0709579882e+02  5.2765292352e+02  1.0077795238e+03  1.6477820732e+03  2.4477276526e+03  3.4076373564e+03  4.5275194686e+03
     4.550  4.2260195379e+00  4.4104622378e+01  2.1135741346e+02  5.3915093348e+02  1.0301371412e+03  1.6846206305e+03  2.5026679294e+03  3.4842999405e+03  4.6295248692e+03
     4.600  4.2235329906e+00  4.4753927887e+01  2.1566431808e+02  5.5077433148e+02  1.0527401556e+03  1.7218645524e+03  2.5582135128e+03  3.5618077540e+03  4.7326554049e+03
     4.650  4.2210996162e+00  4.5408422693e+01  2.2001650143e+02  5.6252310222e+02  1.0755885513e+03  1.7595138244e+03  2.6143643911e+03  3.6401607884e+03  4.8369110715e+03
     4.700  4.2187177607e+00  4.6068100339e+01  2.2441395281e+02  5.7439723115e+02  1.0986823133e+03  1.7975684330e+03  2.6711205529e+03  3.7193590357e+03  4.9422918649e+03
     4.750  4.2163858364e+00  4.6732954654e+01  2.2885666207e+02  5.8639670450e+02  1.1220214276e+03  1.8360283651e+03  2.7284819876e+03  3.7994024883e+03  5.0487977812e+03
     4.800  4.2141023188e+00  4.7402979740e+01  2.3334461956e+02  5.9852150917e+02  1.1456058805e+03  1.8748936085e+03  2.7864486852e+03  3.8802911389e+03  5.1564288168e+03
     4.850  4.2118657433e+00  4.8078169956e+01  2.3787781609e+02  6.1077163274e+02  1.1694356595e+03  1.9141641517e+03  2.8450206359e+03  3.9620249808e+03  5.2651849679e+03
     4.900  4.2096747029e+00  4.8758519907e+01  2.4245624291e+02  6.2314706337e+02  1.1935107522e+03  1.9538399835e+03  2.9041978306e+03  4.0446040072e+03  5.3750662314e+03
     4.950  4.2075278449e+00  4.9444024428e+01  2.4707989170e+02  6.3564778982e+02  1.2178311472e+03  1.9939210933e+03  2.9639802608e+03  4.1280282121e+03  5.4860726039e+03
     5.000  4.2054238686e+00  5.0134678573e+01  2.5174875452e+02  6.4827380138e+02  1.2423968336e+03  2.0344074713e+03  3.0243679180e+03  4.2122975895e+03  5.5982040823e+03
     5.050  4.2033615229e+00  5.0830477603e+01  2.5646282382e+02  6.6102508785e+02  1.2672078008e+03  2.0752991079e+03  3.0853607945e+03  4.2974121337e+03  5.7114606637e+03
     5.100  4.2013396040e+00  5.1531416977e+01  2.6122209236e+02  6.7390163951e+02  1.2922640389e+03  2.1165959940e+03  3.1469588828e+03  4.3833718393e+03  5.8258423453e+03
     5.150  4.1993569534e+00  5.2237492340e+01  2.6602655327e+02  6.8690344710e+02  1.3175655385e+03  2.1582981210e+03  3.2091621756e+03  4.4701767012e+03  5.9413491244e+03
     5.200  4.1974124553e+00  5.2948699515e+01  2.7087619996e+02  7.0003050177e+02  1.3431122904e+03  2.2004054806e+03  3.2719706662e+03  4.5578267145e+03  6.0579809982e+03
     5.250  4.1955050354e+00  5.3665034493e+01  2.7577102616e+02  7.1328279508e+02  1.3689042860e+03  2.2429180649e+03  3.3353843481e+03  4.6463218743e+03  6.1757379644e+03
     5.300  4.1936336584e+00  5.4386493426e+01  2.8071102584e+02  7.2666031897e+02  1.3949415172e+03  2.2858358665e+03  3.3994032150e+03  4.7356621763e+03  6.2946200204e+03
     5.350  4.1917973267e+00  5.5113072618e+01  2.8569619327e+02  7.4016306573e+02  1.4212239759e+03  2.3291588781e+03  3.4640272609e+03  4.8258476161e+03  6.4146271640e+03
     5.400  4.1899950786e+00  5.5844768516e+01  2.9072652296e+02  7.5379102800e+02  1.4477516548e+03  2.3728870930e+03  3.5292564802e+03  4.9168781896e+03  6.5357593930e+03
     5.450  4.1882259866e+00  5.6581577709e+01  2.9580200963e+02  7.6754419874e+02  1.4745245466e+03  2.4170205044e+03  3.5950908674e+03  5.0087538927e+03  6.6580167051e+03
     5.500  4.1864891562e+00  5.7323496913e+01  3.0092264824e+02  7.8142257121e+02  1.5015426444e+03  2.4615591062e+03  3.6615304174e+03  5.1014747218e+03  6.7813990984e+03
     5.550  4.1847837243e+00  5.8070522972e+01  3.0608843399e+02  7.9542613893e+02  1.5288059416e+03  2.5065028924e+03  3.7285751250e+03  5.1950406731e+03  6.9059065708e+03
     5.600  4.1831088576e+00  5.8822652847e+01  3.1129936222e+02  8.0955489575e+02  1.5563144319e+03  2.5518518571e+03  3.7962249856e+03  5.2894517432e+03  7.0315391203e+03
     5.650  4.1814637520e+00  5.9579883616e+01  3.1655542851e+02  8.2380883572e+02  1.5840681093e+03  2.5976059949e+03  3.8644799945e+03  5.3847079287e+03  7.1582967452e+03
     5.700  4.1798476306e+00  6.0342212463e+01  3.2185662860e+02  8.3818795317e+02  1.6120669679e+03  2.6437653004e+03  3.9333401474e+03  5.4808092264e+03  7.2861794437e+03
     5.750  4.1782597433e+00  6.1109636674e+01  3.2720295841e+02  8.5269224264e+02  1.6403110023e+03  2.6903297686e+03  4.0028054399e+03  5.5777556332e+03  7.4151872139e+03
     5.800  4.1766993650e+00  6.1882153638e+01  3.3259441401e+02  8.6732169892e+02  1.6688002070e+03  2.7372993947e+03  4.0728758681e+03  5.6755471460e+03  7.5453200543e+03
     5.850  4.1751657951e+00  6.2659760835e+01  3.3803099163e+02  8.8207631697e+02  1.6975345771e+03  2.7846741739e+03  4.1435514279e+03  5.7741837621e+03  7.6765779631e+03
     5.900  4.1736583561e+00  6.3442455836e+01  3.4351268767e+02  8.9695609199e+02  1.7265141074e+03  2.8324541018e+03  4.2148321158e+03  5.8736654786e+03  7.8089609389e+03
     5.950  4.1721763932e+00  6.4230236299e+01  3.4903949863e+02  9.1196101933e+02  1.7557387934e+03  2.8806391740e+03  4.2867179281e+03  5.9739922929e+03  7.9424689802e+03
     6.000  4.1707192726e+00  6.5023099963e+01  3.5461142117e+02  9.2709109454e+02  1.7852086305e+03  2.9292293864e+03  4.3592088612e+03  6.0751642025e+03  8.0771020854e+03
     6.050  4.1692863815e+00  6.5821044648e+01  3.6022845208e+02  9.4234631335e+02  1.8149236143e+03  2.9782247350e+03  4.4323049120e+03  6.1771812048e+03  8.2128602531e+03
     6.100  4.1678771265e+00  6.6624068248e+01  3.6589058825e+02  9.5772667164e+02  1.8448837406e+03  3.0276252160e+03  4.5060060771e+03  6.2800432974e+03  8.3497434820e+03
     6.150  4.1664909335e+00  6.7432168728e+01  3.7159782672e+02  9.7323216545e+02  1.8750890055e+03  3.0774308256e+03  4.5803123534e+03  6.3837504781e+03  8.4877517707e+03
     6.200  4.1651272464e+00  6.8245344124e+01  3.7735016460e+02  9.8886279096e+02  1.9055394049e+03  3.1276415604e+03  4.6552237381e+03  6.4883027447e+03  8.6268851180e+03
     6.250  4.1637855269e+00  6.9063592538e+01  3.8314759914e+02  1.0046185445e+03  1.9362349352e+03  3.1782574169e+03  4.7307402281e+03  6.5937000950e+03  8.7671435226e+03
     6.300  4.1624652532e+00  6.9886912135e+01  3.8899012767e+02  1.0204994225e+03  1.9671755929e+03  3.2292783918e+03  4.8068618208e+03  6.6999425269e+03  8.9085269832e+03
     6.350  4.1611659201e+00  7.0715301142e+01  3.9487774762e+02  1.0365054217e+03  1.9983613743e+03  3.2807044819e+03  4.8835885135e+03  6.8070300384e+03  9.0510354987e+03
     6.400  4.1598870377e+00  7.1548757842e+01  4.0081045652e+02  1.0526365386e+03  2.0297922761e+03  3.3325356842e+03  4.9609203036e+03  6.9149626277e+03  9.1946690679e+03
     6.450  4.1586281313e+00  7.2387280577e+01  4.0678825198e+02  1.0688927702e+03  2.0614682952e+03  3.3847719956e+03  5.0388571885e+03  7.0237402928e+03  9.3394276898e+03
     6.500  4.1573887405e+00  7.3230867740e+01  4.1281113170e+02  1.0852741133e+03  2.0933894284e+03  3.4374134135e+03  5.1173991660e+03  7.1333630319e+03  9.4853113632e+03
     6.550  4.1561684189e+00  7.4079517777e+01  4.1887909345e+02  1.1017805651e+03  2.1255556728e+03  3.4904599349e+03  5.1965462336e+03  7.2438308434e+03  9.6323200871e+03
     6.600  4.1549667333e+00  7.4933229183e+01  4.2499213509e+02  1.1184121227e+03  2.1579670253e+03  3.5439115572e+03  5.2762983892e+03  7.3551437254e+03  9.7804538605e+03
     6.650  4.1537832637e+00  7.5792000502e+01  4.3115025454e+02  1.1351687833e+03  2.1906234833e+03  3.5977682779e+03  5.3566556306e+03  7.4673016764e+03  9.9297126824e+03
     6.700  4.1526176023e+00  7.6655830322e+01  4.3735344980e+02  1.1520505443e+03  2.2235250440e+03  3.6520300946e+03  5.4376179556e+03  7.5803046947e+03  1.0080096552e+04
     6.750  4.1514693534e+00  7.7524717275e+01  4.4360171894e+02  1.1690574032e+03  2.2566717049e+03  3.7066970047e+03  5.5191853623e+03  7.6941527790e+03  1.0231605468e+04
     6.800  4.1503381326e+00  7.8398660037e+01  4.4989506009e+02  1.1861893574e+03  2.2900634633e+03  3.7617690060e+03  5.6013578487e+03  7.8088459275e+03  1.0384239430e+04
     6.850  4.1492235669e+00  7.9277657323e+01  4.5623347144e+02  1.2034464045e+03  2.3237003169e+03  3.8172460962e+03  5.6841354128e+03  7.9243841390e+03  1.0537998436e+04
     6.900  4.1481252940e+00  8.0161707887e+01  4.6261695125e+02  1.2208285423e+03  2.3575822632e+03  3.8731282732e+03  5.7675180530e+03  8.0407674120e+03  1.0692882486e+04
     6.950  4.1470429617e+00  8.1050810522e+01  4.6904549781e+02  1.2383357685e+03  2.3917093002e+03  3.9294155349e+03  5.8515057673e+03  8.1579957452e+03  1.0848891580e+04
     7.000  4.1459762281e+00  8.1944964056e+01  4.7551910950e+02  1.2559680810e+03  2.4260814254e+03  3.9861078792e+03  5.9360985541e+03  8.2760691372e+03  1.1006025716e+04
     7.050  4.1449247607e+00  8.2844167352e+01  4.8203778474e+02  1.2737254776e+03  2.4606986368e+03  4.0432053043e+03  6.0212964116e+03  8.3949875868e+03  1.1164284893e+04
     7.100  4.1438882365e+00  8.3748419308e+01  4.8860152198e+02  1.2916079563e+03  2.4955609323e+03  4.1007078081e+03  6.1070993384e+03  8.5147510928e+03  1.1323669111e+04
     7.150  4.1428663413e+00  8.4657718851e+01  4.9521031975e+02  1.3096155152e+03  2.5306683100e+03  4.1586153888e+03  6.1935073328e+03  8.6353596538e+03  1.1484178369e+04
     7.200  4.1418587697e+00  8.5572064944e+01  5.0186417660e+02  1.3277481523e+03  2.5660207679e+03  4.2169280448e+03  6.2805203932e+03  8.7568132689e+03  1.1645812666e+04
     7.250  4.1408652247e+00  8.6491456575e+01  5.0856309116e+02  1.3460058659e+03  2.6016183040e+03  4.2756457741e+03  6.3681385183e+03  8.8791119368e+03  1.1808572001e+04
     7.300  4.1398854172e+00  8.7415892765e+01  5.1530706205e+02  1.3643886540e+03  2.6374609167e+03  4.3347685753e+03  6.4563617066e+03  9.0022556564e+03  1.1972456375e+04
     7.350  4.1389190662e+00  8.8345372562e+01  5.2209608799e+02  1.3828965151e+03  2.6735486040e+03  4.3942964465e+03  6.5451899567e+03  9.1262444268e+03  1.2137465785e+04
     7.400  4.1379658981e+00  8.9279895038e+01  5.2893016769e+02  1.4015294474e+03  2.7098813645e+03  4.4542293864e+03  6.6346232673e+03  9.2510782467e+03  1.2303600232e+04
     7.450  4.1370256466e+00  9.0219459295e+01  5.3580929994e+02  1.4202874493e+03  2.7464591962e+03  4.5145673932e+03  6.7246616370e+03  9.3767571153e+03  1.2470859715e+04
     7.500  4.1360980526e+00  9.1164064458e+01  5.4273348353e+02  1.4391705192e+03  2.7832820978e+03  4.5753104656e+03  6.8153050647e+03  9.5032810316e+03  1.2639244232e+04
     7.550  4.1351828637e+00  9.2113709677e+01  5.4970271731e+02  1.4581786556e+03  2.8203500675e+03  4.6364586021e+03  6.9065535489e+03  9.6306499945e+03  1.2808753785e+04
     7.600  4.1342798342e+00  9.3068394125e+01  5.5671700016e+02  1.4773118571e+03  2.8576631039e+03  4.6980118014e+03  6.9984070887e+03  9.7588640032e+03  1.2979388371e+04
     7.650  4.1333887248e+00  9.4028116997e+01  5.6377633099e+02  1.4965701221e+03  2.8952212056e+03  4.7599700620e+03  7.0908656828e+03  9.8879230567e+03  1.3151147991e+04
     7.700  4.1325093024e+00  9.4992877512e+01  5.7088070874e+02  1.5159534492e+03  2.9330243711e+03  4.8223333826e+03  7.1839293300e+03  1.0017827154e+04  1.3324032643e+04
     7.750  4.1316413398e+00  9.5962674907e+01  5.7803013238e+02  1.5354618372e+03  2.9710725989e+03  4.8851017620e+03  7.2775980294e+03  1.0148576295e+04  1.3498042328e+04
     7.800  4.1307846158e+00  9.6937508442e+01  5.8522460092e+02  1.5550952847e+03  3.0093658879e+03  4.9482751989e+03  7.3718717797e+03  1.0280170478e+04  1.3673177044e+04
     7.850  4.1299389147e+00  9.7917377395e+01  5.9246411338e+02  1.5748537904e+03  3.0479042366e+03  5.0118536922e+03  7.4667505800e+03  1.0412609702e+04  1.3849436791e+04
     7.900  4.1291040262e+00  9.8902281065e+01  5.9974866882e+02  1.5947373530e+03  3.0866876438e+03  5.0758372405e+03  7.5622344293e+03  1.0545893967e+04  1.4026821569e+04
     7.950  4.1282797455e+00  9.9892218768e+01  6.0707826634e+02  1.6147459714e+03  3.1257161083e+03  5.1402258429e+03  7.6583233266e+03  1.0680023272e+04  1.4205331377e+04
     8.000  4.1274658726e+00  1.0088718984e+02  6.1445290503e+02  1.6348796445e+03  3.1649896289e+03  5.2050194982e+03  7.7550172709e+03  1.0814997617e+04  1.4384966214e+04
     8.050  4.1266622128e+00  1.0188719362e+02  6.2187258404e+02  1.6551383709e+03  3.2045082044e+03  5.2702182053e+03  7.8523162613e+03  1.0950816999e+04  1.4565726081e+04
     8.100  4.1258685760e+00  1.0289222950e+02  6.2933730253e+02  1.6755221497e+03  3.2442718336e+03  5.3358219631e+03  7.9502202969e+03  1.1087481420e+04  1.4747610976e+04
     8.150  4.1250847767e+00  1.0390229684e+02  6.3684705967e+02  1.6960309798e+03  3.2842805155e+03  5.4018307707e+03  8.0487293768e+03  1.1224990877e+04  1.4930620900e+04
     8.200  4.1243106341e+00  1.0491739506e+02  6.4440185467e+02  1.7166648600e+03  3.3245342490e+03  5.4682446270e+03  8.1478435002e+03  1.1363345371e+04  1.5114755851e+04
     8.250  4.1235459717e+00  1.0593752356e+02  6.5200168677e+02  1.7374237895e+03  3.3650330331e+03  5.5350635311e+03  8.2475626662e+03  1.1502544900e+04  1.5300015829e+04
     8.300  4.1227906172e+00  1.0696268177e+02  6.5964655519e+02  1.7583077671e+03  3.4057768667e+03  5.6022874820e+03  8.3478868740e+03  1.1642589465e+04  1.5486400834e+04
     8.350  4.1220444026e+00  1.0799286915e+02  6.6733645922e+02  1.7793167919e+03  3.4467657489e+03  5.6699164788e+03  8.4488161229e+03  1.1783479064e+04  1.5673910865e+04
     8.400  4.1213071637e+00  1.0902808514e+02  6.7507139814e+02  1.8004508631e+03  3.4879996787e+03  5.7379505207e+03  8.5503504119e+03  1.1925213696e+04  1.5862545923e+04
     8.450  4.1205787403e+00  1.1006832922e+02  6.8285137125e+02  1.8217099796e+03  3.5294786551e+03  5.8063896067e+03  8.6524897405e+03  1.2067793362e+04  1.6052306006e+04
     8.500  4.1198589759e+00  1.1111360087e+02  6.9067637788e+02  1.8430941405e+03  3.5712026773e+03  5.8752337361e+03  8.7552341078e+03  1.2211218061e+04  1.6243191114e+04
     8.550  4.1191477178e+00  1.1216389960e+02  6.9854641737e+02  1.8646033451e+03  3.6131717443e+03  5.9444829079e+03  8.8585835131e+03  1.2355487791e+04  1.6435201247e+04
     8.600  4.1184448166e+00  1.1321922490e+02  7.0646148908e+02  1.8862375924e+03  3.6553858554e+03  6.0141371214e+03  8.9625379558e+03  1.2500602553e+04  1.6628336404e+04
     8.650  4.1177501267e+00  1.1427957629e+02  7.1442159238e+02  1.9079968816e+03  3.6978450096e+03  6.0841963758e+03  9.0670974352e+03  1.2646562346e+04  1.6822596585e+04
     8.700  4.1170635056e+00  1.1534495332e+02  7.2242672667e+02  1.9298812120e+03  3.7405492061e+03  6.1546606703e+03  9.1722619505e+03  1.2793367170e+04  1.7017981790e+04
     8.750  4.1163848140e+00  1.1641535553e+02  7.3047689134e+02  1.9518905827e+03  3.7834984441e+03  6.2255300042e+03  9.2780315012e+03  1.2941017023e+04  1.7214492018e+04
     8.800  4.1157139162e+00  1.1749078246e+02  7.3857208583e+02  1.9740249929e+03  3.8266927229e+03  6.2968043767e+03  9.3844060866e+03  1.3089511906e+04  1.7412127268e+04
     8.850  4.1150506790e+00  1.1857123368e+02  7.4671230956e+02  1.9962844420e+03  3.8701320417e+03  6.3684837872e+03  9.4913857061e+03  1.3238851818e+04  1.7610887542e+04
     8.900  4.1143949726e+00  1.1965670878e+02  7.5489756199e+02  2.0186689292e+03  3.9138163997e+03  6.4405682350e+03  9.5989703591e+03  1.3389036758e+04  1.7810772838e+04
     8.950  4.1137466699e+00  1.2074720732e+02  7.6312784259e+02  2.0411784538e+03  3.9577457963e+03  6.5130577193e+03  9.7071600450e+03  1.3540066726e+04  1.8011783155e+04
     9.000  4.1131056468e+00  1.2184272891e+02  7.7140315082e+02  2.0638130151e+03  4.0019202306e+03  6.5859522396e+03  9.8159547632e+03  1.3691941721e+04  1.8213918494e+04
     9.050  4.1124717818e+00  1.2294327315e+02  7.7972348617e+02  2.0865726124e+03  4.0463397021e+03  6.6592517951e+03  9.9253545132e+03  1.3844661744e+04  1.8417178854e+04
     9.100  4.1118449562e+00  1.2404883966e+02  7.8808884816e+02  2.1094572451e+03  4.0910042101e+03  6.7329563853e+03  1.0035359294e+04  1.3998226793e+04  1.8621564236e+04
     9.150  4.1112250538e+00  1.2515942804e+02  7.9649923630e+02  2.1324669125e+03  4.1359137538e+03  6.8070660095e+03  1.0145969106e+04  1.4152636868e+04  1.8827074637e+04
     9.200  4.1106119609e+00  1.2627503794e+02  8.0495465010e+02  2.1556016140e+03  4.1810683327e+03  6.8815806672e+03  1.0257183948e+04  1.4307891969e+04  1.9033710060e+04
     9.250  4.1100055664e+00  1.2739566900e+02  8.1345508911e+02  2.1788613490e+03  4.2264679462e+03  6.9565003577e+03  1.0369003820e+04  1.4463992096e+04  1.9241470502e+04
     9.300  4.1094057615e+00  1.2852132085e+02  8.2200055287e+02  2.2022461169e+03  4.2721125935e+03  7.0318250805e+03  1.0481428721e+04  1.4620937247e+04  1.9450355964e+04
     9.350  4.1088124397e+00  1.2965199315e+02  8.3059104095e+02  2.2257559171e+03  4.3180022742e+03  7.1075548350e+03  1.0594458651e+04  1.4778727423e+04  1.9660366445e+04
     9.400  4.1082254970e+00  1.3078768557e+02  8.3922655291e+02  2.2493907490e+03  4.3641369876e+03  7.1836896208e+03  1.0708093608e+04  1.4937362623e+04  1.9871501946e+04
     9.450  4.1076448313e+00  1.3192839777e+02  8.4790708833e+02  2.2731506121e+03  4.4105167332e+03  7.2602294371e+03  1.0822333594e+04  1.5096842846e+04  2.0083762465e+04
     9.500  4.1070703428e+00  1.3307412943e+02  8.5663264681e+02  2.2970355059e+03  4.4571415104e+03  7.3371742836e+03  1.0937178606e+04  1.5257168093e+04  2.0297148003e+04
     9.550  4.1065019339e+00  1.3422488023e+02  8.6540322793e+02  2.3210454298e+03  4.5040113187e+03  7.4145241597e+03  1.1052628646e+04  1.5418338364e+04  2.0511658559e+04
     9.600  4.1059395088e+00  1.3538064986e+02  8.7421883132e+02  2.3451803832e+03  4.5511261576e+03  7.4922790650e+03  1.1168683712e+04  1.5580353656e+04  2.0727294134e+04
     9.650  4.1053829740e+00  1.3654143803e+02  8.8307945658e+02  2.3694403658e+03  4.5984860265e+03  7.5704389989e+03  1.1285343804e+04  1.5743213971e+04  2.0944054726e+04
     9.700  4.1048322375e+00  1.3770724443e+02  8.9198510333e+02  2.3938253769e+03  4.6460909249e+03  7.6490039609e+03  1.1402608921e+04  1.5906919308e+04  2.1161940336e+04
     9.750  4.1042872097e+00  1.3887806877e+02  9.0093577123e+02  2.4183354162e+03  4.6939408523e+03  7.7279739507e+03  1.1520479064e+04  1.6071469667e+04  2.1380950963e+04
     9.800  4.1037478024e+00  1.4005391078e+02  9.0993145990e+02  2.4429704831e+03  4.7420358082e+03  7.8073489677e+03  1.1638954231e+04  1.6236865047e+04  2.1601086608e+04
     9.850  4.1032139296e+00  1.4123477016e+02  9.1897216900e+02  2.4677305771e+03  4.7903757923e+03  7.8871290115e+03  1.1758034423e+04  1.6403105448e+04  2.1822347269e+04
     9.900  4.1026855066e+00  1.4242064665e+02  9.2805789818e+02  2.4926156979e+03  4.8389608039e+03  7.9673140817e+03  1.1877719638e+04  1.6570190870e+04  2.2044732947e+04
     9.950  4.1021624508e+00  1.4361153998e+02  9.3718864711e+02  2.5176258449e+03  4.8877908427e+03  8.0479041778e+03  1.1998009877e+04  1.6738121312e+04  2.2268243642e+04
    10.000  4.1016446810e+00  1.4480744990e+02  9.4636441547e+02  2.5427610178e+03  4.9368659082e+03  8.1288992995e+03  1.2118905140e+04  1.6906896774e+04  2.2492879352e+04
    10.050  4.1011321178e+00  1.4600837614e+02  9.5558520292e+02  2.5680212161e+03  4.9861859999e+03  8.2102994462e+03  1.2240405425e+04  1.7076517255e+04  2.2718640079e+04
    10.100  4.1006246832e+00  1.4721431845e+02  9.6485100917e+02  2.5934064395e+03  5.0357511176e+03  8.2921046177e+03  1.2362510733e+04  1.7246982757e+04  2.2945525821e+04
    10.150  4.1001223010e+00  1.4842527659e+02  9.7416183391e+02  2.6189166874e+03  5.0855612606e+03  8.3743148136e+03  1.2485221063e+04  1.7418293277e+04  2.3173536579e+04
    10.200  4.0996248962e+00  1.4964125032e+02  9.8351767682e+02  2.6445519595e+03  5.1356164287e+03  8.4569300333e+03  1.2608536414e+04  1.7590448817e+04  2.3402672352e+04
    10.250  4.0991323954e+00  1.5086223941e+02  9.9291853763e+02  2.6703122555e+03  5.1859166214e+03  8.5399502767e+03  1.2732456787e+04  1.7763449375e+04  2.3632933141e+04
    10.300  4.0986447267e+00  1.5208824361e+02  1.0023644160e+03  2.6961975749e+03  5.2364618384e+03  8.6233755433e+03  1.2856982182e+04  1.7937294951e+04  2.3864318944e+04
    10.350  4.0981618196e+00  1.5331926271e+02  1.0118553118e+03  2.7222079173e+03  5.2872520792e+03  8.7072058327e+03  1.2982112597e+04  1.8111985546e+04  2.4096829763e+04
    10.400  4.0976836048e+00  1.5455529649e+02  1.0213912246e+03  2.7483432825e+03  5.3382873435e+03  8.7914411446e+03  1.3107848033e+04  1.8287521158e+04  2.4330465595e+04
    10.450  4.0972100145e+00  1.5579634472e+02  1.0309721541e+03  2.7746036700e+03  5.3895676310e+03  8.8760814787e+03  1.3234188489e+04  1.8463901788e+04  2.4565226442e+04
    10.500  4.0967409821e+00  1.5704240719e+02  1.0405981002e+03  2.8009890795e+03  5.4410929412e+03  8.9611268346e+03  1.3361133965e+04  1.8641127436e+04  2.4801112304e+04
    10.550  4.0962764423e+00  1.5829348370e+02  1.0502690625e+03  2.8274995106e+03  5.4928632738e+03  9.0465772120e+03  1.3488684460e+04  1.8819198100e+04  2.5038123179e+04
    10.600  4.0958163310e+00  1.5954957404e+02  1.0599850409e+03  2.8541349631e+03  5.5448786285e+03  9.1324326106e+03  1.3616839975e+04  1.8998113782e+04  2.5276259068e+04
    10.650  4.0953605854e+00  1.6081067800e+02  1.0697460350e+03  2.8808954366e+03  5.5971390049e+03  9.2186930300e+03  1.3745600509e+04  1.9177874480e+04  2.5515519971e+04
    10.700  4.0949091438e+00  1.6207679540e+02  1.0795520446e+03  2.9077809307e+03  5.6496444028e+03  9.3053584699e+03  1.3874966062e+04  1.9358480194e+04  2.5755905888e+04
    10.750  4.0944619457e+00  1.6334792604e+02  1.0894030695e+03  2.9347914452e+03  5.7023948217e+03  9.3924289301e+03  1.4004936633e+04  1.9539930925e+04  2.5997416817e+04
    10.800  4.0940189316e+00  1.6462406972e+02  1.0992991094e+03  2.9619269798e+03  5.7553902614e+03  9.4799044102e+03  1.4135512223e+04  1.9722226671e+04  2.6240052760e+04
    10.850  4.0935800434e+00  1.6590522627e+02  1.1092401642e+03  2.9891875341e+03  5.8086307215e+03  9.5677849100e+03  1.4266692830e+04  1.9905367434e+04  2.6483813716e+04
    10.900  4.0931452237e+00  1.6719139550e+02  1.1192262335e+03  3.0165731078e+03  5.8621162018e+03  9.6560704291e+03  1.4398478455e+04  2.0089353212e+04  2.6728699684e+04
    10.950  4.0927144165e+00  1.6848257722e+02  1.1292573172e+03  3.0440837007e+03  5.9158467020e+03  9.7447609673e+03  1.4530869098e+04  2.0274184005e+04  2.6974710666e+04
    11.000  4.0922875665e+00  1.6977877128e+02  1.1393334151e+03  3.0717193125e+03  5.9698222217e+03  9.8338565243e+03  1.4663864758e+04  2.0459859813e+04  2.7221846659e+04
    11.050  4.0918646196e+00  1.7107997749e+02  1.1494545270e+03  3.0994799429e+03  6.0240427607e+03  9.9233570999e+03  1.4797465435e+04  2.0646380636e+04  2.7470107665e+04
    11.100  4.0914455227e+00  1.7238619568e+02  1.1596206525e+03  3.1273655917e+03  6.0785083187e+03  1.0013262694e+04  1.4931671129e+04  2.0833746474e+04  2.7719493684e+04
    11.150  4.0910302235e+00  1.7369742569e+02  1.1698317916e+03  3.1553762584e+03  6.1332188954e+03  1.0103573305e+04  1.5066481840e+04  2.1021957327e+04  2.7970004714e+04
    11.200  4.0906186709e+00  1.7501366735e+02  1.1800879441e+03  3.1835119430e+03  6.1881744906e+03  1.0194288935e+04  1.5201897566e+04  2.1211013194e+04  2.8221640756e+04
    11.250  4.0902108144e+00  1.7633492051e+02  1.1903891097e+03  3.2117726451e+03  6.2433751039e+03  1.0285409582e+04  1.5337918309e+04  2.1400914075e+04  2.8474401810e+04
    11.300  4.0898066045e+00  1.7766118501e+02  1.2007352882e+03  3.2401583645e+03  6.2988207352e+03  1.0376935246e+04  1.5474544068e+04  2.1591659970e+04  2.8728287876e+04
    11.350  4.0894059928e+00  1.7899246069e+02  1.2111264796e+03  3.2686691010e+03  6.3545113842e+03  1.0468865928e+04  1.5611774842e+04  2.1783250878e+04  2.8983298953e+04
    11.400  4.0890089316e+00  1.8032874740e+02  1.2215626835e+03  3.2973048542e+03  6.4104470506e+03  1.0561201626e+04  1.5749610632e+04  2.1975686801e+04  2.9239435042e+04
    11.450  4.0886153738e+00  1.8167004500e+02  1.2320438998e+03  3.3260656240e+03  6.4666277341e+03  1.0653942340e+04  1.5888051436e+04  2.2168967736e+04  2.9496696141e+04
    11.500  4.0882252735e+00  1.8301635333e+02  1.2425701283e+03  3.3549514101e+03  6.5230534346e+03  1.0747088071e+04  1.6027097256e+04  2.2363093685e+04  2.9755082252e+04
    11.550  4.0878385853e+00  1.8436767226e+02  1.2531413689e+03  3.3839622123e+03  6.5797241518e+03  1.0840638818e+04  1.6166748091e+04  2.2558064647e+04  3.0014593374e+04
    11.600  4.0874552650e+00  1.8572400164e+02  1.2637576214e+03  3.4130980303e+03  6.6366398855e+03  1.0934594581e+04  1.6307003941e+04  2.2753880622e+04  3.0275229506e+04
    11.650  4.0870752686e+00  1.8708534134e+02  1.2744188856e+03  3.4423588640e+03  6.6938006354e+03  1.1028955360e+04  1.6447864804e+04  2.2950541610e+04  3.0536990649e+04
    11.700  4.0866985533e+00  1.8845169122e+02  1.2851251614e+03  3.4717447132e+03  6.7512064013e+03  1.1123721154e+04  1.6589330683e+04  2.3148047611e+04  3.0799876803e+04
    11.750  4.0863250768e+00  1.8982305114e+02  1.2958764485e+03  3.5012555775e+03  6.8088571830e+03  1.1218891963e+04  1.6731401575e+04  2.3346398623e+04  3.1063887967e+04
    11.800  4.0859547977e+00  1.9119942098e+02  1.3066727469e+03  3.5308914569e+03  6.8667529803e+03  1.1314467788e+04  1.6874077481e+04  2.3545594648e+04  3.1329024142e+04
    11.850  4.0855876751e+00  1.9258080060e+02  1.3175140564e+03  3.5606523510e+03  6.9248937930e+03  1.1410448627e+04  1.7017358401e+04  2.3745635686e+04  3.1595285326e+04
    11.900  4.0852236689e+00  1.9396718988e+02  1.3284003768e+03  3.5905382598e+03  6.9832796208e+03  1.1506834481e+04  1.7161244334e+04  2.3946521735e+04  3.1862671521e+04
    11.950  4.0848627398e+00  1.9535858869e+02  1.3393317079e+03  3.6205491829e+03  7.0419104636e+03  1.1603625349e+04  1.7305735280e+04  2.4148252796e+04  3.2131182726e+04
    12.000  4.0845048489e+00  1.9675499691e+02  1.3503080498e+03  3.6506851203e+03  7.1007863211e+03  1.1700821231e+04  1.7450831240e+04  2.4350828868e+04  3.2400818940e+04
    12.050  4.0841499581e+00  1.9815641443e+02  1.3613294021e+03  3.6809460717e+03  7.1599071933e+03  1.1798422128e+04  1.7596532213e+04  2.4554249953e+04  3.2671580165e+04
    12.100  4.0837980299e+00  1.9956284112e+02  1.3723957647e+03  3.7113320369e+03  7.2192730797e+03  1.1896428038e+04  1.7742838198e+04  2.4758516048e+04  3.2943466398e+04
    12.150  4.0834490275e+00  2.0097427686e+02  1.3835071376e+03  3.7418430157e+03  7.2788839804e+03  1.1994838962e+04  1.7889749197e+04  2.4963627155e+04  3.3216477642e+04
    12.200  4.0831029146e+00  2.0239072155e+02  1.3946635205e+03  3.7724790080e+03  7.3387398951e+03  1.2093654900e+04  1.8037265208e+04  2.5169583273e+04  3.3490613895e+04
    12.250  4.0827596555e+00  2.0381217506e+02  1.4058649134e+03  3.8032400136e+03  7.3988408235e+03  1.2192875851e+04  1.8185386231e+04  2.5376384402e+04  3.3765875157e+04
    12.300  4.0824192151e+00  2.0523863730e+02  1.4171113161e+03  3.8341260323e+03  7.4591867656e+03  1.2292501815e+04  1.8334112266e+04  2.5584030542e+04  3.4042261428e+04
    12.350  4.0820815590e+00  2.0667010815e+02  1.4284027284e+03  3.8651370640e+03  7.5197777212e+03  1.2392532792e+04  1.8483443314e+04  2.5792521693e+04  3.4319772709e+04
    12.400  4.0817466532e+00  2.0810658750e+02  1.4397391503e+03  3.8962731084e+03  7.5806136900e+03  1.2492968782e+04  1.8633379373e+04  2.6001857854e+04  3.4598408998e+04
    12.450  4.0814144642e+00  2.0954807524e+02  1.4511205816e+03  3.9275341654e+03  7.6416946720e+03  1.2593809785e+04  1.8783920444e+04  2.6212039026e+04  3.4878170297e+04
    12.500  4.0810849593e+00  2.1099457129e+02  1.4625470223e+03  3.9589202348e+03  7.7030206669e+03  1.2695055800e+04  1.8935066527e+04  2.6423065208e+04  3.5159056604e+04
    12.550  4.0807581060e+00  2.1244607552e+02  1.4740184721e+03  3.9904313165e+03  7.7645916745e+03  1.2796706828e+04  1.9086817621e+04  2.6634936400e+04  3.5441067920e+04
    12.600  4.0804338726e+00  2.1390258785e+02  1.4855349310e+03  4.0220674104e+03  7.8264076948e+03  1.2898762868e+04  1.9239173726e+04  2.6847652602e+04  3.5724204244e+04
    12.650  4.0801122278e+00  2.1536410818e+02  1.4970963988e+03  4.0538285162e+03  7.8884687275e+03  1.3001223919e+04  1.9392134843e+04  2.7061213815e+04  3.6008465577e+04
    12.700  4.0797931406e+00  2.1683063640e+02  1.5087028755e+03  4.0857146339e+03  7.9507747725e+03  1.3104089983e+04  1.9545700971e+04  2.7275620037e+04  3.6293851918e+04
    12.750  4.0794765809e+00  2.1830217243e+02  1.5203543609e+03  4.1177257632e+03  8.0133258297e+03  1.3207361059e+04  1.9699872110e+04  2.7490871269e+04  3.6580363268e+04
    12.800  4.0791625187e+00  2.1977871616e+02  1.5320508549e+03  4.1498619040e+03  8.0761218989e+03  1.3311037146e+04  1.9854648259e+04  2.7706967511e+04  3.6867999626e+04
    12.850  4.0788509246e+00  2.2126026751e+02  1.5437923574e+03  4.1821230562e+03  8.1391629799e+03  1.3415118245e+04  2.0010029419e+04  2.7923908762e+04  3.7156760992e+04
    12.900  4.0785417698e+00  2.2274682639e+02  1.5555788682e+03  4.2145092196e+03  8.2024490726e+03  1.3519604354e+04  2.0166015590e+04  2.8141695023e+04  3.7446647367e+04
    12.950  4.0782350257e+00  2.2423839270e+02  1.5674103874e+03  4.2470203941e+03  8.2659801768e+03  1.3624495476e+04  2.0322606771e+04  2.8360326293e+04  3.7737658749e+04
    13.000  4.0779306643e+00  2.2573496637e+02  1.5792869148e+03  4.2796565796e+03  8.3297562925e+03  1.3729791608e+04  2.0479802963e+04  2.8579802572e+04  3.8029795139e+04
    13.050  4.0776286580e+00  2.2723654729e+02  1.5912084502e+03  4.3124177759e+03  8.3937774194e+03  1.3835492751e+04  2.0637604164e+04  2.8800123860e+04  3.8323056537e+04
    13.100  4.0773289796e+00  2.2874313539e+02  1.6031749937e+03  4.3453039829e+03  8.4580435575e+03  1.3941598905e+04  2.0796010376e+04  2.9021290158e+04  3.8617442942e+04
    13.150  4.0770316023e+00  2.3025473059e+02  1.6151865450e+03  4.3783152004e+03  8.5225547065e+03  1.4048110070e+04  2.0955021597e+04  2.9243301464e+04  3.8912954356e+04
    13.200  4.0767364998e+00  2.3177133279e+02  1.6272431041e+03  4.4114514284e+03  8.5873108664e+03  1.4155026245e+04  2.1114637829e+04  2.9466157779e+04  3.9209590777e+04
    13.250  4.0764436461e+00  2.3329294193e+02  1.6393446709e+03  4.4447126667e+03  8.6523120371e+03  1.4262347430e+04  2.1274859070e+04  2.9689859103e+04  3.9507352205e+04
    13.300  4.0761530157e+00  2.3481955791e+02  1.6514912453e+03  4.4780989151e+03  8.7175582184e+03  1.4370073626e+04  2.1435685321e+04  2.9914405435e+04  3.9806238641e+04
    13.350  4.0758645834e+00  2.3635118066e+02  1.6636828272e+03  4.5116101737e+03  8.7830494101e+03  1.4478204832e+04  2.1597116581e+04  3.0139796776e+04  4.0106250084e+04
    13.400  4.0755783243e+00  2.3788781011e+02  1.6759194165e+03  4.5452464421e+03  8.8487856122e+03  1.4586741049e+04  2.1759152851e+04  3.0366033126e+04  4.0407386534e+04
    13.450  4.0752942141e+00  2.3942944617e+02  1.6882010132e+03  4.5790077203e+03  8.9147668245e+03  1.4695682275e+04  2.1921794129e+04  3.0593114483e+04  4.0709647992e+04
    13.500  4.0750122287e+00  2.4097608878e+02  1.7005276170e+03  4.6128940083e+03  8.9809930470e+03  1.4805028510e+04  2.2085040417e+04  3.0821040849e+04  4.1013034457e+04
    13.550  4.0747323443e+00  2.4252773785e+02  1.7128992281e+03  4.6469053058e+03  9.0474642794e+03  1.4914779756e+04  2.2248891715e+04  3.1049812224e+04  4.1317545929e+04
    13.600  4.0744545377e+00  2.4408439331e+02  1.7253158462e+03  4.6810416128e+03  9.1141805217e+03  1.5024936011e+04  2.2413348021e+04  3.1279428606e+04  4.1623182407e+04
    13.650  4.0741787857e+00  2.4564605510e+02  1.7377774713e+03  4.7153029292e+03  9.1811417738e+03  1.5135497276e+04  2.2578409335e+04  3.1509889996e+04  4.1929943893e+04
    13.700  4.0739050658e+00  2.4721272314e+02  1.7502841033e+03  4.7496892548e+03  9.2483480355e+03  1.5246463550e+04  2.2744075659e+04  3.1741196394e+04  4.2237830385e+04
    13.750  4.0736333555e+00  2.4878439736e+02  1.7628357421e+03  4.7842005896e+03  9.3157993067e+03  1.5357834833e+04  2.2910346992e+04  3.1973347800e+04  4.2546841885e+04
    13.800  4.0733636329e+00  2.5036107769e+02  1.7754323877e+03  4.8188369334e+03  9.3834955874e+03  1.5469611126e+04  2.3077223332e+04  3.2206344214e+04  4.2856978390e+04
    13.850  4.0730958763e+00  2.5194276407e+02  1.7880740399e+03  4.8535982861e+03  9.4514368774e+03  1.5581792427e+04  2.3244704682e+04  3.2440185635e+04  4.3168239903e+04
    13.900  4.0728300642e+00  2.5352945643e+02  1.8007606987e+03  4.8884846476e+03  9.5196231766e+03  1.5694378738e+04  2.3412791040e+04  3.2674872064e+04  4.3480626422e+04
    13.950  4.0725661756e+00  2.5512115469e+02  1.8134923640e+03  4.9234960179e+03  9.5880544849e+03  1.5807370057e+04  2.3581482406e+04  3.2910403500e+04  4.3794137947e+04
    14.000  4.0723041897e+00  2.5671785881e+02  1.8262690357e+03  4.9586323968e+03  9.6567308022e+03  1.5920766385e+04  2.3750778780e+04  3.3146779944e+04  4.4108774479e+04
    14.050  4.0720440861e+00  2.5831956871e+02  1.8390907138e+03  4.9938937842e+03  9.7256521284e+03  1.6034567722e+04  2.3920680162e+04  3.3384001395e+04  4.4424536018e+04
    14.100  4.0717858446e+00  2.5992628433e+02  1.8519573982e+03  5.0292801801e+03  9.7948184634e+03  1.6148774068e+04  2.4091186553e+04  3.3622067853e+04  4.4741422562e+04
    14.150  4.0715294453e+00  2.6153800561e+02  1.8648690888e+03  5.0647915843e+03  9.8642298071e+03  1.6263385422e+04  2.4262297951e+04  3.3860979319e+04  4.5059434113e+04
    14.200  4.0712748685e+00  2.6315473249e+02  1.8778257856e+03  5.1004279967e+03  9.9338861594e+03  1.6378401784e+04  2.4434014357e+04  3.4100735792e+04  4.5378570670e+04
    14.250  4.0710220949e+00  2.6477646491e+02  1.8908274884e+03  5.1361894173e+03  1.0003787520e+04  1.6493823154e+04  2.4606335771e+04  3.4341337271e+04  4.5698832234e+04
    14.300  4.0707711055e+00  2.6640320280e+02  1.9038741972e+03  5.1720758459e+03  1.0073933889e+04  1.6609649533e+04  2.4779262193e+04  3.4582783758e+04  4.6020218803e+04
    14.350  4.0705218814e+00  2.6803494611e+02  1.9169659120e+03  5.2080872825e+03  1.0144325267e+04  1.6725880920e+04  2.4952793622e+04  3.4825075251e+04  4.6342730378e+04
    14.400  4.0702744042e+00  2.6967169479e+02  1.9301026327e+03  5.2442237270e+03  1.0214961653e+04  1.6842517315e+04  2.5126930059e+04  3.5068211752e+04  4.6666366959e+04
    14.450  4.0700286555e+00  2.7131344877e+02  1.9432843591e+03  5.2804851793e+03  1.0285843047e+04  1.6959558718e+04  2.5301671503e+04  3.5312193259e+04  4.6991128546e+04
    14.500  4.0697846173e+00  2.7296020800e+02  1.9565110913e+03  5.3168716393e+03  1.0356969449e+04  1.7077005128e+04  2.5477017955e+04  3.5557019773e+04  4.7317015139e+04
    14.550  4.0695422719e+00  2.7461197243e+02  1.9697828292e+03  5.3533831069e+03  1.0428340859e+04  1.7194856547e+04  2.5652969413e+04  3.5802691293e+04  4.7644026738e+04
    14.600  4.0693016018e+00  2.7626874199e+02  1.9830995727e+03  5.3900195820e+03  1.0499957276e+04  1.7313112973e+04  2.5829525880e+04  3.6049207820e+04  4.7972163343e+04
    14.650  4.0690625895e+00  2.7793051664e+02  1.9964613217e+03  5.4267810646e+03  1.0571818702e+04  1.7431774406e+04  2.6006687353e+04  3.6296569353e+04  4.8301424953e+04
    14.700  4.0688252182e+00  2.7959729632e+02  2.0098680762e+03  5.4636675546e+03  1.0643925135e+04  1.7550840848e+04  2.6184453833e+04  3.6544775893e+04  4.8631811568e+04
    14.750  4.0685894709e+00  2.8126908098e+02  2.0233198362e+03  5.5006790518e+03  1.0716276576e+04  1.7670312296e+04  2.6362825320e+04  3.6793827439e+04  4.8963323190e+04
    14.800  4.0683553311e+00  2.8294587057e+02  2.0368166015e+03  5.5378155563e+03  1.0788873025e+04  1.7790188752e+04  2.6541801814e+04  3.7043723992e+04  4.9295959817e+04
    14.850  4.0681227825e+00  2.8462766504e+02  2.0503583722e+03  5.5750770680e+03  1.0861714481e+04  1.7910470216e+04  2.6721383315e+04  3.7294465551e+04  4.9629721449e+04
    14.900  4.0678918088e+00  2.8631446434e+02  2.0639451481e+03  5.6124635866e+03  1.0934800944e+04  1.8031156686e+04  2.6901569823e+04  3.7546052115e+04  4.9964608087e+04
    14.950  4.0676623941e+00  2.8800626841e+02  2.0775769293e+03  5.6499751123e+03  1.1008132415e+04  1.8152248164e+04  2.7082361338e+04  3.7798483687e+04  5.0300619729e+04
    15.000  4.0674345228e+00  2.8970307722e+02  2.0912537155e+03  5.6876116449e+03  1.1081708893e+04  1.8273744648e+04  2.7263757859e+04  3.8051760264e+04  5.0637756378e+04
    15.050  4.0672081794e+00  2.9140489070e+02  2.1049755069e+03  5.7253731843e+03  1.1155530378e+04  1.8395646140e+04  2.7445759387e+04  3.8305881847e+04  5.0976018031e+04
    15.100  4.0669833484e+00  2.9311170882e+02  2.1187423033e+03  5.7632597305e+03  1.1229596870e+04  1.8517952639e+04  2.7628365921e+04  3.8560848435e+04  5.1315404690e+04
    15.150  4.0667600150e+00  2.9482353153e+02  2.1325541047e+03  5.8012712834e+03  1.1303908369e+04  1.8640664144e+04  2.7811577461e+04  3.8816660030e+04  5.1655916354e+04
    15.200  4.0665381640e+00  2.9654035878e+02  2.1464109110e+03  5.8394078429e+03  1.1378464875e+04  1.8763780656e+04  2.7995394008e+04  3.9073316631e+04  5.1997553023e+04
    15.250  4.0663177810e+00  2.9826219052e+02  2.1603127222e+03  5.8776694090e+03  1.1453266388e+04  1.8887302175e+04  2.8179815562e+04  3.9330818237e+04  5.2340314697e+04
    15.300  4.0660988513e+00  2.9998902671e+02  2.1742595382e+03  5.9160559815e+03  1.1528312907e+04  1.9011228701e+04  2.8364842121e+04  3.9589164849e+04  5.2684201376e+04
    15.350  4.0658813606e+00  3.0172086731e+02  2.1882513590e+03  5.9545675605e+03  1.1603604434e+04  1.9135560233e+04  2.8550473687e+04  3.9848356467e+04  5.3029213060e+04
    15.400  4.0656652949e+00  3.0345771228e+02  2.2022881845e+03  5.9932041458e+03  1.1679140967e+04  1.9260296771e+04  2.8736710259e+04  4.0108393090e+04  5.3375349749e+04
    15.450  4.0654506401e+00  3.0519956156e+02  2.2163700148e+03  6.0319657374e+03  1.1754922506e+04  1.9385438317e+04  2.8923551837e+04  4.0369274719e+04  5.3722611444e+04
    15.500  4.0652373826e+00  3.0694641511e+02  2.2304968496e+03  6.0708523353e+03  1.1830949052e+04  1.9510984868e+04  2.9110998421e+04  4.0631001354e+04  5.4070998142e+04
    15.550  4.0650255087e+00  3.0869827291e+02  2.2446686890e+03  6.1098639393e+03  1.1907220605e+04  1.9636936426e+04  2.9299050011e+04  4.0893572993e+04  5.4420509846e+04
    15.600  4.0648150050e+00  3.1045513489e+02  2.2588855330e+03  6.1490005493e+03  1.1983737164e+04  1.9763292990e+04  2.9487706607e+04  4.1156989638e+04  5.4771146554e+04
    15.650  4.0646058583e+00  3.1221700103e+02  2.2731473814e+03  6.1882621655e+03  1.2060498729e+04  1.9890054560e+04  2.9676968209e+04  4.1421251289e+04  5.5122908267e+04
    15.700  4.0643980556e+00  3.1398387128e+02  2.2874542343e+03  6.2276487876e+03  1.2137505301e+04  2.0017221136e+04  2.9866834816e+04  4.1686357945e+04  5.5475794985e+04
    15.750  4.0641915839e+00  3.1575574560e+02  2.3018060916e+03  6.2671604156e+03  1.2214756878e+04  2.0144792718e+04  3.0057306429e+04  4.1952309606e+04  5.5829806707e+04
    15.800  4.0639864305e+00  3.1753262395e+02  2.3162029533e+03  6.3067970495e+03  1.2292253462e+04  2.0272769307e+04  3.0248383048e+04  4.2219106272e+04  5.6184943434e+04
    15.850  4.0637825828e+00  3.1931450629e+02  2.3306448192e+03  6.3465586892e+03  1.2369995052e+04  2.0401150901e+04  3.0440064672e+04  4.2486747943e+04  5.6541205166e+04
    15.900  4.0635800284e+00  3.2110139259e+02  2.3451316894e+03  6.3864453346e+03  1.2447981648e+04  2.0529937501e+04  3.0632351302e+04  4.2755234620e+04  5.6898591901e+04
    15.950  4.0633787552e+00  3.2289328281e+02  2.3596635639e+03  6.4264569856e+03  1.2526213250e+04  2.0659129107e+04  3.0825242938e+04  4.3024566301e+04  5.7257103642e+04
    16.000  4.0631787508e+00  3.2469017690e+02  2.3742404425e+03  6.4665936424e+03  1.2604689858e+04  2.0788725719e+04  3.1018739579e+04  4.3294742988e+04  5.7616740387e+04
    16.050  4.0629800035e+00  3.2649207484e+02  2.3888623253e+03  6.5068553046e+03  1.2683411471e+04  2.0918727336e+04  3.1212841225e+04  4.3565764679e+04  5.7977502136e+04
    16.100  4.0627825014e+00  3.2829897659e+02  2.4035292121e+03  6.5472419724e+03  1.2762378091e+04  2.1049133960e+04  3.1407547877e+04  4.3837631375e+04  5.8339388890e+04
    16.150  4.0625862328e+00  3.3011088210e+02  2.4182411031e+03  6.5877536457e+03  1.2841589716e+04  2.1179945588e+04  3.1602859534e+04  4.4110343077e+04  5.8702400648e+04
    16.200  4.0623911863e+00  3.3192779135e+02  2.4329979980e+03  6.6283903243e+03  1.2921046347e+04  2.1311162223e+04  3.1798776196e+04  4.4383899783e+04  5.9066537410e+04
    16.250  4.0621973505e+00  3.3374970430e+02  2.4477998969e+03  6.6691520083e+03  1.3000747983e+04  2.1442783862e+04  3.1995297863e+04  4.4658301493e+04  5.9431799176e+04
    16.300  4.0620047141e+00  3.3557662091e+02  2.4626467998e+03  6.7100386977e+03  1.3080694625e+04  2.1574810508e+04  3.2192424536e+04  4.4933548209e+04  5.9798185947e+04
    16.350  4.0618132662e+00  3.3740854115e+02  2.4775387065e+03  6.7510503922e+03  1.3160886272e+04  2.1707242158e+04  3.2390156214e+04  4.5209639929e+04  6.0165697722e+04
    16.400  4.0616229956e+00  3.3924546499e+02  2.4924756172e+03  6.7921870920e+03  1.3241322925e+04  2.1840078814e+04  3.2588492897e+04  4.5486576654e+04  6.0534334501e+04
    16.450  4.0614338916e+00  3.4108739240e+02  2.5074575316e+03  6.8334487969e+03  1.3322004584e+04  2.1973320476e+04  3.2787434584e+04  4.5764358384e+04  6.0904096284e+04
    16.500  4.0612459435e+00  3.4293432333e+02  2.5224844498e+03  6.8748355069e+03  1.3402931247e+04  2.2106967142e+04  3.2986981277e+04  4.6042985117e+04  6.1274983071e+04
    16.550  4.0610591409e+00  3.4478625776e+02  2.5375563718e+03  6.9163472219e+03  1.3484102916e+04  2.2241018814e+04  3.3187132975e+04  4.6322456856e+04  6.1646994862e+04
    16.600  4.0608734731e+00  3.4664319565e+02  2.5526732975e+03  6.9579839420e+03  1.3565519590e+04  2.2375475491e+04  3.3387889677e+04  4.6602773599e+04  6.2020131657e+04
    16.650  4.0606889300e+00  3.4850513698e+02  2.5678352269e+03  6.9997456670e+03  1.3647181270e+04  2.2510337173e+04  3.3589251384e+04  4.6883935346e+04  6.2394393456e+04
    16.700  4.0605055013e+00  3.5037208172e+02  2.5830421599e+03  7.0416323969e+03  1.3729087954e+04  2.2645603860e+04  3.3791218097e+04  4.7165942098e+04  6.2769780259e+04
    16.750  4.0603231770e+00  3.5224402982e+02  2.5982940966e+03  7.0836441317e+03  1.3811239644e+04  2.2781275552e+04  3.3993789814e+04  4.7448793854e+04  6.3146292066e+04
    16.800  4.0601419472e+00  3.5412098126e+02  2.6135910368e+03  7.1257808713e+03  1.3893636338e+04  2.2917352249e+04  3.4196966535e+04  4.7732490615e+04  6.3523928876e+04
    16.850  4.0599618020e+00  3.5600293602e+02  2.6289329805e+03  7.1680426157e+03  1.3976278038e+04  2.3053833951e+04  3.4400748261e+04  4.8017032380e+04  6.3902690691e+04
    16.900  4.0597827318e+00  3.5788989405e+02  2.6443199278e+03  7.2104293647e+03  1.4059164743e+04  2.3190720657e+04  3.4605134992e+04  4.8302419149e+04  6.4282577510e+04
    16.950  4.0596047270e+00  3.5978185533e+02  2.6597518785e+03  7.2529411185e+03  1.4142296452e+04  2.3328012369e+04  3.4810126728e+04  4.8588650922e+04  6.4663589332e+04
    17.000  4.0594277780e+00  3.6167881984e+02  2.6752288327e+03  7.2955778769e+03  1.4225673166e+04  2.3465709085e+04  3.5015723468e+04  4.8875727700e+04  6.5045726158e+04
    17.050  4.0592518756e+00  3.6358078754e+02  2.6907507903e+03  7.3383396399e+03  1.4309294886e+04  2.3603810806e+04  3.5221925212e+04  4.9163649481e+04  6.5428987987e+04
    17.100  4.0590770105e+00  3.6548775840e+02  2.7063177513e+03  7.3812264074e+03  1.4393161610e+04  2.3742317532e+04  3.5428731961e+04  4.9452416267e+04  6.5813374821e+04
    17.150  4.0589031736e+00  3.6739973240e+02  2.7219297156e+03  7.4242381795e+03  1.4477273338e+04  2.3881229262e+04  3.5636143714e+04  4.9742028057e+04  6.6198886658e+04
    17.200  4.0587303557e+00  3.6931670951e+02  2.7375866832e+03  7.4673749560e+03  1.4561630072e+04  2.4020545997e+04  3.5844160472e+04  5.0032484851e+04  6.6585523498e+04
    17.250  4.0585585481e+00  3.7123868970e+02  2.7532886541e+03  7.5106367370e+03  1.4646231810e+04  2.4160267737e+04  3.6052782234e+04  5.0323786648e+04  6.6973285342e+04
    17.300  4.0583877418e+00  3.7316567294e+02  2.7690356283e+03  7.5540235223e+03  1.4731078552e+04  2.4300394481e+04  3.6262009000e+04  5.0615933451e+04  6.7362172190e+04
    17.350  4.0582179282e+00  3.7509765921e+02  2.7848276057e+03  7.5975353120e+03  1.4816170300e+04  2.4440926230e+04  3.6471840771e+04  5.0908925256e+04  6.7752184041e+04
    17.400  4.0580490985e+00  3.7703464848e+02  2.8006645863e+03  7.6411721060e+03  1.4901507051e+04  2.4581862983e+04  3.6682277546e+04  5.1202762066e+04  6.8143320896e+04
    17.450  4.0578812444e+00  3.7897664072e+02  2.8165465701e+03  7.6849339043e+03  1.4987088808e+04  2.4723204740e+04  3.6893319325e+04  5.1497443879e+04  6.8535582754e+04
    17.500  4.0577143574e+00  3.8092363591e+02  2.8324735570e+03  7.7288207068e+03  1.5072915568e+04  2.4864951502e+04  3.7104966108e+04  5.1792970696e+04  6.8928969615e+04
    17.550  4.0575484291e+00  3.8287563402e+02  2.8484455470e+03  7.7728325134e+03  1.5158987333e+04  2.5007103268e+04  3.7317217895e+04  5.2089342518e+04  6.9323481480e+04
    17.600  4.0573834514e+00  3.8483263503e+02  2.8644625401e+03  7.8169693243e+03  1.5245304103e+04  2.5149660039e+04  3.7530074686e+04  5.2386559343e+04  6.9719118348e+04
    17.650  4.0572194161e+00  3.8679463891e+02  2.8805245362e+03  7.8612311392e+03  1.5331865877e+04  2.5292621813e+04  3.7743536482e+04  5.2684621171e+04  7.0115880221e+04
    17.700  4.0570563150e+00  3.8876164564e+02  2.8966315354e+03  7.9056179582e+03  1.5418672655e+04  2.5435988592e+04  3.7957603281e+04  5.2983528004e+04  7.0513767095e+04
    17.750  4.0568941404e+00  3.9073365519e+02  2.9127835375e+03  7.9501297813e+03  1.5505724437e+04  2.5579760375e+04  3.8172275085e+04  5.3283279840e+04  7.0912778974e+04
    17.800  4.0567328843e+00  3.9271066755e+02  2.9289805427e+03  7.9947666084e+03  1.5593021223e+04  2.5723937163e+04  3.8387551892e+04  5.3583876679e+04  7.1312915856e+04
    17.850  4.0565725390e+00  3.9469268267e+02  2.9452225508e+03  8.0395284394e+03  1.5680563014e+04  2.5868518954e+04  3.8603433703e+04  5.3885318523e+04  7.1714177741e+04
    17.900  4.0564130967e+00  3.9667970055e+02  2.9615095618e+03  8.0844152744e+03  1.5768349809e+04  2.6013505749e+04  3.8819920518e+04  5.4187605370e+04  7.2116564628e+04
    17.950  4.0562545499e+00  3.9867172115e+02  2.9778415757e+03  8.1294271133e+03  1.5856381608e+04  2.6158897549e+04  3.9037012337e+04  5.4490737220e+04  7.2520076520e+04
    18.000  4.0560968911e+00  4.0066874446e+02  2.9942185924e+03  8.1745639561e+03  1.5944658411e+04  2.6304694352e+04  3.9254709160e+04  5.4794714074e+04  7.2924713415e+04
    18.050  4.0559401127e+00  4.0267077045e+02  3.0106406120e+03  8.2198258027e+03  1.6033180218e+04  2.6450896160e+04  3.9473010986e+04  5.5099535932e+04  7.3330475312e+04
    18.100  4.0557842076e+00  4.0467779910e+02  3.0271076345e+03  8.2652126530e+03  1.6121947028e+04  2.6597502971e+04  3.9691917816e+04  5.5405202792e+04  7.3737362213e+04
    18.150  4.0556291683e+00  4.0668983038e+02  3.0436196597e+03  8.3107245072e+03  1.6210958843e+04  2.6744514786e+04  3.9911429651e+04  5.5711714657e+04  7.4145374117e+04
    18.200  4.0554749877e+00  4.0870686429e+02  3.0601766877e+03  8.3563613651e+03  1.6300215662e+04  2.6891931606e+04  4.0131546488e+04  5.6019071525e+04  7.4554511024e+04
    18.250  4.0553216587e+00  4.1072890078e+02  3.0767787184e+03  8.4021232267e+03  1.6389717485e+04  2.7039753429e+04  4.0352268330e+04  5.6327273396e+04  7.4964772934e+04
    18.300  4.0551691743e+00  4.1275593984e+02  3.0934257519e+03  8.4480100920e+03  1.6479464312e+04  2.7187980255e+04  4.0573595174e+04  5.6636320271e+04  7.5376159847e+04
    18.350  4.0550175276e+00  4.1478798146e+02  3.1101177880e+03  8.4940219609e+03  1.6569456142e+04  2.7336612086e+04  4.0795527023e+04  5.6946212148e+04  7.5788671763e+04
    18.400  4.0548667115e+00  4.1682502560e+02  3.1268548268e+03  8.5401588334e+03  1.6659692976e+04  2.7485648920e+04  4.1018063875e+04  5.7256949030e+04  7.6202308682e+04
    18.450  4.0547167194e+00  4.1886707225e+02  3.1436368683e+03  8.5864207095e+03  1.6750174814e+04  2.7635090758e+04  4.1241205731e+04  5.7568530914e+04  7.6617070604e+04
    18.500  4.0545675445e+00  4.2091412139e+02  3.1604639124e+03  8.6328075891e+03  1.6840901656e+04  2.7784937600e+04  4.1464952590e+04  5.7880957802e+04  7.7032957529e+04
    18.550  4.0544191802e+00  4.2296617300e+02  3.1773359591e+03  8.6793194723e+03  1.6931873501e+04  2.7935189445e+04  4.1689304453e+04  5.8194229693e+04  7.7449969458e+04
    18.600  4.0542716198e+00  4.2502322705e+02  3.1942530084e+03  8.7259563589e+03  1.7023090351e+04  2.8085846294e+04  4.1914261319e+04  5.8508346587e+04  7.7868106388e+04
    18.650  4.0541248569e+00  4.2708528353e+02  3.2112150603e+03  8.7727182490e+03  1.7114552203e+04  2.8236908146e+04  4.2139823188e+04  5.8823308484e+04  7.8287368322e+04
    18.700  4.0539788851e+00  4.2915234241e+02  3.2282221147e+03  8.8196051425e+03  1.7206259060e+04  2.8388375002e+04  4.2365990061e+04  5.9139115385e+04  7.8707755258e+04
    18.750  4.0538336978e+00  4.3122440369e+02  3.2452741716e+03  8.8666170394e+03  1.7298210919e+04  2.8540246862e+04  4.2592761937e+04  5.9455767289e+04  7.9129267198e+04
    18.800  4.0536892889e+00  4.3330146733e+02  3.2623712310e+03  8.9137539397e+03  1.7390407783e+04  2.8692523725e+04  4.2820138817e+04  5.9773264196e+04  7.9551904140e+04
    18.850  4.0535456521e+00  4.3538353332e+02  3.2795132929e+03  8.9610158434e+03  1.7482849650e+04  2.8845205592e+04  4.3048120699e+04  6.0091606105e+04  7.9975666084e+04
    18.900  4.0534027812e+00  4.3747060164e+02  3.2967003572e+03  9.0084027503e+03  1.7575536520e+04  2.8998292462e+04  4.3276707586e+04  6.0410793018e+04  8.0400553033e+04
    18.950  4.0532606702e+00  4.3956267227e+02  3.3139324240e+03  9.0559146606e+03  1.7668468394e+04  2.9151784335e+04  4.3505899475e+04  6.0730824934e+04  8.0826564983e+04
    19.000  4.0531193129e+00  4.4165974519e+02  3.3312094932e+03  9.1035515741e+03  1.7761645272e+04  2.9305681212e+04  4.3735696368e+04  6.1051701853e+04  8.1253701936e+04
    19.050  4.0529787035e+00  4.4376182039e+02  3.3485315647e+03  9.1513134908e+03  1.7855067152e+04  2.9459983092e+04  4.3966098264e+04  6.1373423775e+04  8.1681963892e+04
    19.100  4.0528388359e+00  4.4586889784e+02  3.3658986387e+03  9.1992004107e+03  1.7948734036e+04  2.9614689975e+04  4.4197105163e+04  6.1695990700e+04  8.2111350851e+04
    19.150  4.0526997044e+00  4.4798097753e+02  3.3833107150e+03  9.2472123338e+03  1.8042645924e+04  2.9769801862e+04  4.4428717065e+04  6.2019402628e+04  8.2541862811e+04
    19.200  4.0525613032e+00  4.5009805944e+02  3.4007677936e+03  9.2953492601e+03  1.8136802815e+04  2.9925318752e+04  4.4660933970e+04  6.2343659559e+04  8.2973499775e+04
    19.250  4.0524236264e+00  4.5222014356e+02  3.4182698746e+03  9.3436111895e+03  1.8231204709e+04  3.0081240645e+04  4.4893755879e+04  6.2668761492e+04  8.3406261742e+04
    19.300  4.0522866686e+00  4.5434722986e+02  3.4358169579e+03  9.3919981220e+03  1.8325851606e+04  3.0237567542e+04  4.5127182790e+04  6.2994708429e+04  8.3840148711e+04
    19.350  4.0521504239e+00  4.5647931832e+02  3.4534090434e+03  9.4405100576e+03  1.8420743507e+04  3.0394299442e+04  4.5361214705e+04  6.3321500368e+04  8.4275160682e+04
    19.400  4.0520148870e+00  4.5861640894e+02  3.4710461312e+03  9.4891469962e+03  1.8515880410e+04  3.0551436345e+04  4.5595851623e+04  6.3649137310e+04  8.4711297657e+04
    19.450  4.0518800522e+00  4.6075850170e+02  3.4887282212e+03  9.5379089379e+03  1.8611262317e+04  3.0708978251e+04  4.5831093543e+04  6.3977619255e+04  8.5148559634e+04
    19.500  4.0517459142e+00  4.6290559657e+02  3.5064553135e+03  9.5867958825e+03  1.8706889228e+04  3.0866925160e+04  4.6066940467e+04  6.4306946203e+04  8.5586946614e+04
    19.550  4.0516124675e+00  4.6505769354e+02  3.5242274080e+03  9.6358078302e+03  1.8802761141e+04  3.1025277072e+04  4.6303392393e+04  6.4637118153e+04  8.6026458595e+04
    19.600  4.0514797070e+00  4.6721479260e+02  3.5420445046e+03  9.6849447808e+03  1.8898878057e+04  3.1184033987e+04  4.6540449323e+04  6.4968135106e+04  8.6467095580e+04
    19.650  4.0513476271e+00  4.6937689373e+02  3.5599066034e+03  9.7342067343e+03  1.8995239977e+04  3.1343195906e+04  4.6778111255e+04  6.5299997063e+04  8.6908857566e+04
    19.700  4.0512162228e+00  4.7154399691e+02  3.5778137044e+03  9.7835936907e+03  1.9091846899e+04  3.1502762827e+04  4.7016378191e+04  6.5632704021e+04  8.7351744556e+04
    19.750  4.0510854890e+00  4.7371610212e+02  3.5957658075e+03  9.8331056501e+03  1.9188698825e+04  3.1662734752e+04  4.7255250129e+04  6.5966255983e+04  8.7795756548e+04
    19.800  4.0509554203e+00  4.7589320936e+02  3.6137629127e+03  9.8827426123e+03  1.9285795753e+04  3.1823111679e+04  4.7494727070e+04  6.6300652947e+04  8.8240893542e+04
    19.850  4.0508260119e+00  4.7807531860e+02  3.6318050201e+03  9.9325045773e+03  1.9383137685e+04  3.1983893609e+04  4.7734809014e+04  6.6635894914e+04  8.8687155538e+04
    19.900  4.0506972587e+00  4.8026242984e+02  3.6498921295e+03  9.9823915451e+03  1.9480724619e+04  3.2145080543e+04  4.7975495961e+04  6.6971981883e+04  8.9134542537e+04
    19.950  4.0505691557e+00  4.8245454305e+02  3.6680242409e+03  1.0032403516e+04  1.9578556557e+04  3.2306672479e+04  4.8216787910e+04  6.7308913855e+04  8.9583054539e+04
    20.000  4.0504416981e+00  4.8465165822e+02  3.6862013545e+03  1.0082540489e+04  1.9676633497e+04  3.2468669418e+04  4.8458684863e+04  6.7646690830e+04  9.0032691543e+04
