 #   eta        -1
     2.000  0.0000000000e+00
     2.050  2.4137660277e-01
     2.100  4.6789818542e-01
     2.150  6.8265654252e-01
     2.200  8.8820287093e-01
     2.250  1.0866644601e+00
     2.300  1.2798309045e+00
     2.350  1.4692185450e+00
     2.400  1.6561192084e+00
     2.450  1.8416375464e+00
     2.500  2.0267200818e+00
     2.550  2.2121782184e+00
     2.600  2.3987068692e+00
     2.650  2.5868999033e+00
     2.700  2.7772632687e+00
     2.750  2.9702263915e+00
     2.800  3.1661522468e+00
     2.850  3.3653463567e+00
     2.900  3.5680648648e+00
     2.950  3.7745217733e+00
     3.000  3.9848953902e+00
     3.050  4.1993340218e+00
     3.100  4.4179609417e+00
     3.150  4.6408786766e+00
     3.200  4.8681726558e+00
     3.250  5.0999142831e+00
     3.300  5.3361634930e+00
     3.350  5.5769708564e+00
     3.400  5.8223793012e+00
     3.450  6.0724255077e+00
     3.500  6.3271410348e+00
     3.550  6.5865532265e+00
     3.600  6.8506859391e+00
     3.650  7.1195601260e+00
     3.700  7.3931943077e+00
     3.750  7.6716049524e+00
     3.800  7.9548067839e+00
     3.850  8.2428130333e+00
     3.900  8.5356356457e+00
     3.950  8.8332854511e+00
     4.000  9.1357723065e+00
     4.050  9.4431052158e+00
     4.100  9.7552924299e+00
     4.150  1.0072341533e+01
     4.200  1.0394259517e+01
     4.250  1.0721052841e+01
     4.300  1.1052727491e+01
     4.350  1.1389289022e+01
     4.400  1.1730742606e+01
     4.450  1.2077093061e+01
     4.500  1.2428344888e+01
     4.550  1.2784502301e+01
     4.600  1.3145569244e+01
     4.650  1.3511549424e+01
     4.700  1.3882446322e+01
     4.750  1.4258263217e+01
     4.800  1.4639003199e+01
     4.850  1.5024669183e+01
     4.900  1.5415263927e+01
     4.950  1.5810790038e+01
     5.000  1.6211249983e+01
     5.050  1.6616646106e+01
     5.100  1.7026980626e+01
     5.150  1.7442255655e+01
     5.200  1.7862473200e+01
     5.250  1.8287635169e+01
     5.300  1.8717743384e+01
     5.350  1.9152799577e+01
     5.400  1.9592805403e+01
     5.450  2.0037762442e+01
     5.500  2.0487672203e+01
     5.550  2.0942536128e+01
     5.600  2.1402355599e+01
     5.650  2.1867131938e+01
     5.700  2.2336866410e+01
     5.750  2.2811560230e+01
     5.800  2.3291214563e+01
     5.850  2.3775830525e+01
     5.900  2.4265409190e+01
     5.950  2.4759951588e+01
     6.000  2.5259458711e+01
     6.050  2.5763931513e+01
     6.100  2.6273370910e+01
     6.150  2.6787777784e+01
     6.200  2.7307152988e+01
     6.250  2.7831497340e+01
     6.300  2.8360811629e+01
     6.350  2.8895096619e+01
     6.400  2.9434353044e+01
     6.450  2.9978581613e+01
     6.500  3.0527783012e+01
     6.550  3.1081957901e+01
     6.600  3.1641106921e+01
     6.650  3.2205230690e+01
     6.700  3.2774329805e+01
     6.750  3.3348404845e+01
     6.800  3.3927456368e+01
     6.850  3.4511484917e+01
     6.900  3.5100491016e+01
     6.950  3.5694475173e+01
     7.000  3.6293437879e+01
     7.050  3.6897379612e+01
     7.100  3.7506300834e+01
     7.150  3.8120201994e+01
     7.200  3.8739083526e+01
     7.250  3.9362945853e+01
     7.300  3.9991789384e+01
     7.350  4.0625614516e+01
     7.400  4.1264421637e+01
     7.450  4.1908211120e+01
     7.500  4.2556983330e+01
     7.550  4.3210738622e+01
     7.600  4.3869477339e+01
     7.650  4.4533199816e+01
     7.700  4.5201906379e+01
     7.750  4.5875597344e+01
     7.800  4.6554273019e+01
     7.850  4.7237933703e+01
     7.900  4.7926579689e+01
     7.950  4.8620211260e+01
     8.000  4.9318828693e+01
     8.050  5.0022432256e+01
     8.100  5.0731022213e+01
     8.150  5.1444598819e+01
     8.200  5.2163162323e+01
     8.250  5.2886712967e+01
     8.300  5.3615250989e+01
     8.350  5.4348776619e+01
     8.400  5.5087290081e+01
     8.450  5.5830791597e+01
     8.500  5.6579281378e+01
     8.550  5.7332759636e+01
     8.600  5.8091226572e+01
     8.650  5.8854682387e+01
     8.700  5.9623127274e+01
     8.750  6.0396561424e+01
     8.800  6.1174985021e+01
     8.850  6.1958398246e+01
     8.900  6.2746801277e+01
     8.950  6.3540194285e+01
     9.000  6.4338577439e+01
     9.050  6.5141950905e+01
     9.100  6.5950314842e+01
     9.150  6.6763669410e+01
     9.200  6.7582014761e+01
     9.250  6.8405351047e+01
     9.300  6.9233678414e+01
     9.350  7.0066997006e+01
     9.400  7.0905306966e+01
     9.450  7.1748608429e+01
     9.500  7.2596901532e+01
     9.550  7.3450186405e+01
     9.600  7.4308463179e+01
     9.650  7.5171731980e+01
     9.700  7.6039992931e+01
     9.750  7.6913246154e+01
     9.800  7.7791491768e+01
     9.850  7.8674729888e+01
     9.900  7.9562960629e+01
     9.950  8.0456184101e+01
    10.000  8.1354400415e+01
    10.050  8.2257609677e+01
    10.100  8.3165811992e+01
    10.150  8.4079007463e+01
    10.200  8.4997196190e+01
    10.250  8.5920378273e+01
    10.300  8.6848553808e+01
    10.350  8.7781722890e+01
    10.400  8.8719885612e+01
    10.450  8.9663042065e+01
    10.500  9.0611192340e+01
    10.550  9.1564336523e+01
    10.600  9.2522474700e+01
    10.650  9.3485606957e+01
    10.700  9.4453733376e+01
    10.750  9.5426854038e+01
    10.800  9.6404969023e+01
    10.850  9.7388078410e+01
    10.900  9.8376182275e+01
    10.950  9.9369280694e+01
    11.000  1.0036737374e+02
    11.050  1.0137046149e+02
    11.100  1.0237854401e+02
    11.150  1.0339162137e+02
    11.200  1.0440969364e+02
    11.250  1.0543276089e+02
    11.300  1.0646082318e+02
    11.350  1.0749388059e+02
    11.400  1.0853193317e+02
    11.450  1.0957498098e+02
    11.500  1.1062302410e+02
    11.550  1.1167606257e+02
    11.600  1.1273409647e+02
    11.650  1.1379712584e+02
    11.700  1.1486515075e+02
    11.750  1.1593817125e+02
    11.800  1.1701618739e+02
    11.850  1.1809919925e+02
    11.900  1.1918720685e+02
    11.950  1.2028021027e+02
    12.000  1.2137820956e+02
    12.050  1.2248120473e+02
    12.100  1.2358919590e+02
    12.150  1.2470218307e+02
    12.200  1.2582016630e+02
    12.250  1.2694314564e+02
    12.300  1.2807112114e+02
    12.350  1.2920409284e+02
    12.400  1.3034206078e+02
    12.450  1.3148502503e+02
    12.500  1.3263298560e+02
    12.550  1.3378594257e+02
    12.600  1.3494389595e+02
    12.650  1.3610684580e+02
    12.700  1.3727479216e+02
    12.750  1.3844773506e+02
    12.800  1.3962567456e+02
    12.850  1.4080861068e+02
    12.900  1.4199654347e+02
    12.950  1.4318947297e+02
    13.000  1.4438739920e+02
    13.050  1.4559032222e+02
    13.100  1.4679824205e+02
    13.150  1.4801115874e+02
    13.200  1.4922907231e+02
    13.250  1.5045198281e+02
    13.300  1.5167989027e+02
    13.350  1.5291279471e+02
    13.400  1.5415069618e+02
    13.450  1.5539359471e+02
    13.500  1.5664149033e+02
    13.550  1.5789438307e+02
    13.600  1.5915227296e+02
    13.650  1.6041516004e+02
    13.700  1.6168304433e+02
    13.750  1.6295592587e+02
    13.800  1.6423380469e+02
    13.850  1.6551668080e+02
    13.900  1.6680455425e+02
    13.950  1.6809742506e+02
    14.000  1.6939529326e+02
    14.050  1.7069815888e+02
    14.100  1.7200602194e+02
    14.150  1.7331888247e+02
    14.200  1.7463674050e+02
    14.250  1.7595959606e+02
    14.300  1.7728744916e+02
    14.350  1.7862029984e+02
    14.400  1.7995814811e+02
    14.450  1.8130099401e+02
    14.500  1.8264883756e+02
    14.550  1.8400167879e+02
    14.600  1.8535951771e+02
    14.650  1.8672235434e+02
    14.700  1.8809018872e+02
    14.750  1.8946302087e+02
    14.800  1.9084085081e+02
    14.850  1.9222367855e+02
    14.900  1.9361150413e+02
    14.950  1.9500432756e+02
    15.000  1.9640214886e+02
    15.050  1.9780496806e+02
    15.100  1.9921278518e+02
    15.150  2.0062560023e+02
    15.200  2.0204341324e+02
    15.250  2.0346622423e+02
    15.300  2.0489403321e+02
    15.350  2.0632684021e+02
    15.400  2.0776464525e+02
    15.450  2.0920744833e+02
    15.500  2.1065524949e+02
    15.550  2.1210804874e+02
    15.600  2.1356584611e+02
    15.650  2.1502864159e+02
    15.700  2.1649643522e+02
    15.750  2.1796922702e+02
    15.800  2.1944701699e+02
    15.850  2.2092980516e+02
    15.900  2.2241759155e+02
    15.950  2.2391037616e+02
    16.000  2.2540815902e+02
    16.050  2.2691094014e+02
    16.100  2.2841871954e+02
    16.150  2.2993149724e+02
    16.200  2.3144927324e+02
    16.250  2.3297204757e+02
    16.300  2.3449982024e+02
    16.350  2.3603259127e+02
    16.400  2.3757036067e+02
    16.450  2.3911312845e+02
    16.500  2.4066089464e+02
    16.550  2.4221365923e+02
    16.600  2.4377142226e+02
    16.650  2.4533418373e+02
    16.700  2.4690194365e+02
    16.750  2.4847470205e+02
    16.800  2.5005245893e+02
    16.850  2.5163521430e+02
    16.900  2.5322296819e+02
    16.950  2.5481572059e+02
    17.000  2.5641347154e+02
    17.050  2.5801622103e+02
    17.100  2.5962396908e+02
    17.150  2.6123671571e+02
    17.200  2.6285446093e+02
    17.250  2.6447720474e+02
    17.300  2.6610494716e+02
    17.350  2.6773768820e+02
    17.400  2.6937542788e+02
    17.450  2.7101816621e+02
    17.500  2.7266590319e+02
    17.550  2.7431863883e+02
    17.600  2.7597637316e+02
    17.650  2.7763910618e+02
    17.700  2.7930683790e+02
    17.750  2.8097956834e+02
    17.800  2.8265729749e+02
    17.850  2.8434002538e+02
    17.900  2.8602775202e+02
    17.950  2.8772047741e+02
    18.000  2.8941820156e+02
    18.050  2.9112092449e+02
    18.100  2.9282864620e+02
    18.150  2.9454136671e+02
    18.200  2.9625908603e+02
    18.250  2.9798180416e+02
    18.300  2.9970952111e+02
    18.350  3.0144223690e+02
    18.400  3.0317995153e+02
    18.450  3.0492266501e+02
    18.500  3.0667037735e+02
    18.550  3.0842308857e+02
    18.600  3.1018079866e+02
    18.650  3.1194350765e+02
    18.700  3.1371121553e+02
    18.750  3.1548392231e+02
    18.800  3.1726162802e+02
    18.850  3.1904433264e+02
    18.900  3.2083203620e+02
    18.950  3.2262473870e+02
    19.000  3.2442244014e+02
    19.050  3.2622514054e+02
    19.100  3.2803283991e+02
    19.150  3.2984553825e+02
    19.200  3.3166323557e+02
    19.250  3.3348593188e+02
    19.300  3.3531362719e+02
    19.350  3.3714632150e+02
    19.400  3.3898401482e+02
    19.450  3.4082670716e+02
    19.500  3.4267439853e+02
    19.550  3.4452708893e+02
    19.600  3.4638477837e+02
    19.650  3.4824746686e+02
    19.700  3.5011515441e+02
    19.750  3.5198784102e+02
    19.800  3.5386552670e+02
    19.850  3.5574821145e+02
    19.900  3.5763589529e+02
    19.950  3.5952857823e+02
    20.000  3.6142626025e+02
