 #   eta         1                 2                 3                 4                 5                 6                 7                 8                 9                10
     0.000  2.0000000000e+00  6.0000000000e+00  1.2000000000e+01  2.0000000000e+01  3.0000000000e+01  4.2000000000e+01  5.6000000000e+01  7.2000000000e+01  9.0000000000e+01  1.1000000000e+02
     0.050  2.0520778604e+00  6.0558830013e+00  1.2063190930e+01  2.0073131557e+01  3.0085613866e+01  4.2100615232e+01  5.6118127675e+01  7.2138147769e+01  9.0160673835e+01  1.1018570497e+02
     0.100  2.1086475453e+00  6.1242763055e+00  1.2153662918e+01  2.0193607918e+01  3.0243755971e+01  4.2304020063e+01  5.6374369636e+01  7.2454791581e+01  9.0545279483e+01  1.1064582989e+02
     0.150  2.1702754086e+00  6.2064734456e+00  1.2273101388e+01  2.0363639777e+01  3.0477289027e+01  4.2613856979e+01  5.6773276686e+01  7.2955519513e+01  9.1160571467e+01  1.1138842503e+02
     0.200  2.2376246092e+00  6.3040482481e+00  1.2423710418e+01  2.0586313447e+01  3.0790410647e+01  4.3035658794e+01  5.7321939843e+01  7.3649203558e+01  9.2017425453e+01  1.1242659239e+02
     0.250  2.3114761084e+00  6.4189239366e+00  1.2608326130e+01  2.0865745212e+01  3.1188861158e+01  4.3577121359e+01  5.8030338925e+01  7.4548434988e+01  9.3131371255e+01  1.1377912723e+02
     0.300  2.3927551627e+00  6.5534640270e+00  1.2830571863e+01  2.1207298564e+01  3.1680221683e+01  4.4248500655e+01  5.8911855840e+01  7.5670170703e+01  9.4523389015e+01  1.1547148077e+02
     0.350  2.4825649684e+00  6.7105932198e+00  1.3095072492e+01  2.1617889519e+01  3.2274335832e+01  4.5063177811e+01  5.9984008324e+01  7.7036660421e+01  9.6221054327e+01  1.1753714770e+02
     0.400  2.5822296683e+00  6.8939600732e+00  1.3407754115e+01  2.2106419195e+01  3.2983907109e+01  4.6038460008e+01  6.1269491220e+01  7.8676763969e+01  9.8260166670e+01  1.2001964058e+02
     0.450  2.6933496540e+00  7.1081585812e+00  1.3776269501e+01  2.2684395903e+01  3.3825355253e+01  4.7196725193e+01  6.2797663063e+01  8.0627831216e+01  1.0068707314e+02  1.2297530743e+02
     0.500  2.8178730548e+00  7.3590337753e+00  1.4210612575e+01  2.3366848227e+01  3.4820068234e+01  4.8567086779e+01  6.4606701349e+01  8.2938423326e+01  1.0356202914e+02  1.2647740438e+02
     0.550  2.9581884989e+00  7.6541084639e+00  1.4724023037e+01  2.4173699244e+01  3.5996282630e+01  5.0187876663e+01  6.6746801595e+01  8.5672340456e+01  1.0696416426e+02  1.3062210709e+02
     0.600  3.1172456470e+00  8.0031860309e+00  1.5334345355e+01  2.5131895810e+01  3.7392004838e+01  5.2110475428e+01  6.9285079291e+01  8.8914766564e+01  1.1099903801e+02  1.3553764190e+02
     0.650  3.2987113875e+00  8.4192098338e+00  1.6066112562e+01  2.6278816322e+01  3.9059737478e+01  5.4405478982e+01  7.2313400117e+01  9.2782024285e+01  1.1581058529e+02  1.4139868327e+02
     0.700  3.5071702990e+00  8.9194935731e+00  1.6953801967e+01  2.7667914797e+01  4.1074495313e+01  5.7173169725e+01  7.5961579386e+01  9.7437889106e+01  1.2160097267e+02  1.4845018480e+02
     0.750  3.7483763122e+00  9.5274714856e+00  1.8046988399e+01  2.9378385653e+01  4.3548125427e+01  6.0562478095e+01  8.0421227098e+01  1.0312282751e+02  1.2866589662e+02  1.5704946922e+02
     0.800  4.0295545388e+00  1.0275115758e+01  1.9418483712e+01  3.1532141161e+01  4.6656257240e+01  6.4807937144e+01  8.5992728729e+01  1.1021145827e+02  1.3746341159e+02  1.6774759540e+02
     0.850  4.3597296408e+00  1.1206003758e+01  2.1176668689e+01  3.4323620462e+01  5.0691004433e+01  7.0307157007e+01  9.3187578128e+01  1.1933967487e+02  1.4876641019e+02  1.8146855531e+02
     0.900  4.7500041109e+00  1.2378313813e+01  2.3481363123e+01  3.8067879227e+01  5.6161981407e+01  7.7789356056e+01  1.0297153585e+02  1.3172448271e+02  1.6405910438e+02  1.9998238908e+02
     0.950  5.2136023373e+00  1.3864902202e+01  2.6552145626e+01  4.3248939627e+01  6.3942479430e+01  8.8629016590e+01  1.1731054762e+02  1.4999242965e+02  1.8668170538e+02  2.2738597192e+02
     1.000  5.7653175052e+00  1.5743040385e+01  3.0624368115e+01  5.0422946599e+01  7.5145189438e+01  1.0479457006e+02  1.3937316828e+02  1.7888232379e+02  2.2332294845e+02  2.7269569020e+02
     1.050  6.4198072624e+00  1.8062844588e+01  3.5775006998e+01  5.9640484296e+01  8.9696378370e+01  1.2595363891e+02  1.6840880739e+02  2.1705126162e+02  2.7186767044e+02  3.3284457967e+02
     1.100  7.1882698746e+00  2.0799800758e+01  4.1723110170e+01  6.9950304892e+01  1.0541844876e+02  1.4807046162e+02  1.9786832306e+02  2.5479025837e+02  3.1882514352e+02  3.8996801071e+02
     1.150  8.0739700055e+00  2.3842897237e+01  4.8012918633e+01  8.0422393721e+01  1.2097574246e+02  1.6963584235e+02  2.2639234137e+02  2.9124440837e+02  3.6419375099e+02  4.4524225959e+02
     1.200  9.0689769549e+00  2.7058489230e+01  5.4391525657e+01  9.0875335634e+01  1.3646191685e+02  1.9114717165e+02  2.5493482403e+02  3.2782823997e+02  4.0982949127e+02  5.0093973650e+02
     1.250  1.0155371623e+01  3.0361857711e+01  6.0830272488e+01  1.0143129977e+02  1.5215884416e+02  2.1301972379e+02  2.8401828075e+02  3.6515658691e+02  4.5643560415e+02  5.5785580342e+02
     1.300  1.1311330940e+01  3.3726363550e+01  6.7376023330e+01  1.1220666140e+02  1.6822874818e+02  2.3544879117e+02  3.1386934438e+02  4.0349141786e+02  5.0431545779e+02  6.1634168644e+02
     1.350  1.2518080230e+01  3.7156638179e+01  7.4074865386e+01  1.2326975045e+02  1.8475364976e+02  2.5853076785e+02  3.4460248882e+02  4.4296934978e+02  5.5363159674e+02  6.7658935705e+02
     1.400  1.3763505421e+01  4.0666196149e+01  8.0957460574e+01  1.3465829657e+02  2.0177838245e+02  2.8232027579e+02  3.7628479839e+02  4.8367228266e+02  6.0448288660e+02  7.3871669381e+02
     1.450  1.5041935049e+01  4.4267658332e+01  8.8042429839e+01  1.4639434357e+02  2.1933022970e+02  3.0685174801e+02  4.0895945349e+02  5.2565357950e+02  6.5693423934e+02  8.0280149369e+02
     1.500  1.6352094798e+01  4.7970352041e+01  9.5341198321e+01  1.5849186482e+02  2.3742721650e+02  3.3214844924e+02  4.4265598117e+02  5.6894999231e+02  7.1103057114e+02  8.6889776538e+02
     1.550  1.7695016989e+01  5.1780624075e+01  1.0286113905e+02  1.7096034716e+02  2.5608193820e+02  3.5822686139e+02  4.7739545896e+02  6.1358788029e+02  7.6680419930e+02  9.3704445608e+02
     1.600  1.9072600173e+01  5.5702717237e+01  1.1060728942e+02  1.8380656080e+02  2.7530355304e+02  3.8509907789e+02  5.1319343344e+02  6.5958675088e+02  8.2427909544e+02  1.0072705026e+03
     1.650  2.0486824399e+01  5.9739516333e+01  1.1858326156e+02  1.9703551513e+02  2.9509892330e+02  4.1277421885e+02  5.5006167383e+02  7.0696140857e+02  8.8347348309e+02  1.0795979301e+03
     1.700  2.1939413376e+01  6.3893049136e+01  1.2679174349e+02  2.1065101998e+02  3.1547331523e+02  4.4125931682e+02  5.8800928170e+02  7.5572332391e+02  9.4440150044e+02  1.1540438423e+03
     1.750  2.3431744040e+01  6.8164794408e+01  1.3523479266e+02  2.2465603689e+02  3.3643085024e+02  4.7055989578e+02  6.2704342232e+02  8.0588154053e+02  1.0070743058e+03  1.2306217483e+03
     1.800  2.4964869614e+01  7.2555867027e+01  1.4391401907e+02  2.3905290990e+02  3.5797480740e+02  5.0068036335e+02  6.6716982301e+02  8.5744329561e+02  1.0715008358e+03  1.3093424736e+03
     1.850  2.6539581235e+01  7.7067130943e+01  1.5283070528e+02  2.5384352274e+02  3.8010783262e+02  5.3162428421e+02  7.0839312227e+02  9.1041445591e+02  1.1376883398e+03  1.3902148037e+03
     1.900  2.8156472474e+01  8.1699270587e+01  1.6198588851e+02  2.6902940911e+02  4.0283208717e+02  5.6339457542e+02  7.5071712020e+02  9.6479983139e+02  1.2056427641e+03  1.4732459483e+03
     1.950  2.9815993205e+01  8.6452837905e+01  1.7138041831e+02  2.8461183208e+02  4.2614935556e+02  5.9599364900e+02  7.9414496178e+02  1.0206034052e+03  1.2753690351e+03  1.5584418818e+03
     2.000  3.1518490172e+01  9.1086048723e+01  1.8101499837e+02  2.9979972064e+02  4.5006112524e+02  6.2776734026e+02  8.3867927350e+02  1.0749940774e+03  1.3468712703e+03  1.6414807228e+03
     2.050  3.3264235909e+01  9.6325984913e+01  1.9089021727e+02  3.1697032154e+02  4.7456864670e+02  6.6368587568e+02  8.8432226671e+02  1.1364779351e+03  1.4201529386e+03  1.7353473089e+03
     2.100  3.5053448864e+01  1.0144625232e+02  2.0100657164e+02  3.3374801585e+02  4.9967297925e+02  6.9878215845e+02  9.3107581694e+02  1.1965540724e+03  1.4952169838e+03  1.8270645834e+03
     2.150  3.6886307307e+01  1.0668935179e+02  2.1136448377e+02  3.5092556099e+02  5.2537502656e+02  7.3471359172e+02  9.7894152556e+02  1.2580589483e+03  1.5720659201e+03  1.9209624741e+03
     2.200  3.8762959020e+01  1.1205550922e+02  2.2196431534e+02  3.6850350230e+02  5.5167556436e+02  7.7148122803e+02  1.0279207682e+03  1.3209943077e+03  1.6507019082e+03  2.0170436032e+03
     2.250  4.0683528171e+01  1.1754491860e+02  2.3280637807e+02  3.8648231038e+02  5.7857526247e+02  8.0908597647e+02  1.0780147333e+03  1.3853616583e+03  1.7311268146e+03  2.1153102366e+03
     2.300  4.2648120282e+01  1.2315774767e+02  2.4389094222e+02  4.0486239360e+02  6.0607470231e+02  8.4752862632e+02  1.1292244526e+03  1.4511623093e+03  1.8133422607e+03  2.2157643421e+03
     2.350  4.4656825914e+01  1.2889414234e+02  2.5521824333e+02  4.2364410812e+02  6.3417439109e+02  8.8680986619e+02  1.1815508264e+03  1.5183974028e+03  1.8973496609e+03  2.3184076367e+03
     2.400  4.6709723450e+01  1.3475423024e+02  2.6678848777e+02  4.4282776599e+02  6.6287477326e+02  9.2693029951e+02  1.2349946438e+03  1.5870679399e+03  1.9831502548e+03  2.4232416251e+03
     2.450  4.8806881238e+01  1.4073812363e+02  2.7860185713e+02  4.6241364187e+02  6.9217624000e+02  9.6789045733e+02  1.2895565990e+03  1.6571748015e+03  2.0707451331e+03  2.5302676313e+03
     2.500  5.0948359271e+01  1.4684592165e+02  2.9065851190e+02  4.8240197846e+02  7.2207913689e+02  1.0096908088e+03  1.3452373053e+03  1.7287187655e+03  2.1601352593e+03  2.6394868247e+03
     2.550  5.3134210523e+01  1.5307771228e+02  3.0295859446e+02  5.0279299103e+02  7.5258377042e+02  1.0523317698e+03  1.4020373064e+03  1.8017005218e+03  2.2513214873e+03  2.7509002417e+03
     2.600  5.5364482019e+01  1.5943357391e+02  3.1550223164e+02  5.2358687123e+02  7.8369041332e+02  1.0958137106e+03  1.4599570859e+03  1.8761206839e+03  2.3443045768e+03  2.8645088043e+03
     2.650  5.7639215707e+01  1.6591357664e+02  3.2828953677e+02  5.4478379021e+02  8.1539930909e+02  1.1401369613e+03  1.5189970756e+03  1.9519797991e+03  2.4390852054e+03  2.9803133350e+03
     2.700  5.9958449177e+01  1.7251778338e+02  3.4132061149e+02  5.6638390134e+02  8.4771067581e+02  1.1853018178e+03  1.5791576618e+03  2.0292783574e+03  2.5356639796e+03  3.0983145695e+03
     2.750  6.2322216249e+01  1.7924625079e+02  3.5459554717e+02  5.8838734241e+02  8.8062470932e+02  1.2313085455e+03  1.6404391912e+03  2.1080167985e+03  2.6340414436e+03  3.2185131683e+03
     2.800  6.4730547466e+01  1.8609903003e+02  3.6811442627e+02  6.1079423763e+02  9.1414158602e+02  1.2781573836e+03  1.7028419761e+03  2.1881955181e+03  2.7342180871e+03  3.3409097255e+03
     2.850  6.7183470511e+01  1.9307616746e+02  3.8187732334e+02  6.3360469920e+02  9.4826146518e+02  1.3258485478e+03  1.7663662981e+03  2.2698148732e+03  2.8361943518e+03  3.4655047770e+03
     2.900  6.9681010553e+01  2.0017770520e+02  3.9588430601e+02  6.5681882875e+02  9.8298449099e+02  1.3743822332e+03  1.8310124119e+03  2.3528751865e+03  2.9399706371e+03  3.5922988072e+03
     2.950  7.2223190551e+01  2.0740368160e+02  4.1013543573e+02  6.8043671858e+02  1.0183107943e+03  1.4237586170e+03  1.8967805487e+03  2.4373767509e+03  3.0455473049e+03  3.7212922552e+03
     3.000  7.4810031500e+01  2.1475413167e+02  4.2463076851e+02  7.0445845267e+02  1.0542404939e+03  1.4739778601e+03  1.9636709181e+03  2.5233198320e+03  3.1529246842e+03  3.8524855197e+03
     3.050  7.7441552655e+01  2.2222908746e+02  4.3937035551e+02  7.2888410762e+02  1.0907736984e+03  1.5250401090e+03  2.0316837114e+03  2.6107046719e+03  3.2621030741e+03  3.9858789636e+03
     3.100  8.0117771718e+01  2.2982857836e+02  4.5435424352e+02  7.5371375343e+02  1.1279105067e+03  1.5769454975e+03  2.1008191029e+03  2.6995314913e+03  3.3730827475e+03  4.1214729176e+03
     3.150  8.2838705001e+01  2.3755263139e+02  4.6958247546e+02  7.7894745419e+02  1.1656510094e+03  1.6296941480e+03  2.1710772519e+03  2.7898004919e+03  3.4858639537e+03  4.2592676841e+03
     3.200  8.5604367570e+01  2.4540127143e+02  4.8505509076e+02  8.0458526871e+02  1.2039952894e+03  1.6832861724e+03  2.2424583044e+03  2.8815118583e+03  3.6004469209e+03  4.3992635397e+03
     3.250  8.8414773366e+01  2.5337452143e+02  5.0077212573e+02  8.3062725103e+02  1.2429434231e+03  1.7377216737e+03  2.3149623943e+03  2.9746657600e+03  3.7168318585e+03  4.5414607380e+03
     3.300  9.1269935316e+01  2.6147240261e+02  5.1673361382e+02  8.5707345092e+02  1.2824954804e+03  1.7930007463e+03  2.3885896446e+03  3.0692623524e+03  3.8350189586e+03  4.6858595118e+03
     3.350  9.4169865431e+01  2.6969493464e+02  5.3293958595e+02  8.8392391427e+02  1.3226515261e+03  1.8491234773e+03  2.4633401685e+03  3.1653017787e+03  3.9550083980e+03  4.8324600755e+03
     3.400  9.7114574888e+01  2.7804213572e+02  5.4939007072e+02  9.1117868345e+02  1.3634116197e+03  1.9060899470e+03  2.5392140703e+03  3.2627841709e+03  4.0768003396e+03  4.9812626262e+03
     3.450  1.0010407411e+02  2.8651402279e+02  5.6608509461e+02  9.3883779767e+02  1.4047758163e+03  1.9639002295e+03  2.6162114465e+03  3.3617096507e+03  4.2003949338e+03  5.1322673462e+03
     3.500  1.0313837281e+02  2.9511061162e+02  5.8302468222e+02  9.6690129326e+02  1.4467441669e+03  2.0225543933e+03  2.6943323862e+03  3.4620783306e+03  4.3257923194e+03  5.2854744035e+03
     3.550  1.0621748011e+02  3.0383191687e+02  6.0020885639e+02  9.9536920392e+02  1.4893167187e+03  2.0820525020e+03  2.7735769717e+03  3.5638903147e+03  4.4529926250e+03  5.4408839538e+03
     3.600  1.0934140451e+02  3.1267795225e+02  6.1763763839e+02  1.0242415609e+03  1.5324935156e+03  2.1423946144e+03  2.8539452795e+03  3.6671456996e+03  4.5819959696e+03  5.5984961413e+03
     3.650  1.1251015400e+02  3.2164873055e+02  6.3531104801e+02  1.0535183935e+03  1.5762745983e+03  2.2035807854e+03  2.9354373807e+03  3.7718445749e+03  4.7128024637e+03  5.7583110996e+03
     3.700  1.1572373609e+02  3.3074426375e+02  6.5322910375e+02  1.0831997286e+03  1.6206600048e+03  2.2656110656e+03  3.0180533411e+03  3.8779870237e+03  4.8454122100e+03  5.9203289529e+03
     3.750  1.1898215782e+02  3.3996456306e+02  6.7139182287e+02  1.1132855916e+03  1.6656497703e+03  2.3284855025e+03  3.1017932221e+03  3.9855731234e+03  4.9798253038e+03  6.0845498167e+03
     3.800  1.2228542584e+02  3.4930963900e+02  6.8979922151e+02  1.1437760062e+03  1.7112439279e+03  2.3922041402e+03  3.1866570809e+03  4.0946029461e+03  5.1160418340e+03  6.2509737985e+03
     3.850  1.2563354640e+02  3.5877950144e+02  7.0845131480e+02  1.1746709943e+03  1.7574425082e+03  2.4567670198e+03  3.2726449708e+03  4.2050765589e+03  5.2540618834e+03  6.4196009984e+03
     3.900  1.2902652540e+02  3.6837415967e+02  7.2734811690e+02  1.2059705768e+03  1.8042455400e+03  2.5221741798e+03  3.3597569416e+03  4.3169940248e+03  5.3938855292e+03  6.5904315098e+03
     3.950  1.3246436842e+02  3.7809362243e+02  7.4648964111e+02  1.2376747728e+03  1.8516530502e+03  2.5884256562e+03  3.4479930399e+03  4.4303554021e+03  5.5355128438e+03  6.7634654201e+03
     4.000  1.3594708072e+02  3.8793789793e+02  7.6587589992e+02  1.2697836005e+03  1.8996650640e+03  2.6555214826e+03  3.5373533090e+03  4.5451607457e+03  5.6789438944e+03  6.9387028109e+03
     4.050  1.3947466730e+02  3.9790699393e+02  7.8550690508e+02  1.3022970770e+03  1.9482816051e+03  2.7234616906e+03  3.6278377898e+03  4.6614101069e+03  5.8241787444e+03  7.1161437583e+03
     4.100  1.4304713286e+02  4.0800091777e+02  8.0538266764e+02  1.3352152183e+03  1.9975026955e+03  2.7922463097e+03  3.7194465205e+03  4.7791035338e+03  5.9712174528e+03  7.2957883340e+03
     4.150  1.4666448190e+02  4.1821967634e+02  8.2550319801e+02  1.3685380394e+03  2.0473283561e+03  2.8618753676e+03  3.8121795370e+03  4.8982410715e+03  6.1200600752e+03  7.4776366050e+03
     4.200  1.5032671865e+02  4.2856327619e+02  8.4586850601e+02  1.4022655545e+03  2.0977586066e+03  2.9323488906e+03  3.9060368729e+03  5.0188227623e+03  6.2707066636e+03  7.6616886343e+03
     4.250  1.5403384716e+02  4.3903172352e+02  8.6647860091e+02  1.4363977769e+03  2.1487934653e+03  3.0036669030e+03  4.0010185598e+03  5.1408486460e+03  6.4231572670e+03  7.8479444807e+03
     4.300  1.5778587126e+02  4.4962502417e+02  8.8733349147e+02  1.4709347192e+03  2.2004329496e+03  3.0758294281e+03  4.0971246276e+03  5.2643187599e+03  6.5774119313e+03  8.0364042001e+03
     4.350  1.6158279459e+02  4.6034318370e+02  9.0843318595e+02  1.5058763932e+03  2.2526770758e+03  3.1488364874e+03  4.1943551042e+03  5.3892331394e+03  6.7334706999e+03  8.2270678444e+03
     4.400  1.6542462063e+02  4.7118620739e+02  9.2977769219e+02  1.5412228103e+03  2.3055258595e+03  3.2226881017e+03  4.2927100161e+03  5.5155918175e+03  6.8913336134e+03  8.4199354631e+03
     4.450  1.6931135269e+02  4.8215410023e+02  9.5136701760e+02  1.5769739810e+03  2.3589793151e+03  3.2973842901e+03  4.3921893882e+03  5.6433948255e+03  7.0510007104e+03  8.6150071023e+03
     4.500  1.7324299391e+02  4.9324686699e+02  9.7320116921e+02  1.6131299153e+03  2.4130374565e+03  3.3729250709e+03  4.4927932439e+03  5.7726421929e+03  7.2124720269e+03  8.8122828058e+03
     4.550  1.7721954731e+02  5.0446451217e+02  9.9528015368e+02  1.6496906227e+03  2.4677002967e+03  3.4493104615e+03  4.5945216055e+03  5.9033339475e+03  7.3757475973e+03  9.0117626149e+03
     4.600  1.8124101576e+02  5.1580704009e+02  1.0176039773e+03  1.6866561122e+03  2.5229678480e+03  3.5265404781e+03  4.6973744940e+03  6.0354701157e+03  7.5408274537e+03  9.2134465685e+03
     4.650  1.8530740200e+02  5.2727445483e+02  1.0401726461e+03  1.7240263923e+03  2.5788401220e+03  3.6046151362e+03  4.8013519292e+03  6.1690507223e+03  7.7077116268e+03  9.4173347034e+03
     4.700  1.8941870864e+02  5.3886676029e+02  1.0629861659e+03  1.7618014712e+03  2.6353171299e+03  3.6835344503e+03  4.9064539298e+03  6.3040757909e+03  7.8764001454e+03  9.6234270545e+03
     4.750  1.9357493821e+02  5.5058396020e+02  1.0860445419e+03  1.7999813565e+03  2.6923988821e+03  3.7632984345e+03  5.0126805137e+03  6.4405453437e+03  8.0468930368e+03  9.8317236546e+03
     4.800  1.9777609309e+02  5.6242605810e+02  1.1093477794e+03  1.8385660555e+03  2.7500853886e+03  3.8439071017e+03  5.1200316978e+03  6.5784594018e+03  8.2191903269e+03  1.0042224535e+04
     4.850  2.0202217558e+02  5.7439305738e+02  1.1328958833e+03  1.8775555751e+03  2.8083766588e+03  3.9253604646e+03  5.2285074980e+03  6.7178179853e+03  8.3932920403e+03  1.0254929725e+04
     4.900  2.0631318788e+02  5.8648496126e+02  1.1566888583e+03  1.9169499219e+03  2.8672727017e+03  4.0076585348e+03  5.3381079294e+03  6.8586211131e+03  8.5691982001e+03  1.0469839253e+04
     4.950  2.1064913211e+02  5.9870177285e+02  1.1807267088e+03  1.9567491023e+03  2.9267735259e+03  4.0908013237e+03  5.4488330066e+03  7.0008688032e+03  8.7469088286e+03  1.0686953146e+04
     5.000  2.1503001027e+02  6.1104349509e+02  1.2050094391e+03  1.9969531221e+03  2.9868791395e+03  4.1747888420e+03  5.5606827431e+03  7.1445610728e+03  8.9264239466e+03  1.0906271428e+04
     5.050  2.1945582433e+02  6.2351013082e+02  1.2295370532e+03  2.0375619872e+03  3.0475895501e+03  4.2596210997e+03  5.6736571520e+03  7.2896979381e+03  9.1077435740e+03  1.1127794123e+04
     5.100  2.2392657612e+02  6.3610168274e+02  1.2543095552e+03  2.0785757028e+03  3.1089047652e+03  4.3452981067e+03  5.7877562457e+03  7.4362794145e+03  9.2908677299e+03  1.1351521256e+04
     5.150  2.2844226746e+02  6.4881815344e+02  1.2793269485e+03  2.1199942742e+03  3.1708247918e+03  4.4318198720e+03  5.9029800359e+03  7.5843055169e+03  9.4757964321e+03  1.1577452846e+04
     5.200  2.3300290004e+02  6.6165954540e+02  1.3045892369e+03  2.1618177064e+03  3.2333496366e+03  4.5191864046e+03  6.0193285339e+03  7.7337762591e+03  9.6625296978e+03  1.1805588915e+04
     5.250  2.3760847554e+02  6.7462586101e+02  1.3300964236e+03  2.2040460040e+03  3.2964793059e+03  4.6073977126e+03  6.1368017503e+03  7.8846916544e+03  9.8510675434e+03  1.2035929482e+04
     5.300  2.4225899553e+02  6.8771710255e+02  1.3558485120e+03  2.2466791716e+03  3.3602138058e+03  4.6964538042e+03  6.2553996953e+03  8.0370517157e+03  1.0041409984e+04  1.2268474566e+04
     5.350  2.4695446154e+02  7.0093327222e+02  1.3818455052e+03  2.2897172135e+03  3.4245531421e+03  4.7863546870e+03  6.3751223787e+03  8.1908564550e+03  1.0233557035e+04  1.2503224185e+04
     5.400  2.5169487505e+02  7.1427437211e+02  1.4080874060e+03  2.3331601338e+03  3.4894973205e+03  4.8771003681e+03  6.4959698097e+03  8.3461058839e+03  1.0427508711e+04  1.2740178356e+04
     5.450  2.5648023748e+02  7.2774040424e+02  1.4345742174e+03  2.3770079364e+03  3.5550463462e+03  4.9686908547e+03  6.6179419971e+03  8.5028000133e+03  1.0623265024e+04  1.2979337094e+04
     5.500  2.6131055019e+02  7.4133137056e+02  1.4613059421e+03  2.4212606252e+03  3.6212002243e+03  5.0611261531e+03  6.7410389494e+03  8.6609388539e+03  1.0820825988e+04  1.3220700417e+04
     5.550  2.6618581449e+02  7.5504727294e+02  1.4882825828e+03  2.4659182037e+03  3.6879589596e+03  5.1544062700e+03  6.8652606747e+03  8.8205224156e+03  1.1020191614e+04  1.3464268337e+04
     5.600  2.7110603165e+02  7.6888811317e+02  1.5155041419e+03  2.5109806754e+03  3.7553225568e+03  5.2485312112e+03  6.9906071807e+03  8.9815507081e+03  1.1221361915e+04  1.3710040869e+04
     5.650  2.7607120291e+02  7.8285389298e+02  1.5429706219e+03  2.5564480437e+03  3.8232910203e+03  5.3435009826e+03  7.1170784748e+03  9.1440237406e+03  1.1424336903e+04  1.3958018028e+04
     5.700  2.8108132943e+02  7.9694461402e+02  1.5706820250e+03  2.6023203117e+03  3.8918643545e+03  5.4393155898e+03  7.2446745640e+03  9.3079415218e+03  1.1629116586e+04  1.4208199824e+04
     5.750  2.8613641236e+02  8.1116027791e+02  1.5986383536e+03  2.6485974825e+03  3.9610425633e+03  5.5359750381e+03  7.3733954551e+03  9.4733040602e+03  1.1835700977e+04  1.4460586272e+04
     5.800  2.9123645280e+02  8.2550088618e+02  1.6268396097e+03  2.6952795590e+03  4.0308256508e+03  5.6334793325e+03  7.5032411546e+03  9.6401113638e+03  1.2044090084e+04  1.4715177383e+04
     5.850  2.9638145181e+02  8.3996644032e+02  1.6552857954e+03  2.7423665441e+03  4.1012136207e+03  5.7318284781e+03  7.6342116687e+03  9.8083634402e+03  1.2254283917e+04  1.4971973167e+04
     5.900  3.0157141042e+02  8.5455694176e+02  1.6839769128e+03  2.7898584404e+03  4.1722064766e+03  5.8310224794e+03  7.7663070034e+03  9.9780602970e+03  1.2466282485e+04  1.5230973636e+04
     5.950  3.0680632961e+02  8.6927239188e+02  1.7129129637e+03  2.8377552506e+03  4.2438042219e+03  5.9310613409e+03  7.8995271642e+03  1.0149201941e+04  1.2680085797e+04  1.5492178800e+04
     6.000  3.1199744144e+02  8.8411279202e+02  1.7416068690e+03  2.8860569771e+03  4.3148028159e+03  6.0319450670e+03  8.0316324990e+03  1.0321788380e+04  1.2892099939e+04  1.5755588670e+04
     6.050  3.1741105358e+02  8.9907814346e+02  1.7715198732e+03  2.9347636224e+03  4.3888143941e+03  6.1336736619e+03  8.1693419863e+03  1.0495819619e+04  1.3113106685e+04  1.6021203254e+04
     6.100  3.2278086018e+02  9.1416844744e+02  1.8011907354e+03  2.9838751887e+03  4.4622268272e+03  6.2362471295e+03  8.3059366579e+03  1.0671295664e+04  1.3332324276e+04  1.6289022561e+04
     6.150  3.2819563102e+02  9.2938370516e+02  1.8311065381e+03  3.0333916784e+03  4.5362441624e+03  6.3396654735e+03  8.4436561762e+03  1.0848216523e+04  1.3553346642e+04  1.6559046601e+04
     6.200  3.3365536694e+02  9.4472391778e+02  1.8612672828e+03  3.0833130935e+03  4.6108664024e+03  6.4439286978e+03  8.5825005461e+03  1.1026582201e+04  1.3776173790e+04  1.6831275382e+04
     6.250  3.3916006876e+02  9.6018908643e+02  1.8916729711e+03  3.1336394361e+03  4.6860935499e+03  6.5490368059e+03  8.7224697719e+03  1.1206392703e+04  1.4000805726e+04  1.7105708912e+04
     6.300  3.4470973726e+02  9.7577921217e+02  1.9223236045e+03  3.1843707082e+03  4.7619256077e+03  6.6549898010e+03  8.8635638580e+03  1.1387648034e+04  1.4227242457e+04  1.7382347198e+04
     6.350  3.5030437322e+02  9.9149429606e+02  1.9532191843e+03  3.2355069117e+03  4.8383625783e+03  6.7617876866e+03  9.0057828084e+03  1.1570348200e+04  1.4455483990e+04  1.7661190248e+04
     6.400  3.5594397736e+02  1.0073343391e+03  1.9843597121e+03  3.2870480486e+03  4.9154044640e+03  6.8694304657e+03  9.1491266272e+03  1.1754493205e+04  1.4685530329e+04  1.7942238070e+04
     6.450  3.6162855041e+02  1.0232993423e+03  2.0157451890e+03  3.3389941204e+03  4.9930512673e+03  6.9779181415e+03  9.2935953182e+03  1.1940083055e+04  1.4917381482e+04  1.8225490669e+04
     6.500  3.6735809307e+02  1.0393893066e+03  2.0473756164e+03  3.3913451291e+03  5.0713029904e+03  7.0872507167e+03  9.4391888850e+03  1.2127117754e+04  1.5151037453e+04  1.8510948054e+04
     6.550  3.7313260600e+02  1.0556042328e+03  2.0792509955e+03  3.4441010762e+03  5.1501596355e+03  7.1974281943e+03  9.5859073312e+03  1.2315597306e+04  1.5386498248e+04  1.8798610229e+04
     6.600  3.7895208986e+02  1.0719441220e+03  2.1113713275e+03  3.4972619633e+03  5.2296212047e+03  7.3084505769e+03  9.7337506603e+03  1.2505521715e+04  1.5623763872e+04  1.9088477202e+04
     6.650  3.8481654529e+02  1.0884089749e+03  2.1437366135e+03  3.5508277920e+03  5.3096877000e+03  7.4203178671e+03  9.8827188755e+03  1.2696890986e+04  1.5862834329e+04  1.9380548978e+04
     6.700  3.9072597291e+02  1.1049987924e+03  2.1763468548e+03  3.6047985638e+03  5.3903591234e+03  7.5330300675e+03  1.0032811980e+04  1.2889705122e+04  1.6103709626e+04  1.9674825563e+04
     6.750  3.9668037331e+02  1.1217135752e+03  2.2092020523e+03  3.6591742802e+03  5.4716354768e+03  7.6465871805e+03  1.0184029977e+04  1.3083964128e+04  1.6346389765e+04  1.9971306961e+04
     6.800  4.0267974707e+02  1.1385533243e+03  2.2423022072e+03  3.7139549424e+03  5.5535167620e+03  7.7609892085e+03  1.0336372869e+04  1.3279668006e+04  1.6590874752e+04  2.0269993180e+04
     6.850  4.0872409476e+02  1.1555180403e+03  2.2756473204e+03  3.7691405520e+03  5.6360029809e+03  7.8762361537e+03  1.0489840659e+04  1.3476816761e+04  1.6837164591e+04  2.0570884223e+04
     6.900  4.1481341692e+02  1.1726077239e+03  2.3092373929e+03  3.8247311101e+03  5.7190941350e+03  7.9923280182e+03  1.0644433350e+04  1.3675410395e+04  1.7085259286e+04  2.0873980096e+04
     6.950  4.2094771409e+02  1.1898223759e+03  2.3430724257e+03  3.8807266181e+03  5.8027902260e+03  8.1092648043e+03  1.0800150945e+04  1.3875448912e+04  1.7335158841e+04  2.1179280803e+04
     7.000  4.2712698679e+02  1.2071619970e+03  2.3771524197e+03  3.9371270771e+03  5.8870912556e+03  8.2270465139e+03  1.0956993445e+04  1.4076932316e+04  1.7586863259e+04  2.1486786348e+04
     7.050  4.3335123552e+02  1.2246265878e+03  2.4114773758e+03  3.9939324884e+03  5.9719972252e+03  8.3456731491e+03  1.1114960855e+04  1.4279860609e+04  1.7840372545e+04  2.1796496737e+04
     7.100  4.3962046077e+02  1.2422161491e+03  2.4460472948e+03  4.0511428531e+03  6.0575081365e+03  8.4651447117e+03  1.1274053175e+04  1.4484233794e+04  1.8095686702e+04  2.2108411974e+04
     7.150  4.4593466302e+02  1.2599306813e+03  2.4808621776e+03  4.1087581723e+03  6.1436239907e+03  8.5854612035e+03  1.1434270408e+04  1.4690051874e+04  1.8352805734e+04  2.2422532062e+04
     7.200  4.5229384272e+02  1.2777701853e+03  2.5159220250e+03  4.1667784470e+03  6.2303447893e+03  8.7066226264e+03  1.1595612558e+04  1.4897314851e+04  1.8611729643e+04  2.2738857006e+04
     7.250  4.5869800034e+02  1.2957346614e+03  2.5512268379e+03  4.2252036784e+03  6.3176705337e+03  8.8286289821e+03  1.1758079624e+04  1.5106022729e+04  1.8872458433e+04  2.3057386809e+04
     7.300  4.6514713630e+02  1.3138241104e+03  2.5867766169e+03  4.2840338674e+03  6.4056012252e+03  8.9514802722e+03  1.1921671611e+04  1.5316175510e+04  1.9134992107e+04  2.3378121475e+04
     7.350  4.7164125103e+02  1.3320385328e+03  2.6225713628e+03  4.3432690150e+03  6.4941368650e+03  9.0751764983e+03  1.2086388519e+04  1.5527773197e+04  1.9399330668e+04  2.3701061007e+04
     7.400  4.7818034496e+02  1.3503779291e+03  2.6586110763e+03  4.4029091222e+03  6.5832774544e+03  9.1997176621e+03  1.2252230351e+04  1.5740815791e+04  1.9665474119e+04  2.4026205410e+04
     7.450  4.8476441848e+02  1.3688422999e+03  2.6948957582e+03  4.4629541898e+03  6.6730229945e+03  9.3251037650e+03  1.2419197108e+04  1.5955303295e+04  1.9933422463e+04  2.4353554687e+04
     7.500  4.9139347199e+02  1.3874316457e+03  2.7314254091e+03  4.5234042188e+03  6.7633734865e+03  9.4513348085e+03  1.2587288793e+04  1.6171235712e+04  2.0203175702e+04  2.4683108840e+04
     7.550  4.9806750588e+02  1.4061459670e+03  2.7682000296e+03  4.5842592101e+03  6.8543289315e+03  9.5784107941e+03  1.2756505407e+04  1.6388613043e+04  2.0474733840e+04  2.5014867873e+04
     7.600  5.0478652051e+02  1.4249852642e+03  2.8052196205e+03  4.6455191644e+03  6.9458893306e+03  9.7063317230e+03  1.2926846952e+04  1.6607435291e+04  2.0748096878e+04  2.5348831788e+04
     7.650  5.1155051625e+02  1.4439495380e+03  2.8424841823e+03  4.7071840825e+03  7.0380546849e+03  9.8350975966e+03  1.3098313429e+04  1.6827702458e+04  2.1023264819e+04  2.5685000590e+04
     7.700  5.1835949346e+02  1.4630387886e+03  2.8799937157e+03  4.7692539654e+03  7.1308249954e+03  9.9647084162e+03  1.3270904841e+04  1.7049414545e+04  2.1300237666e+04  2.6023374280e+04
     7.750  5.2521345248e+02  1.4822530167e+03  2.9177482212e+03  4.8317288136e+03  7.2242002630e+03  1.0095164183e+04  1.3444621189e+04  1.7272571555e+04  2.1579015421e+04  2.6363952861e+04
     7.800  5.3211239365e+02  1.5015922226e+03  2.9557476995e+03  4.8946086281e+03  7.3181804887e+03  1.0226464899e+04  1.3619462473e+04  1.7497173489e+04  2.1859598085e+04  2.6706736337e+04
     7.850  5.3905631730e+02  1.5210564067e+03  2.9939921510e+03  4.9578934095e+03  7.4127656735e+03  1.0358610564e+04  1.3795428697e+04  1.7723220350e+04  2.2141985662e+04  2.7051724709e+04
     7.900  5.4604522375e+02  1.5406455695e+03  3.0324815763e+03  5.0215831585e+03  7.5079558182e+03  1.0491601179e+04  1.3972519861e+04  1.7950712139e+04  2.2426178153e+04  2.7398917980e+04
     7.950  5.5307911331e+02  1.5603597114e+03  3.0712159759e+03  5.0856778757e+03  7.6037509238e+03  1.0625436747e+04  1.4150735966e+04  1.8179648857e+04  2.2712175560e+04  2.7748316153e+04
     8.000  5.6015798629e+02  1.5801988328e+03  3.1101953504e+03  5.1501775620e+03  7.7001509910e+03  1.0760117268e+04  1.4330077014e+04  1.8410030506e+04  2.2999977886e+04  2.8099919229e+04
     8.050  5.6728184299e+02  1.6001629341e+03  3.1494197003e+03  5.2150822178e+03  7.7971560208e+03  1.0895642743e+04  1.4510543006e+04  1.8641857089e+04  2.3289585132e+04  2.8453727212e+04
     8.100  5.7445068369e+02  1.6202520156e+03  3.1888890260e+03  5.2803918439e+03  7.8947660139e+03  1.1032013173e+04  1.4692133943e+04  1.8875128606e+04  2.3580997300e+04  2.8809740103e+04
     8.150  5.8166450869e+02  1.6404660777e+03  3.2286033280e+03  5.3461064409e+03  7.9929809711e+03  1.1169228559e+04  1.4874849828e+04  1.9109845059e+04  2.3874214392e+04  2.9167957905e+04
     8.200  5.8892331825e+02  1.6608051207e+03  3.2685626068e+03  5.4122260092e+03  8.0918008931e+03  1.1307288901e+04  1.5058690660e+04  1.9346006449e+04  2.4169236410e+04  2.9528380619e+04
     8.250  5.9622711266e+02  1.6812691451e+03  3.3087668629e+03  5.4787505497e+03  8.1912257808e+03  1.1446194202e+04  1.5243656441e+04  1.9583612778e+04  2.4466063355e+04  2.9891008248e+04
     8.300  6.0357589216e+02  1.7018581512e+03  3.3492160966e+03  5.5456800626e+03  8.2912556348e+03  1.1585944462e+04  1.5429747172e+04  1.9822664047e+04  2.4764695228e+04  3.0255840793e+04
     8.350  6.1096965703e+02  1.7225721392e+03  3.3899103084e+03  5.6130145488e+03  8.3918904557e+03  1.1726539681e+04  1.5616962855e+04  2.0063160258e+04  2.5065132033e+04  3.0622878257e+04
     8.400  6.1840840751e+02  1.7434111096e+03  3.4308494986e+03  5.6807540086e+03  8.4931302444e+03  1.1867979861e+04  1.5805303489e+04  2.0305101411e+04  2.5367373769e+04  3.0992120641e+04
     8.450  6.2589214386e+02  1.7643750626e+03  3.4720336679e+03  5.7488984426e+03  8.5949750015e+03  1.2010265003e+04  1.5994769077e+04  2.0548487509e+04  2.5671420440e+04  3.1363567947e+04
     8.500  6.3342086630e+02  1.7854639985e+03  3.5134628164e+03  5.8174478512e+03  8.6974247275e+03  1.2153395106e+04  1.6185359620e+04  2.0793318552e+04  2.5977272045e+04  3.1737220177e+04
     8.550  6.4099457508e+02  1.8066779177e+03  3.5551369446e+03  5.8864022351e+03  8.8004794232e+03  1.2297370173e+04  1.6377075117e+04  2.1039594541e+04  2.6284928587e+04  3.2113077333e+04
     8.600  6.4861327042e+02  1.8280168204e+03  3.5970560529e+03  5.9557615946e+03  8.9041390891e+03  1.2442190203e+04  1.6569915571e+04  2.1287315478e+04  2.6594390067e+04  3.2491139416e+04
     8.650  6.5627695256e+02  1.8494807070e+03  3.6392201416e+03  6.0255259303e+03  9.0084037259e+03  1.2587855198e+04  1.6763880982e+04  2.1536481364e+04  2.6905656486e+04  3.2871406427e+04
     8.700  6.6398562170e+02  1.8710695777e+03  3.6816292111e+03  6.0956952426e+03  9.1132733340e+03  1.2734365158e+04  1.6958971351e+04  2.1787092199e+04  2.7218727845e+04  3.3253878369e+04
     8.750  6.7173927807e+02  1.8927834327e+03  3.7242832618e+03  6.1662695319e+03  9.2187479142e+03  1.2881720084e+04  1.7155186679e+04  2.2039147985e+04  2.7533604147e+04  3.3638555243e+04
     8.800  6.7953792187e+02  1.9146222724e+03  3.7671822939e+03  6.2372487986e+03  9.3248274669e+03  1.3029919976e+04  1.7352526966e+04  2.2292648723e+04  2.7850285391e+04  3.4025437049e+04
     8.850  6.8738155331e+02  1.9365860970e+03  3.8103263079e+03  6.3086330433e+03  9.4315119926e+03  1.3178964836e+04  1.7550992215e+04  2.2547594415e+04  2.8168771580e+04  3.4414523791e+04
     8.900  6.9527017259e+02  1.9586749068e+03  3.8537153040e+03  6.3804222663e+03  9.5388014919e+03  1.3328854664e+04  1.7750582424e+04  2.2803985060e+04  2.8489062715e+04  3.4805815469e+04
     8.950  7.0320377992e+02  1.9808887020e+03  3.8973492825e+03  6.4526164679e+03  9.6466959654e+03  1.3479589461e+04  1.7951297596e+04  2.3061820659e+04  2.8811158796e+04  3.5199312084e+04
     9.000  7.1118237547e+02  2.0032274829e+03  3.9412282438e+03  6.5252156487e+03  9.7551954133e+03  1.3631169226e+04  1.8153137731e+04  2.3321101215e+04  2.9135059824e+04  3.5595013638e+04
     9.050  7.1920595943e+02  2.0256912497e+03  3.9853521882e+03  6.5982198090e+03  9.8642998364e+03  1.3783593962e+04  1.8356102829e+04  2.3581826727e+04  2.9460765802e+04  3.5992920132e+04
     9.100  7.2727453200e+02  2.0482800026e+03  4.0297211159e+03  6.6716289491e+03  9.9740092350e+03  1.3936863667e+04  1.8560192892e+04  2.3843997197e+04  2.9788276729e+04  3.6393031567e+04
     9.150  7.3538809335e+02  2.0709937419e+03  4.0743350273e+03  6.7454430694e+03  1.0084323610e+04  1.4090978344e+04  1.8765407920e+04  2.4107612625e+04  3.0117592607e+04  3.6795347945e+04
     9.200  7.4354664366e+02  2.0938324677e+03  4.1191939226e+03  6.8196621703e+03  1.0195242961e+04  1.4245937992e+04  1.8971747913e+04  2.4372673013e+04  3.0448713437e+04  3.7199869266e+04
     9.250  7.5175018310e+02  2.1167961804e+03  4.1642978022e+03  6.8942862521e+03  1.0306767289e+04  1.4401742613e+04  1.9179212873e+04  2.4639178360e+04  3.0781639220e+04  3.7606595533e+04
     9.300  7.5999871184e+02  2.1398848801e+03  4.2096466662e+03  6.9693153152e+03  1.0418896594e+04  1.4558392206e+04  1.9387802800e+04  2.4907128668e+04  3.1116369957e+04  3.8015526745e+04
     9.350  7.6829223005e+02  2.1630985670e+03  4.2552405149e+03  7.0447493599e+03  1.0531630877e+04  1.4715886772e+04  1.9597517695e+04  2.5176523938e+04  3.1452905648e+04  3.8426662904e+04
     9.400  7.7663073789e+02  2.1864372414e+03  4.3010793486e+03  7.1205883865e+03  1.0644970138e+04  1.4874226311e+04  1.9808357558e+04  2.5447364171e+04  3.1791246295e+04  3.8840004012e+04
     9.450  7.8501423551e+02  2.2099009034e+03  4.3471631676e+03  7.1968323953e+03  1.0758914377e+04  1.5033410825e+04  2.0020322390e+04  2.5719649366e+04  3.2131391898e+04  3.9255550068e+04
     9.500  7.9344272307e+02  2.2334895532e+03  4.3934919721e+03  7.2734813867e+03  1.0873463596e+04  1.5193440313e+04  2.0233412192e+04  2.5993379525e+04  3.2473342459e+04  3.9673301075e+04
     9.550  8.0191620073e+02  2.2572031911e+03  4.4400657622e+03  7.3505353609e+03  1.0988617794e+04  1.5354314777e+04  2.0447626964e+04  2.6268554649e+04  3.2817097978e+04  4.0093257033e+04
     9.600  8.1043466863e+02  2.2810418171e+03  4.4868845384e+03  7.4279943182e+03  1.1104376971e+04  1.5516034216e+04  2.0662966707e+04  2.6545174737e+04  3.3162658456e+04  4.0515417943e+04
     9.650  8.1899812692e+02  2.3050054316e+03  4.5339483007e+03  7.5058582590e+03  1.1220741129e+04  1.5678598631e+04  2.0879431420e+04  2.6823239792e+04  3.3510023893e+04  4.0939783806e+04
     9.700  8.2760657574e+02  2.3290940346e+03  4.5812570495e+03  7.5841271834e+03  1.1337710267e+04  1.5842008022e+04  2.1097021106e+04  2.7102749813e+04  3.3859194292e+04  4.1366354622e+04
     9.750  8.3626001524e+02  2.3533076264e+03  4.6288107849e+03  7.6628010919e+03  1.1455284385e+04  1.6006262390e+04  2.1315735764e+04  2.7383704801e+04  3.4210169651e+04  4.1795130394e+04
     9.800  8.4495844555e+02  2.3776462071e+03  4.6766095071e+03  7.7418799846e+03  1.1573463485e+04  1.6171361735e+04  2.1535575394e+04  2.7666104757e+04  3.4562949973e+04  4.2226111122e+04
     9.850  8.5370186681e+02  2.4021097769e+03  4.7246532164e+03  7.8213638618e+03  1.1692247566e+04  1.6337306058e+04  2.1756539998e+04  2.7949949681e+04  3.4917535257e+04  4.2659296805e+04
     9.900  8.6249027915e+02  2.4266983360e+03  4.7729419130e+03  7.9012527237e+03  1.1811636628e+04  1.6504095359e+04  2.1978629576e+04  2.8235239575e+04  3.5273925504e+04  4.3094687447e+04
     9.950  8.7132368269e+02  2.4514118845e+03  4.8214755970e+03  7.9815465707e+03  1.1931630673e+04  1.6671729638e+04  2.2201844127e+04  2.8521974437e+04  3.5632120716e+04  4.3532283046e+04
    10.000  8.8020207757e+02  2.4762504225e+03  4.8702542687e+03  8.0622454030e+03  1.2052229700e+04  1.6840208896e+04  2.2426183654e+04  2.8810154270e+04  3.5992120893e+04  4.3972083605e+04
    10.050  8.8912546391e+02  2.5012139503e+03  4.9192779283e+03  8.1433492207e+03  1.2173433710e+04  1.7009533134e+04  2.2651648156e+04  2.9099779073e+04  3.6353926034e+04  4.4414089123e+04
    10.100  8.9809384184e+02  2.5263024680e+03  4.9685465759e+03  8.2248580242e+03  1.2295242702e+04  1.7179702351e+04  2.2878237633e+04  2.9390848847e+04  3.6717536143e+04  4.4858299601e+04
    10.150  9.0710721147e+02  2.5515159757e+03  5.0180602117e+03  8.3067718137e+03  1.2417656678e+04  1.7350716547e+04  2.3105952086e+04  2.9683363593e+04  3.7082951217e+04  4.5304715041e+04
    10.200  9.1616557292e+02  2.5768544736e+03  5.0678188359e+03  8.3890905893e+03  1.2540675637e+04  1.7522575724e+04  2.3334791516e+04  2.9977323311e+04  3.7450171259e+04  4.5753335443e+04
    10.250  9.2526892630e+02  2.6023179619e+03  5.1178224488e+03  8.4718143514e+03  1.2664299580e+04  1.7695279882e+04  2.3564755923e+04  3.0272728002e+04  3.7819196269e+04  4.6204160807e+04
    10.300  9.3441727174e+02  2.6279064406e+03  5.1680710504e+03  8.5549431001e+03  1.2788528507e+04  1.7868829020e+04  2.3795845307e+04  3.0569577666e+04  3.8190026248e+04  4.6657191134e+04
    10.350  9.4361060933e+02  2.6536199099e+03  5.2185646409e+03  8.6384768356e+03  1.2913362418e+04  1.8043223140e+04  2.4028059668e+04  3.0867872303e+04  3.8562661195e+04  4.7112426426e+04
    10.400  9.5284893920e+02  2.6794583700e+03  5.2693032205e+03  8.7224155582e+03  1.3038801314e+04  1.8218462241e+04  2.4261399008e+04  3.1167611915e+04  3.8937101112e+04  4.7569866682e+04
    10.450  9.6213226144e+02  2.7054218209e+03  5.3202867894e+03  8.8067592680e+03  1.3164845194e+04  1.8394546324e+04  2.4495863326e+04  3.1468796501e+04  3.9313345999e+04  4.8029511903e+04
    10.500  9.7146057617e+02  2.7315102628e+03  5.3715153477e+03  8.8915079653e+03  1.3291494060e+04  1.8571475389e+04  2.4731452623e+04  3.1771426062e+04  3.9691395856e+04  4.8491362090e+04
    10.550  9.8083388348e+02  2.7577236959e+03  5.4229888957e+03  8.9766616503e+03  1.3418747911e+04  1.8749249437e+04  2.4968166899e+04  3.2075500598e+04  4.0071250685e+04  4.8955417244e+04
    10.600  9.9025218348e+02  2.7840621203e+03  5.4747074333e+03  9.0622203230e+03  1.3546606747e+04  1.8927868467e+04  2.5206006154e+04  3.2381020110e+04  4.0452910486e+04  4.9421677365e+04
    10.650  9.9971547626e+02  2.8105255360e+03  5.5266709608e+03  9.1481839838e+03  1.3675070569e+04  1.9107332480e+04  2.5444970389e+04  3.2687984598e+04  4.0836375258e+04  4.9890142453e+04
    10.700  1.0092237619e+03  2.8371139432e+03  5.5788794784e+03  9.2345526328e+03  1.3804139377e+04  1.9287641477e+04  2.5685059605e+04  3.2996394063e+04  4.1221645004e+04  5.0360812509e+04
    10.750  1.0187770406e+03  2.8638273420e+03  5.6313329861e+03  9.3213262702e+03  1.3933813171e+04  1.9468795457e+04  2.5926273801e+04  3.3306248505e+04  4.1608719722e+04  5.0833687534e+04
    10.800  1.0283753123e+03  2.8906657326e+03  5.6840314842e+03  9.4085048961e+03  1.4064091952e+04  1.9650794421e+04  2.6168612977e+04  3.3617547924e+04  4.1997599413e+04  5.1308767529e+04
    10.850  1.0380185772e+03  2.9176291151e+03  5.7369749727e+03  9.4960885108e+03  1.4194975719e+04  1.9833638369e+04  2.6412077135e+04  3.3930292321e+04  4.2388284079e+04  5.1786052493e+04
    10.900  1.0477068353e+03  2.9447174895e+03  5.7901634518e+03  9.5840771143e+03  1.4326464473e+04  2.0017327301e+04  2.6656666275e+04  3.4244481697e+04  4.2780773720e+04  5.2265542428e+04
    10.950  1.0574400868e+03  2.9719308560e+03  5.8435969217e+03  9.6724707070e+03  1.4458558214e+04  2.0201861218e+04  2.6902380396e+04  3.4560116050e+04  4.3175068335e+04  5.2747237333e+04
    11.000  1.0672183318e+03  2.9992692146e+03  5.8972753824e+03  9.7612692888e+03  1.4591256942e+04  2.0387240120e+04  2.7149219499e+04  3.4877195383e+04  4.3571167926e+04  5.3231137210e+04
    11.050  1.0770415702e+03  3.0267325656e+03  5.9511988341e+03  9.8504728600e+03  1.4724560658e+04  2.0573464006e+04  2.7397183584e+04  3.5195719695e+04  4.3969072492e+04  5.3717242058e+04
    11.100  1.0869098023e+03  3.0543209089e+03  6.0053672769e+03  9.9400814208e+03  1.4858469361e+04  2.0760532879e+04  2.7646272652e+04  3.5515688986e+04  4.4368782034e+04  5.4205551879e+04
    11.150  1.0968230280e+03  3.0820342447e+03  6.0597807110e+03  1.0030094971e+04  1.4992983052e+04  2.0948446736e+04  2.7896486703e+04  3.5837103257e+04  4.4770296553e+04  5.4696066673e+04
    11.200  1.1067812475e+03  3.1098725732e+03  6.1144391364e+03  1.0120513512e+04  1.5128101731e+04  2.1137205579e+04  2.8147825737e+04  3.6159962509e+04  4.5173616048e+04  5.5188786439e+04
    11.250  1.1167844609e+03  3.1378358943e+03  6.1693425533e+03  1.0211337042e+04  1.5263825398e+04  2.1326809409e+04  2.8400289754e+04  3.6484266741e+04  4.5578740521e+04  5.5683711180e+04
    11.300  1.1268326682e+03  3.1659242082e+03  6.2244909619e+03  1.0302565562e+04  1.5400154054e+04  2.1517258224e+04  2.8653878756e+04  3.6810015954e+04  4.5985669972e+04  5.6180840894e+04
    11.350  1.1369258695e+03  3.1941375150e+03  6.2798843621e+03  1.0394199073e+04  1.5537087698e+04  2.1708552026e+04  2.8908592741e+04  3.7137210148e+04  4.6394404401e+04  5.6680175583e+04
    11.400  1.1470640648e+03  3.2224758148e+03  6.3355227542e+03  1.0486237574e+04  1.5674626330e+04  2.1900690815e+04  2.9164431710e+04  3.7465849323e+04  4.6804943807e+04  5.7181715247e+04
    11.450  1.1572472544e+03  3.2509391077e+03  6.3914061382e+03  1.0578681066e+04  1.5812769952e+04  2.2093674590e+04  2.9421395664e+04  3.7795933480e+04  4.7217288193e+04  5.7685459887e+04
    11.500  1.1674754381e+03  3.2795273937e+03  6.4475345143e+03  1.0671529548e+04  1.5951518562e+04  2.2287503352e+04  2.9679484602e+04  3.8127462619e+04  4.7631437557e+04  5.8191409502e+04
    11.550  1.1777486162e+03  3.3082406730e+03  6.5039078825e+03  1.0764783021e+04  1.6090872162e+04  2.2482177102e+04  2.9938698525e+04  3.8460436740e+04  4.8047391901e+04  5.8699564092e+04
    11.600  1.1880667886e+03  3.3370789456e+03  6.5605262430e+03  1.0858441485e+04  1.6230830751e+04  2.2677695839e+04  3.0199037434e+04  3.8794855844e+04  4.8465151225e+04  5.9209923659e+04
    11.650  1.1984299555e+03  3.3660422116e+03  6.6173895959e+03  1.0952504940e+04  1.6371394329e+04  2.2874059563e+04  3.0460501328e+04  3.9130719931e+04  4.8884715528e+04  5.9722488204e+04
    11.700  1.2088381169e+03  3.3951304711e+03  6.6744979412e+03  1.1046973387e+04  1.6512562897e+04  2.3071268275e+04  3.0723090207e+04  3.9468029001e+04  4.9306084813e+04  6.0237257726e+04
    11.750  1.2192912729e+03  3.4243437243e+03  6.7318512791e+03  1.1141846824e+04  1.6654336455e+04  2.3269321975e+04  3.0986804072e+04  3.9806783055e+04  4.9729259077e+04  6.0754232225e+04
    11.800  1.2297894236e+03  3.4536819711e+03  6.7894496097e+03  1.1237125253e+04  1.6796715003e+04  2.3468220664e+04  3.1251642923e+04  4.0146982091e+04  5.0154238323e+04  6.1273411702e+04
    11.850  1.2403325689e+03  3.4831452116e+03  6.8472929330e+03  1.1332808674e+04  1.6939698541e+04  2.3667964340e+04  3.1517606761e+04  4.0488626112e+04  5.0581022550e+04  6.1794796158e+04
    11.900  1.2509207090e+03  3.5127334460e+03  6.9053812492e+03  1.1428897086e+04  1.7083287069e+04  2.3868553005e+04  3.1784695585e+04  4.0831715117e+04  5.1009611758e+04  6.2318385591e+04
    11.950  1.2615538440e+03  3.5424466743e+03  6.9637145584e+03  1.1525390490e+04  1.7227480587e+04  2.4069986659e+04  3.2052909395e+04  4.1176249106e+04  5.1440005948e+04  6.2844180005e+04
    12.000  1.2722319739e+03  3.5720358386e+03  7.0222928606e+03  1.1621480998e+04  1.7372279096e+04  2.4270579251e+04  3.2322248193e+04  4.1519344536e+04  5.1872205120e+04  6.3367779028e+04
    12.050  1.2829550987e+03  3.6022481128e+03  7.0811161559e+03  1.1719592274e+04  1.7517682595e+04  2.4475388932e+04  3.2592711977e+04  4.1869652039e+04  5.2306209275e+04  6.3902383769e+04
    12.100  1.2937232185e+03  3.6323363233e+03  7.1401844444e+03  1.1817300654e+04  1.7663691085e+04  2.4679357553e+04  3.2864300749e+04  4.2218520983e+04  5.2742018412e+04  6.4434793121e+04
    12.150  1.3045363335e+03  3.6625495280e+03  7.1994977263e+03  1.1915414027e+04  1.7810304567e+04  2.4884171163e+04  3.3137014507e+04  4.2568834912e+04  5.3179632532e+04  6.4969407453e+04
    12.200  1.3153944436e+03  3.6928877269e+03  7.2590560015e+03  1.2013932391e+04  1.7957523038e+04  2.5089829762e+04  3.3410853254e+04  4.2920593826e+04  5.3619051635e+04  6.5506226766e+04
    12.250  1.3262975489e+03  3.7233509202e+03  7.3188592702e+03  1.2112855748e+04  1.8105346501e+04  2.5296333350e+04  3.3685816988e+04  4.3273797726e+04  5.4060275721e+04  6.6045251059e+04
    12.300  1.3372456494e+03  3.7539391079e+03  7.3789075325e+03  1.2212184097e+04  1.8253774956e+04  2.5503681929e+04  3.3961905710e+04  4.3628446612e+04  5.4503304791e+04  6.6586480333e+04
    12.350  1.3482387453e+03  3.7846522900e+03  7.4392007884e+03  1.2311917440e+04  1.8402808401e+04  2.5711875497e+04  3.4239119420e+04  4.3984540484e+04  5.4948138845e+04  6.7129914588e+04
    12.400  1.3592768365e+03  3.8154904667e+03  7.4997390381e+03  1.2412055774e+04  1.8552446839e+04  2.5920914055e+04  3.4517458119e+04  4.4342079343e+04  5.5394777883e+04  6.7675553827e+04
    12.450  1.3703599231e+03  3.8464536381e+03  7.5605222815e+03  1.2512599102e+04  1.8702690267e+04  2.6130797603e+04  3.4796921806e+04  4.4701063187e+04  5.5843221906e+04  6.8223398045e+04
    12.500  1.3814880053e+03  3.8775418041e+03  7.6215505188e+03  1.2613547422e+04  1.8853538688e+04  2.6341526142e+04  3.5077510482e+04  4.5061492020e+04  5.6293470913e+04  6.8773447248e+04
    12.550  1.3926610829e+03  3.9087549648e+03  7.6828237500e+03  1.2714900736e+04  1.9004992100e+04  2.6553099671e+04  3.5359224146e+04  4.5423365838e+04  5.6745524904e+04  6.9325701432e+04
    12.600  1.4038791561e+03  3.9400931204e+03  7.7443419753e+03  1.2816659042e+04  1.9157050504e+04  2.6765518190e+04  3.5642062799e+04  4.5786684644e+04  5.7199383881e+04  6.9880160599e+04
    12.650  1.4151422250e+03  3.9715562708e+03  7.8061051947e+03  1.2918822342e+04  1.9309713900e+04  2.6978781700e+04  3.5926026441e+04  4.6151448436e+04  5.7655047844e+04  7.0436824748e+04
    12.700  1.4264502895e+03  4.0031444161e+03  7.8681134083e+03  1.3021390635e+04  1.9462982288e+04  2.7192890201e+04  3.6211115073e+04  4.6517657217e+04  5.8112516792e+04  7.0995693882e+04
    12.750  1.4378033498e+03  4.0348575564e+03  7.9303666160e+03  1.3124363921e+04  1.9616855669e+04  2.7407843693e+04  3.6497328694e+04  4.6885310985e+04  5.8571790724e+04  7.1556767998e+04
    12.800  1.4492014059e+03  4.0666956918e+03  7.9928648181e+03  1.3227742201e+04  1.9771334041e+04  2.7623642176e+04  3.6784667304e+04  4.7254409741e+04  5.9032869643e+04  7.2120047099e+04
    12.850  1.4606444577e+03  4.0986588223e+03  8.0556080146e+03  1.3331525474e+04  1.9926417407e+04  2.7840285650e+04  3.7073130904e+04  4.7624953484e+04  5.9495753548e+04  7.2685531183e+04
    12.900  1.4721325055e+03  4.1307469479e+03  8.1185962055e+03  1.3435713741e+04  2.0082105764e+04  2.8057774115e+04  3.7362719494e+04  4.7996942216e+04  5.9960442439e+04  7.3253220250e+04
    12.950  1.4836655491e+03  4.1629600687e+03  8.1818293910e+03  1.3540307001e+04  2.0238399114e+04  2.8276107572e+04  3.7653433074e+04  4.8370375936e+04  6.0426936318e+04  7.3823114304e+04
    13.000  1.4952435888e+03  4.1952981848e+03  8.2453075710e+03  1.3645305255e+04  2.0395297458e+04  2.8495286020e+04  3.7945271644e+04  4.8745254645e+04  6.0895235182e+04  7.4395213342e+04
    13.050  1.5068666244e+03  4.2277612962e+03  8.3090307457e+03  1.3750708503e+04  2.0552800793e+04  2.8715309459e+04  3.8238235204e+04  4.9121578342e+04  6.1365339033e+04  7.4969517363e+04
    13.100  1.5185346561e+03  4.2603494030e+03  8.3729989150e+03  1.3856516745e+04  2.0710909122e+04  2.8936177891e+04  3.8532323754e+04  4.9499347028e+04  6.1837247870e+04  7.5546026370e+04
    13.150  1.5302476839e+03  4.2930625053e+03  8.4372120792e+03  1.3962729981e+04  2.0869622444e+04  2.9157891314e+04  3.8827537295e+04  4.9878560703e+04  6.2310961696e+04  7.6124740361e+04
    13.200  1.5420057078e+03  4.3259006030e+03  8.5016702382e+03  1.4069348211e+04  2.1028940758e+04  2.9380449729e+04  3.9123875826e+04  5.0259219367e+04  6.2786480510e+04  7.6705659340e+04
    13.250  1.5538087279e+03  4.3588636962e+03  8.5663733920e+03  1.4176371435e+04  2.1188864066e+04  2.9603853136e+04  3.9421339348e+04  5.0641323020e+04  6.3263804309e+04  7.7288783304e+04
    13.300  1.5656567442e+03  4.3919517850e+03  8.6313215408e+03  1.4283799653e+04  2.1349392368e+04  2.9828101535e+04  3.9719927861e+04  5.1024871662e+04  6.3742933096e+04  7.7874112253e+04
    13.350  1.5775497568e+03  4.4251648694e+03  8.6965146847e+03  1.4391632865e+04  2.1510525662e+04  3.0053194927e+04  4.0019641365e+04  5.1409865294e+04  6.4223866872e+04  7.8461646188e+04
    13.400  1.5894877657e+03  4.4585029496e+03  8.7619528235e+03  1.4499871072e+04  2.1672263950e+04  3.0279133311e+04  4.0320479861e+04  5.1796303916e+04  6.4706605635e+04  7.9051385111e+04
    13.450  1.6014707710e+03  4.4919660254e+03  8.8276359575e+03  1.4608514273e+04  2.1834607231e+04  3.0505916687e+04  4.0622443346e+04  5.2184187527e+04  6.5191149388e+04  7.9643329018e+04
    13.500  1.6134987726e+03  4.5255540970e+03  8.8935640867e+03  1.4717562468e+04  2.1997555506e+04  3.0733545056e+04  4.0925531824e+04  5.2573516129e+04  6.5677498130e+04  8.0237477913e+04
    13.550  1.6255717706e+03  4.5592671645e+03  8.9597372111e+03  1.4827015658e+04  2.2161108775e+04  3.0962018417e+04  4.1229745293e+04  5.2964289720e+04  6.6165651858e+04  8.0833831795e+04
    13.600  1.6376897652e+03  4.5931052278e+03  9.0261553308e+03  1.4936873843e+04  2.2325267037e+04  3.1191336771e+04  4.1535083753e+04  5.3356508302e+04  6.6655610575e+04  8.1432390663e+04
    13.650  1.6498527562e+03  4.6270682870e+03  9.0928184458e+03  1.5047137022e+04  2.2490030293e+04  3.1421500118e+04  4.1841547205e+04  5.3750171874e+04  6.7147374283e+04  8.2033154518e+04
    13.700  1.6620607437e+03  4.6611563422e+03  9.1597265563e+03  1.5157805196e+04  2.2655398544e+04  3.1652508458e+04  4.2149135649e+04  5.4145280436e+04  6.7640942976e+04  8.2636123362e+04
    13.750  1.6743137278e+03  4.6953693934e+03  9.2268796622e+03  1.5268878365e+04  2.2821371787e+04  3.1884361791e+04  4.2457849085e+04  5.4541833989e+04  6.8136316661e+04  8.3241297192e+04
    13.800  1.6866117086e+03  4.7297074406e+03  9.2942777635e+03  1.5380356529e+04  2.2987950025e+04  3.2117060117e+04  4.2767687512e+04  5.4939832532e+04  6.8633495335e+04  8.3848676010e+04
    13.850  1.6989546860e+03  4.7641704839e+03  9.3619208605e+03  1.5492239687e+04  2.3155133258e+04  3.2350603435e+04  4.3078650932e+04  5.5339276066e+04  6.9132478996e+04  8.4458259816e+04
    13.900  1.7113426600e+03  4.7987585233e+03  9.4298089530e+03  1.5604527841e+04  2.3322921483e+04  3.2584991748e+04  4.3390739344e+04  5.5740164592e+04  6.9633267654e+04  8.5070048610e+04
    13.950  1.7237756308e+03  4.8334715589e+03  9.4979420411e+03  1.5717220989e+04  2.3491314704e+04  3.2820225053e+04  4.3703952748e+04  5.6142498107e+04  7.0135861293e+04  8.5684042391e+04
    14.000  1.7362535983e+03  4.8683095908e+03  9.5663201250e+03  1.5830319132e+04  2.3660312919e+04  3.3056303352e+04  4.4018291144e+04  5.6546276615e+04  7.0640259924e+04  8.6300241161e+04
    14.050  1.7487765626e+03  4.9032726188e+03  9.6349432046e+03  1.5943822271e+04  2.3829916128e+04  3.3293226645e+04  4.4333754533e+04  5.6951500114e+04  7.1146463547e+04  8.6918644921e+04
    14.100  1.7613445237e+03  4.9383606432e+03  9.7038112800e+03  1.6057730405e+04  2.4000124332e+04  3.3530994930e+04  4.4650342914e+04  5.7358168604e+04  7.1654472158e+04  8.7539253667e+04
    14.150  1.7739574817e+03  4.9735736639e+03  9.7729243512e+03  1.6172043534e+04  2.4170937530e+04  3.3769608210e+04  4.4968056288e+04  5.7766282085e+04  7.2164285761e+04  8.8162067405e+04
    14.200  1.7866154366e+03  5.0089116809e+03  9.8422824182e+03  1.6286761658e+04  2.4342355723e+04  3.4009066484e+04  4.5286894655e+04  5.8175840558e+04  7.2675904356e+04  8.8787086129e+04
    14.250  1.7993183883e+03  5.0443746944e+03  9.9118854813e+03  1.6401884778e+04  2.4514378910e+04  3.4249369750e+04  4.5606858014e+04  5.8586844022e+04  7.3189327937e+04  8.9414309843e+04
    14.300  1.8120663370e+03  5.0799627043e+03  9.9817335402e+03  1.6517412893e+04  2.4687007092e+04  3.4490518012e+04  4.5927946366e+04  5.8999292479e+04  7.3704556509e+04  9.0043738548e+04
    14.350  1.8248592827e+03  5.1156757106e+03  1.0051826595e+04  1.6633346003e+04  2.4860240268e+04  3.4732511266e+04  4.6250159712e+04  5.9413185927e+04  7.4221590075e+04  9.0675372238e+04
    14.400  1.8376972254e+03  5.1515137135e+03  1.0122164646e+04  1.6749684109e+04  2.5034078440e+04  3.4975349515e+04  4.6573498050e+04  5.9828524368e+04  7.4740428626e+04  9.1309210920e+04
    14.450  1.8505801651e+03  5.1874767130e+03  1.0192747693e+04  1.6866427211e+04  2.5208521606e+04  3.5219032758e+04  4.6897961382e+04  6.0245307800e+04  7.5261072173e+04  9.1945254593e+04
    14.500  1.8635081019e+03  5.2235647090e+03  1.0263575737e+04  1.6983575308e+04  2.5383569767e+04  3.5463560995e+04  4.7223549707e+04  6.0663536225e+04  7.5783520711e+04  9.2583503253e+04
    14.550  1.8764810358e+03  5.2597777017e+03  1.0334648776e+04  1.7101128401e+04  2.5559222924e+04  3.5708934226e+04  4.7550263026e+04  6.1083209641e+04  7.6307774240e+04  9.3223956904e+04
    14.600  1.8894989668e+03  5.2961156910e+03  1.0405966812e+04  1.7219086489e+04  2.5735481075e+04  3.5955152452e+04  4.7878101337e+04  6.1504328050e+04  7.6833832758e+04  9.3866615547e+04
    14.650  1.9025618949e+03  5.3325786770e+03  1.0477529844e+04  1.7337449574e+04  2.5912344222e+04  3.6202215672e+04  4.8207064642e+04  6.1926891453e+04  7.7361696268e+04  9.4511479176e+04
    14.700  1.9156698203e+03  5.3691666597e+03  1.0549337872e+04  1.7456217653e+04  2.6089812364e+04  3.6450123886e+04  4.8537152940e+04  6.2350899848e+04  7.7891364771e+04  9.5158547799e+04
    14.750  1.9288227428e+03  5.4058796392e+03  1.0621390896e+04  1.7575390729e+04  2.6267885500e+04  3.6698877095e+04  4.8868366231e+04  6.2776353234e+04  7.8422838264e+04  9.5807821410e+04
    14.800  1.9420206626e+03  5.4427176155e+03  1.0693688917e+04  1.7694968801e+04  2.6446563632e+04  3.6948475298e+04  4.9200704517e+04  6.3203251614e+04  7.8956116746e+04  9.6459300011e+04
    14.850  1.9552635797e+03  5.4796805886e+03  1.0766231935e+04  1.7814951868e+04  2.6625846759e+04  3.7198918496e+04  4.9534167797e+04  6.3631594986e+04  7.9491200227e+04  9.7112983604e+04
    14.900  1.9685514940e+03  5.5167685586e+03  1.0839019949e+04  1.7935339932e+04  2.6805734882e+04  3.7450206689e+04  4.9868756071e+04  6.4061383352e+04  8.0028088692e+04  9.7768872189e+04
    14.950  1.9818844056e+03  5.5539815254e+03  1.0912052959e+04  1.8056132991e+04  2.6986228000e+04  3.7702339876e+04  5.0204469337e+04  6.4492616710e+04  8.0566782155e+04  9.8426965762e+04
    15.000  1.9952623146e+03  5.5913194892e+03  1.0985330966e+04  1.8177331047e+04  2.7167326115e+04  3.7955318058e+04  5.0541307599e+04  6.4925295061e+04  8.1107280609e+04  9.9087264326e+04
    15.050  2.0086852210e+03  5.6287824499e+03  1.1058853969e+04  1.8298934099e+04  2.7349029224e+04  3.8209141235e+04  5.0879270854e+04  6.5359418407e+04  8.1649584053e+04  9.9749767884e+04
    15.100  2.0221531247e+03  5.6663704076e+03  1.1132621969e+04  1.8420942146e+04  2.7531337328e+04  3.8463809406e+04  5.1218359104e+04  6.5794986743e+04  8.2193692488e+04  1.0041447643e+05
    15.150  2.0356660259e+03  5.7040833623e+03  1.1206634965e+04  1.8543355190e+04  2.7714250429e+04  3.8719322574e+04  5.1558572348e+04  6.6232000075e+04  8.2739605919e+04  1.0108138997e+05
    15.200  2.0492239245e+03  5.7419213140e+03  1.1280892959e+04  1.8666173230e+04  2.7897768525e+04  3.8975680735e+04  5.1899910586e+04  6.6670458400e+04  8.3287324341e+04  1.0175050850e+05
    15.250  2.0628268206e+03  5.7798842628e+03  1.1355395948e+04  1.8789396267e+04  2.8081891616e+04  3.9232883892e+04  5.2242373817e+04  6.7110361717e+04  8.3836847757e+04  1.0242183202e+05
    15.300  2.0764747142e+03  5.8179722087e+03  1.1430143935e+04  1.8913024299e+04  2.8266619704e+04  3.9490932044e+04  5.2585962044e+04  6.7551710030e+04  8.4388176164e+04  1.0309536053e+05
    15.350  2.0901676053e+03  5.8561851518e+03  1.1505136919e+04  1.9037057328e+04  2.8451952787e+04  3.9749825191e+04  5.2930675265e+04  6.7994503334e+04  8.4941309563e+04  1.0377109404e+05
    15.400  2.1039054939e+03  5.8945230919e+03  1.1580374899e+04  1.9161495354e+04  2.8637890865e+04  4.0009563333e+04  5.3276513480e+04  6.8438741633e+04  8.5496247956e+04  1.0444903253e+05
    15.450  2.1176883801e+03  5.9329860293e+03  1.1655857876e+04  1.9286338376e+04  2.8824433940e+04  4.0270146471e+04  5.3623476691e+04  6.8884424925e+04  8.6052991338e+04  1.0512917602e+05
    15.500  2.1315162639e+03  5.9715739638e+03  1.1731585850e+04  1.9411586394e+04  2.9011582012e+04  4.0531574604e+04  5.3971564896e+04  6.9331553213e+04  8.6611539715e+04  1.0581152450e+05
    15.550  2.1453891453e+03  6.0102868956e+03  1.1807558820e+04  1.9537239408e+04  2.9199335079e+04  4.0793847732e+04  5.4320778097e+04  6.9780126492e+04  8.7171893091e+04  1.0649607797e+05
    15.600  2.1593070243e+03  6.0491248247e+03  1.1883776788e+04  1.9663297420e+04  2.9387693141e+04  4.1056965856e+04  5.4671116287e+04  7.0230144768e+04  8.7734051447e+04  1.0718283644e+05
    15.650  2.1732699009e+03  6.0880877510e+03  1.1960239753e+04  1.9789760427e+04  2.9576656200e+04  4.1320928975e+04  5.5022579478e+04  7.0681608036e+04  8.8298014811e+04  1.0787179990e+05
    15.700  2.1872777753e+03  6.1271756746e+03  1.2036947714e+04  1.9916628432e+04  2.9766224255e+04  4.1585737090e+04  5.5375167661e+04  7.1134516298e+04  8.8863783161e+04  1.0856296834e+05
    15.750  2.2013306473e+03  6.1663885956e+03  1.2113900673e+04  2.0043901433e+04  2.9956397307e+04  4.1851390200e+04  5.5728880840e+04  7.1588869554e+04  8.9431356504e+04  1.0925634178e+05
    15.800  2.2154285171e+03  6.2057265140e+03  1.2191098629e+04  2.0171579430e+04  3.0147175353e+04  4.2117888306e+04  5.6083719016e+04  7.2044667804e+04  9.0000734845e+04  1.0995192022e+05
    15.850  2.2295713846e+03  6.2451894297e+03  1.2268541581e+04  2.0299662424e+04  3.0338558397e+04  4.2385231407e+04  5.6439682182e+04  7.2501911050e+04  9.0571918169e+04  1.1064970364e+05
    15.900  2.2437592498e+03  6.2847773428e+03  1.2346229531e+04  2.0428150415e+04  3.0530546437e+04  4.2653419505e+04  5.6796770346e+04  7.2960599290e+04  9.1144906493e+04  1.1134969206e+05
    15.950  2.2579921128e+03  6.3244902534e+03  1.2424162478e+04  2.0557043403e+04  3.0723139473e+04  4.2922452597e+04  5.7154983508e+04  7.3420732523e+04  9.1719699814e+04  1.1205188547e+05
    16.000  2.2722699737e+03  6.3643281614e+03  1.2502340422e+04  2.0686341388e+04  3.0916337505e+04  4.3192330686e+04  5.7514321658e+04  7.3882310751e+04  9.2296298137e+04  1.1275628388e+05
    16.050  2.2865928323e+03  6.4042910669e+03  1.2580763363e+04  2.0816044369e+04  3.1110140534e+04  4.3463053771e+04  5.7874784811e+04  7.4345333974e+04  9.2874701433e+04  1.1346288727e+05
    16.100  2.3009606888e+03  6.4443789699e+03  1.2659431302e+04  2.0946152347e+04  3.1304548559e+04  4.3734621852e+04  5.8236372952e+04  7.4809802193e+04  9.3454909728e+04  1.1417169567e+05
    16.150  2.3153735431e+03  6.4845918705e+03  1.2738344237e+04  2.1076665322e+04  3.1499561580e+04  4.4007034928e+04  5.8599086093e+04  7.5275715404e+04  9.4036923023e+04  1.1488270905e+05
    16.200  2.3298313954e+03  6.5249297686e+03  1.2817502170e+04  2.1207583294e+04  3.1695179600e+04  4.4280293000e+04  5.8962924229e+04  7.5743073612e+04  9.4620741308e+04  1.1559592743e+05
    16.250  2.3443342455e+03  6.5653926642e+03  1.2896905101e+04  2.1338906263e+04  3.1891402613e+04  4.4554396070e+04  5.9327887360e+04  7.6211876814e+04  9.5206364591e+04  1.1631135079e+05
    16.300  2.3588820935e+03  6.6059805575e+03  1.2976553028e+04  2.1470634229e+04  3.2088230624e+04  4.4829344133e+04  5.9693975484e+04  7.6682125011e+04  9.5793792872e+04  1.1702897916e+05
    16.350  2.3734749395e+03  6.6466934483e+03  1.3056445953e+04  2.1602767191e+04  3.2285663632e+04  4.5105137194e+04  6.0061188606e+04  7.7153818201e+04  9.6383026143e+04  1.1774881251e+05
    16.400  2.3881127834e+03  6.6875313369e+03  1.3136583875e+04  2.1735305151e+04  3.2483701638e+04  4.5381775251e+04  6.0429526727e+04  7.7626956387e+04  9.6974064402e+04  1.1847085087e+05
    16.450  2.4027956253e+03  6.7284942231e+03  1.3216966795e+04  2.1868248108e+04  3.2682344638e+04  4.5659258304e+04  6.0798989835e+04  7.8101539569e+04  9.7566907659e+04  1.1919509421e+05
    16.500  2.4175234652e+03  6.7695821069e+03  1.3297594712e+04  2.2001596062e+04  3.2881592635e+04  4.5937586353e+04  6.1169577944e+04  7.8577567746e+04  9.8161555911e+04  1.1992154254e+05
    16.550  2.4322963030e+03  6.8107949885e+03  1.3378467626e+04  2.2135349013e+04  3.3081445630e+04  4.6216759398e+04  6.1541291050e+04  7.9055040916e+04  9.8758009154e+04  1.2065019587e+05
    16.600  2.4471141390e+03  6.8521328678e+03  1.3459585538e+04  2.2269506961e+04  3.3281903621e+04  4.6496777440e+04  6.1914129153e+04  7.9533959082e+04  9.9356267396e+04  1.2138105420e+05
    16.650  2.4619769729e+03  6.8935957448e+03  1.3540948447e+04  2.2404069907e+04  3.3482966611e+04  4.6777640478e+04  6.2288092244e+04  8.0014322244e+04  9.9956330637e+04  1.2211411752e+05
    16.700  2.4768848049e+03  6.9351836196e+03  1.3622556354e+04  2.2539037849e+04  3.3684634594e+04  4.7059348512e+04  6.2663180338e+04  8.0496130401e+04  1.0055819887e+05  1.2284938582e+05
    16.750  2.4918376350e+03  6.9768964922e+03  1.3704409259e+04  2.2674410789e+04  3.3886907577e+04  4.7341901543e+04  6.3039393428e+04  8.0979383553e+04  1.0116187210e+05  1.2358685913e+05
    16.800  2.5068354632e+03  7.0187343626e+03  1.3786507161e+04  2.2810188726e+04  3.4089785555e+04  4.7625299570e+04  6.3416731510e+04  8.1464081701e+04  1.0176735031e+05  1.2432653743e+05
    16.850  2.5218782895e+03  7.0606972308e+03  1.3868850060e+04  2.2946371660e+04  3.4293268528e+04  4.7909542595e+04  6.3795194590e+04  8.1950224844e+04  1.0237463352e+05  1.2506842073e+05
    16.900  2.5369661139e+03  7.1027850969e+03  1.3951437957e+04  2.3082959592e+04  3.4497356501e+04  4.8194630615e+04  6.4174782665e+04  8.2437812984e+04  1.0298372174e+05  1.2581250902e+05
    16.950  2.5520989364e+03  7.1449979607e+03  1.4034270852e+04  2.3219952521e+04  3.4702049470e+04  4.8480563631e+04  6.4555495736e+04  8.2926846118e+04  1.0359461495e+05  1.2655880229e+05
    17.000  2.5672767571e+03  7.1873358225e+03  1.4117348744e+04  2.3357350447e+04  3.4907347437e+04  4.8767341644e+04  6.4937333803e+04  8.3417324247e+04  1.0420731314e+05  1.2730730057e+05
    17.050  2.5824995760e+03  7.2297986822e+03  1.4200671634e+04  2.3495153370e+04  3.5113250400e+04  4.9054964655e+04  6.5320296862e+04  8.3909247372e+04  1.0482181632e+05  1.2805800384e+05
    17.100  2.5977673931e+03  7.2723865398e+03  1.4284239522e+04  2.3633361291e+04  3.5319758359e+04  4.9343432661e+04  6.5704384931e+04  8.4402615494e+04  1.0543812453e+05  1.2881091211e+05
    17.150  2.6130802083e+03  7.3150993954e+03  1.4368052407e+04  2.3771974210e+04  3.5526871318e+04  4.9632745665e+04  6.6089597986e+04  8.4897428610e+04  1.0605623770e+05  1.2956602537e+05
    17.200  2.6284380218e+03  7.3579372489e+03  1.4452110290e+04  2.3910992126e+04  3.5734589272e+04  4.9922903665e+04  6.6475936037e+04  8.5393686725e+04  1.0667615589e+05  1.3032334363e+05
    17.250  2.6438408335e+03  7.4009001003e+03  1.4536413171e+04  2.4050415039e+04  3.5942912223e+04  5.0213906662e+04  6.6863399082e+04  8.5891389832e+04  1.0729787906e+05  1.3108286687e+05
    17.300  2.6592886435e+03  7.4439879498e+03  1.4620961049e+04  2.4190242950e+04  3.6151840173e+04  5.0505754655e+04  6.7251987125e+04  8.6390537933e+04  1.0792140723e+05  1.3184459511e+05
    17.350  2.6747814518e+03  7.4872007972e+03  1.4705753926e+04  2.4330475858e+04  3.6361373120e+04  5.0798447645e+04  6.7641700170e+04  8.6891131034e+04  1.0854674039e+05  1.3260852835e+05
    17.400  2.6903192583e+03  7.5305386427e+03  1.4790791800e+04  2.4471113764e+04  3.6571511064e+04  5.1091985632e+04  6.8032538214e+04  8.7393169130e+04  1.0917387855e+05  1.3337466658e+05
    17.450  2.7059020631e+03  7.5740014862e+03  1.4876074672e+04  2.4612156667e+04  3.6782254002e+04  5.1386368616e+04  6.8424501243e+04  8.7896652221e+04  1.0980282171e+05  1.3414300981e+05
    17.500  2.7215298662e+03  7.6175893278e+03  1.4961602542e+04  2.4753604568e+04  3.6993601939e+04  5.1681596597e+04  6.8817589273e+04  8.8401580308e+04  1.1043356987e+05  1.3491355803e+05
    17.550  2.7372026676e+03  7.6613021674e+03  1.5047375410e+04  2.4895457467e+04  3.7205554876e+04  5.1977669575e+04  6.9211802307e+04  8.8907953392e+04  1.1106612302e+05  1.3568631125e+05
    17.600  2.7529204674e+03  7.7051400051e+03  1.5133393275e+04  2.5037715363e+04  3.7418112808e+04  5.2274587549e+04  6.9607140323e+04  8.9415771471e+04  1.1170048115e+05  1.3646126946e+05
    17.650  2.7686832655e+03  7.7491028410e+03  1.5219656138e+04  2.5180378257e+04  3.7631275735e+04  5.2572350521e+04  7.0003603344e+04  8.9925034548e+04  1.1233664428e+05  1.3723843266e+05
    17.700  2.7844910620e+03  7.7931906749e+03  1.5306164000e+04  2.5323446148e+04  3.7845043665e+04  5.2870958490e+04  7.0401191364e+04  9.0435742623e+04  1.1297461242e+05  1.3801780087e+05
    17.750  2.8003438569e+03  7.8374035070e+03  1.5392916859e+04  2.5466919037e+04  3.8059416590e+04  5.3170411455e+04  7.0799904376e+04  9.0947895688e+04  1.1361438557e+05  1.3879937406e+05
    17.800  2.8162416501e+03  7.8817413373e+03  1.5479914716e+04  2.5610796924e+04  3.8274394510e+04  5.3470709419e+04  7.1199742388e+04  9.1461493751e+04  1.1425596369e+05  1.3958315226e+05
    17.850  2.8321844418e+03  7.9262041657e+03  1.5567157571e+04  2.5755079809e+04  3.8489977427e+04  5.3771852377e+04  7.1600705391e+04  9.1976536810e+04  1.1489934679e+05  1.4036913544e+05
    17.900  2.8481722318e+03  7.9707919923e+03  1.5654645424e+04  2.5899767691e+04  3.8706165348e+04  5.4073840335e+04  7.2002793390e+04  9.2493024867e+04  1.1554453492e+05  1.4115732362e+05
    17.950  2.8642050203e+03  8.0155048171e+03  1.5742378275e+04  2.6044860571e+04  3.8922958257e+04  5.4376673290e+04  7.2406006392e+04  9.3010957921e+04  1.1619152805e+05  1.4194771680e+05
    18.000  2.8802828073e+03  8.0603426400e+03  1.5830356125e+04  2.6190358449e+04  3.9140356173e+04  5.4680351241e+04  7.2810344404e+04  9.3530335972e+04  1.1684032615e+05  1.4274031498e+05
    18.050  2.8964055927e+03  8.1053054613e+03  1.5918578972e+04  2.6336261325e+04  3.9358359081e+04  5.4984874190e+04  7.3215807392e+04  9.4051159017e+04  1.1749092924e+05  1.4353511814e+05
    18.100  2.9125733765e+03  8.1503932808e+03  1.6007046818e+04  2.6482569198e+04  3.9576966988e+04  5.5290242135e+04  7.3622395379e+04  9.4573427060e+04  1.1814333735e+05  1.4433212631e+05
    18.150  2.9287861588e+03  8.1956060985e+03  1.6095759661e+04  2.6629282069e+04  3.9796179891e+04  5.5596455079e+04  7.4030108365e+04  9.5097140096e+04  1.1879755042e+05  1.4513133947e+05
    18.200  2.9450439397e+03  8.2409439145e+03  1.6184717502e+04  2.6776399939e+04  4.0015997793e+04  5.5903513018e+04  7.4438946351e+04  9.5622298133e+04  1.1945356853e+05  1.4593275762e+05
    18.250  2.9613467190e+03  8.2864067288e+03  1.6273920342e+04  2.6923922806e+04  4.0236420698e+04  5.6211415957e+04  7.4848909333e+04  9.6148901164e+04  1.2011139160e+05  1.4673638077e+05
    18.300  2.9776944969e+03  8.3319945414e+03  1.6363368179e+04  2.7071850671e+04  4.0457448589e+04  5.6520163892e+04  7.5259997309e+04  9.6676949193e+04  1.2077101964e+05  1.4754220892e+05
    18.350  2.9940872732e+03  8.3777073523e+03  1.6453061015e+04  2.7220183534e+04  4.0679081488e+04  5.6829756824e+04  7.5672210303e+04  9.7206442219e+04  1.2143245279e+05  1.4835024207e+05
    18.400  3.0105250482e+03  8.4235451615e+03  1.6542998849e+04  2.7368921394e+04  4.0901319378e+04  5.7140194753e+04  7.6085548263e+04  9.7737380236e+04  1.2209569084e+05  1.4916048019e+05
    18.450  3.0270078216e+03  8.4695079691e+03  1.6633181681e+04  2.7518064253e+04  4.1124162264e+04  5.7451477680e+04  7.6500011223e+04  9.8269763258e+04  1.2276073390e+05  1.4997292333e+05
    18.500  3.0435355936e+03  8.5155957750e+03  1.6723609511e+04  2.7667612110e+04  4.1347610154e+04  5.7763605606e+04  7.6915599195e+04  9.8803591271e+04  1.2342758201e+05  1.5078757146e+05
    18.550  3.0601083642e+03  8.5618085793e+03  1.6814282340e+04  2.7817564965e+04  4.1571663043e+04  5.8076578527e+04  7.7332312158e+04  9.9338864284e+04  1.2409623505e+05  1.5160442458e+05
    18.600  3.0767261334e+03  8.6081463819e+03  1.6905200166e+04  2.7967922817e+04  4.1796320927e+04  5.8390396445e+04  7.7750150131e+04  9.9875582295e+04  1.2476669314e+05  1.5242348271e+05
    18.650  3.0933889011e+03  8.6546091829e+03  1.6996362992e+04  2.8118685668e+04  4.2021583809e+04  5.8705059362e+04  7.8169113089e+04  1.0041374529e+05  1.2543895617e+05  1.5324474582e+05
    18.700  3.1100966675e+03  8.7011969825e+03  1.7087770814e+04  2.8269853517e+04  4.2247451684e+04  5.9020567276e+04  7.8589201022e+04  1.0095335330e+05  1.2611302420e+05  1.5406821394e+05
    18.750  3.1268494325e+03  8.7479097803e+03  1.7179423636e+04  2.8421426364e+04  4.2473924565e+04  5.9336920189e+04  7.9010413999e+04  1.0149440630e+05  1.2678889727e+05  1.5489388704e+05
    18.800  3.1436471961e+03  8.7947475766e+03  1.7271321454e+04  2.8573404209e+04  4.2701002439e+04  5.9654118098e+04  7.9432751926e+04  1.0203690429e+05  1.2746657532e+05  1.5572176514e+05
    18.850  3.1604899584e+03  8.8417103714e+03  1.7363464273e+04  2.8725787052e+04  4.2928685307e+04  5.9972161005e+04  7.9856214858e+04  1.0258084728e+05  1.2814605837e+05  1.5655184825e+05
    18.900  3.1773777193e+03  8.8887981646e+03  1.7455852089e+04  2.8878574893e+04  4.3156973176e+04  6.0291048911e+04  8.0280802825e+04  1.0312623528e+05  1.2882734646e+05  1.5738413633e+05
    18.950  3.1943104789e+03  8.9360109563e+03  1.7548484904e+04  2.9031767732e+04  4.3385866052e+04  6.0610781814e+04  8.0706515750e+04  1.0367306826e+05  1.2951043943e+05  1.5821862943e+05
    19.000  3.2112882370e+03  8.9833487465e+03  1.7641362716e+04  2.9185365569e+04  4.3615363920e+04  6.0931359713e+04  8.1133353724e+04  1.0422134625e+05  1.3019533750e+05  1.5905532752e+05
    19.050  3.2283109940e+03  9.0308115350e+03  1.7734485526e+04  2.9339368405e+04  4.3845466778e+04  6.1252782610e+04  8.1561316651e+04  1.0477106923e+05  1.3088204055e+05  1.5989423061e+05
    19.100  3.2453787497e+03  9.0783993222e+03  1.7827853337e+04  2.9493776238e+04  4.4076174638e+04  6.1575050505e+04  8.1990404561e+04  1.0532223720e+05  1.3157054853e+05  1.6073533868e+05
    19.150  3.2624915039e+03  9.1261121079e+03  1.7921466146e+04  2.9648589070e+04  4.4307487505e+04  6.1898163399e+04  8.2420617512e+04  1.0587485018e+05  1.3226086151e+05  1.6157865175e+05
    19.200  3.2796492569e+03  9.1739498921e+03  1.8015323950e+04  2.9803806900e+04  4.4539405361e+04  6.2222121288e+04  8.2851955443e+04  1.0642890815e+05  1.3295297959e+05  1.6242416984e+05
    19.250  3.2968520087e+03  9.2219126748e+03  1.8109426755e+04  2.9959429728e+04  4.4771928204e+04  6.2546924177e+04  8.3284418401e+04  1.0698441111e+05  1.3364690265e+05  1.6327189289e+05
    19.300  3.3140997591e+03  9.2700004560e+03  1.8203774559e+04  3.0115457555e+04  4.5005056067e+04  6.2872572062e+04  8.3718006286e+04  1.0754135908e+05  1.3434263062e+05  1.6412182097e+05
    19.350  3.3313925083e+03  9.3182132359e+03  1.8298367359e+04  3.0271890379e+04  4.5238788913e+04  6.3199064947e+04  8.4152719157e+04  1.0809975204e+05  1.3504016346e+05  1.6497395403e+05
    19.400  3.3487302563e+03  9.3665510142e+03  1.8393205160e+04  3.0428728202e+04  4.5473126782e+04  6.3526402829e+04  8.4588557125e+04  1.0865959000e+05  1.3573950166e+05  1.6582829209e+05
    19.450  3.3661130030e+03  9.4150137913e+03  1.8488287960e+04  3.0585971023e+04  4.5708069627e+04  6.3854585708e+04  8.5025520004e+04  1.0922087296e+05  1.3644064451e+05  1.6668483515e+05
    19.500  3.3835407486e+03  9.4636015668e+03  1.8583615750e+04  3.0743618843e+04  4.5943617474e+04  6.4183613585e+04  8.5463607929e+04  1.0978360091e+05  1.3714359264e+05  1.6754358320e+05
    19.550  3.4010134926e+03  9.5123143410e+03  1.8679188550e+04  3.0901671660e+04  4.6179770314e+04  6.4513486461e+04  8.5902820784e+04  1.1034777387e+05  1.3784834535e+05  1.6840453624e+05
    19.600  3.4185312357e+03  9.5611521138e+03  1.8775006341e+04  3.1060129476e+04  4.6416528136e+04  6.4844204333e+04  8.6343158738e+04  1.1091339181e+05  1.3855490353e+05  1.6926769428e+05
    19.650  3.4360939778e+03  9.6101148852e+03  1.8871069126e+04  3.1218992291e+04  4.6653890981e+04  6.5175767205e+04  8.6784621627e+04  1.1148045476e+05  1.3926326651e+05  1.7013305733e+05
    19.700  3.4537017183e+03  9.6592026553e+03  1.8967376921e+04  3.1378260103e+04  4.6891858815e+04  6.5508175073e+04  8.7227209488e+04  1.1204896270e+05  1.3997343467e+05  1.7100062536e+05
    19.750  3.4713544578e+03  9.7084154240e+03  1.9063929719e+04  3.1537932915e+04  4.7130431697e+04  6.5841427942e+04  8.7670922544e+04  1.1261891564e+05  1.4068540784e+05  1.7187039840e+05
    19.800  3.4890521962e+03  9.7577531914e+03  1.9160727500e+04  3.1698010724e+04  4.7369609475e+04  6.6175525805e+04  8.8115760197e+04  1.1319031358e+05  1.4139918554e+05  1.7274237643e+05
    19.850  3.5067949328e+03  9.8072159574e+03  1.9257770286e+04  3.1858493532e+04  4.7609392314e+04  6.6510468670e+04  8.8561723207e+04  1.1376315652e+05  1.4211476851e+05  1.7361655947e+05
    19.900  3.5245826693e+03  9.8568037221e+03  1.9355058054e+04  3.2019381338e+04  4.7849780253e+04  6.6846256531e+04  8.9008811521e+04  1.1433744446e+05  1.4283215764e+05  1.7449294748e+05
    19.950  3.5424154019e+03  9.9065164854e+03  1.9452590847e+04  3.2180674143e+04  4.8090772946e+04  6.7182889388e+04  8.9457024015e+04  1.1491317738e+05  1.4355134984e+05  1.7537154050e+05
    20.000  3.5602034968e+03  9.9563542475e+03  1.9549879502e+04  3.2342371946e+04  4.8331162403e+04  6.7520367243e+04  8.9904114574e+04  1.1549035531e+05  1.4426874182e+05  1.7625233852e+05
