# Frequencies with alpha minimum = 0.75
#  # 	 nu (muHz) 	 err 	 amp 	 err 	 phase 	 err 	 p-value 	 deviation
1 3.0762382822e+01 1.4661624636e-05 9.6131048075e+01 3.2479001170e-01 1.7975485442e+00 3.3786171919e-03 0.0000000000e+00 9.8605008670e-01
2 3.0386214066e+01 1.9239857073e-05 7.7679224155e+01 3.4440037191e-01 4.2561415377e-01 4.4336227049e-03 0.0000000000e+00 9.6538777550e-01
3 3.1662925547e+01 1.7363509843e-05 7.2840018875e+01 2.9145026750e-01 1.9864515505e+00 4.0012382204e-03 0.0000000000e+00 9.7405800969e-01
4 3.2500259437e+01 1.8835690166e-05 5.7790959483e+01 2.5084089055e-01 1.5871754135e-01 4.3404866920e-03 0.0000000000e+00 1.0115060717e+00
5 3.1417393375e+01 2.3575741316e-05 5.5221994587e+01 3.0000903751e-01 -4.7033744540e-01 5.4327816255e-03 0.0000000000e+00 9.5632059048e-01
6 5.8442271606e+01 2.5858376102e-05 4.5793374093e+01 2.7287313643e-01 -2.9166918512e+00 5.9587908040e-03 0.0000000000e+00 9.9863007540e-01
7 3.2819333700e+01 3.0658969929e-05 3.5037143571e+01 2.4753872133e-01 6.1045676757e-01 7.0650371604e-03 0.0000000000e+00 1.0320749457e+00
8 2.8990458109e+01 5.6443947449e-05 3.1867224288e+01 4.1449424680e-01 -2.5201841770e+00 1.3006914033e-02 0.0000000000e+00 9.5555737297e-01
9 6.1114386459e+01 3.8141522425e-05 2.7520093603e+01 2.4188270778e-01 -2.4276496417e+00 8.7893126845e-03 0.0000000000e+00 1.0162476194e+00
10 3.1923964105e+01 4.4248052873e-05 2.7417576035e+01 2.7956327017e-01 1.0624354801e+00 1.0196498400e-02 0.0000000000e+00 9.4295253381e-01
11 3.3944043280e+01 3.8966334687e-05 2.4982213641e+01 2.2432483936e-01 -3.1236695327e+00 8.9793819952e-03 0.0000000000e+00 9.3425189432e-01
12 5.5821088812e+00 1.0497813431e-04 2.2449078327e+01 5.4306805432e-01 4.1404280977e-01 2.4191106931e-02 0.0000000000e+00 8.2255978850e-01
13 3.1184831650e+01 5.5308821700e-05 2.3914763249e+01 3.0480169878e-01 -6.4046202139e-01 1.2745336243e-02 0.0000000000e+00 1.0232348675e+00
14 3.0967418458e+01 5.8034788614e-05 2.3345168985e+01 3.1220677262e-01 -1.7009742533e+00 1.3373506648e-02 0.0000000000e+00 1.0005764006e+00
15 3.0213741995e+01 6.5829437219e-05 2.3625843184e+01 3.5839698731e-01 -2.1189119920e+00 1.5169701437e-02 0.0000000000e+00 8.1288384022e-01
16 5.7004559893e+01 5.0818156360e-05 2.2544353438e+01 2.6400586842e-01 1.0743455020e+00 1.1710509647e-02 0.0000000000e+00 9.7897575132e-01
17 5.6833059080e+01 5.4633512860e-05 2.1424917351e+01 2.6973367670e-01 -2.6690251247e-01 1.2589718423e-02 0.0000000000e+00 9.6978722856e-01
19 2.8419932313e+01 1.2546478897e-04 1.5742438488e+01 4.5514602741e-01 2.9373041418e+00 2.8912041025e-02 9.3643075099e-295 1.1815412944e+00
20 6.9952335806e+00 1.2269095754e-04 1.4566507995e+01 4.1183656076e-01 1.1164390888e+00 2.8272840747e-02 5.2129739461e-283 9.9120076721e-01
21 2.8783722380e+01 1.3674848711e-04 1.3771022085e+01 4.3395589873e-01 2.0897839691e+00 3.1512250584e-02 2.2381694004e-288 8.1435514668e-01
22 2.9099618558e+01 1.4118881192e-04 1.2589442096e+01 4.0960350042e-01 2.1411876746e+00 3.2535476736e-02 1.8284371182e-252 8.8051374897e-01
23 5.8209784612e+01 8.7476386794e-05 1.2965791623e+01 2.6136459989e-01 -8.9264486333e-02 2.0158013293e-02 3.7928734080e-238 1.0257233187e+00
24 2.9364152926e+01 1.2882615004e-04 1.3335565151e+01 3.9588800623e-01 -2.7889508586e+00 2.9686631331e-02 3.4456377416e-237 9.3940497126e-01
25 6.0408304819e+01 8.2594413434e-05 1.2094301401e+01 2.3019100642e-01 -1.9678504073e+00 1.9033013879e-02 2.5891871026e-222 1.0167083406e+00
26 2.8056609877e+01 1.5464326686e-04 1.2494473091e+01 4.4525197315e-01 -2.0207524251e+00 3.5635914368e-02 1.8725220413e-217 1.1026915139e+00
27 2.5222857448e-01 1.8949295616e-04 1.1374192770e+01 4.9667299401e-01 9.7684879461e-01 4.3666658729e-02 9.9993614666e-217 8.9120468389e-01
28 5.7184451995e+01 9.8977696514e-05 1.1044345930e+01 2.5190351901e-01 1.7527547985e+00 2.2808369151e-02 1.4529813210e-183 9.7202450077e-01
29 2.8512036085e+01 1.6876816886e-04 1.1599666107e+01 4.5112086850e-01 -2.3020641996e-01 3.8890849473e-02 2.4014677950e-181 1.0263278639e+00
30 2.7679795570e+01 2.1539428739e-04 9.4920442975e+00 4.7114092282e-01 -8.1365840223e-01 4.9635348092e-02 2.0767189257e-161 8.6862745893e-01
31 5.7372515850e+01 1.1257389682e-04 9.5574769432e+00 2.4793500628e-01 2.9409244712e+00 2.5941470511e-02 1.5925600502e-151 8.8475832286e-01
33 2.8614029922e+01 1.8739134016e-04 1.0139770932e+01 4.3785927345e-01 -3.0254785488e+00 4.3182363428e-02 2.8362042183e-149 9.0870644126e-01
35 2.9752618262e+01 1.6833068288e-04 9.5947635980e+00 3.7218121990e-01 9.8134217196e-01 3.8790035429e-02 5.6564105394e-152 1.2033671352e+00
36 3.4389643597e+01 1.0965171078e-04 9.0941796798e+00 2.2979249127e-01 6.7710672913e-01 2.5268083474e-02 1.2988851652e-137 8.7773546688e-01
37 6.7344087452e-01 2.5805457154e-04 8.6349827346e+00 5.1348755420e-01 9.3677361419e-01 5.9465961888e-02 6.8632776726e-138 1.0132924555e+00
38 2.8688250079e+01 2.2155400921e-04 8.5063472289e+00 4.3428978164e-01 -2.6647649867e+00 5.1054791199e-02 2.1460964742e-132 1.0896135193e+00
40 2.6778942121e+01 1.9701270883e-04 8.4250384006e+00 3.8249258683e-01 -1.8403567855e+00 4.5399506643e-02 1.1329434285e-119 1.1022895189e+00
41 2.9205871148e+01 2.5076538870e-04 7.0526301952e+00 4.0754502601e-01 1.4834002140e+00 5.7786246369e-02 3.1422182200e-115 9.5190801511e-01
42 7.8927858448e+00 2.2464676614e-04 7.4618123618e+00 3.8627925583e-01 1.2156944824e+00 5.1767484507e-02 2.7330171007e-101 9.7539841014e-01
43 5.9184841214e+00 2.8618247251e-04 7.6303798763e+00 5.0320631451e-01 1.6682182274e+00 6.5947740829e-02 1.1704804185e-100 9.2815352762e-01
44 8.8115994104e-01 2.8864746035e-04 7.9799789934e+00 5.3079445811e-01 -7.5749414909e-02 6.6515771352e-02 1.7740211545e-96 1.2349243072e+00
45 2.7964567139e+01 2.5211526632e-04 7.8620103609e+00 4.5676166471e-01 4.1906281303e-01 5.8097311468e-02 1.3465192525e-96 1.2335209387e+00
46 2.7906417050e+01 2.6403083136e-04 7.4636117843e+00 4.5410948795e-01 2.7484602552e+00 6.0843128109e-02 3.7951823305e-100 1.2205037105e+00
47 1.0712958225e+01 2.0521287193e-04 7.4119481739e+00 3.5050471405e-01 -1.5239278253e+00 4.7289147984e-02 4.9765807950e-94 1.0599161355e+00
48 2.7024301571e+01 2.5433630493e-04 7.1747168518e+00 4.2050388725e-01 -6.9695837930e-01 5.8609126455e-02 7.0901319070e-93 1.2847343413e+00
49 6.5120379860e-01 3.4220573850e-04 6.4901854396e+00 5.1180118230e-01 -3.0985897015e+00 7.8857713245e-02 1.6017627331e-88 9.5141181044e-01
51 3.6542816365e-01 2.9866142989e-04 7.0904844857e+00 4.8799114579e-01 -8.5438557321e-01 6.8823385309e-02 3.7946718479e-84 1.0353205374e+00
53 7.9298556846e-01 3.3042867666e-04 6.7414515216e+00 5.1331982542e-01 2.0508518788e+00 7.6143813209e-02 2.9925481726e-80 1.0662319750e+00
55 2.3302029903e+01 2.0740588633e-04 6.4572707005e+00 3.0862205734e-01 -2.7419496431e+00 4.7794505087e-02 8.6466880883e-81 1.0711476558e+00
56 5.8686938613e+01 1.7844117534e-04 6.4419958943e+00 2.6489417596e-01 -3.0397226437e+00 4.1119892080e-02 5.1229663217e-79 8.2061434278e-01
57 5.6510897008e+01 1.8705612908e-04 6.2136890063e+00 2.6784179509e-01 2.6111029827e+00 4.3105117559e-02 5.8234419373e-75 1.0491948851e+00
58 2.8090212382e+01 3.5669021548e-04 5.4115449403e+00 4.4480468881e-01 -1.8381295606e+00 8.2195508623e-02 5.6611013655e-75 9.1055811401e-01
59 2.9279432833e+01 2.7042817278e-04 6.4125961851e+00 3.9961586078e-01 -2.0655346391e-01 6.2317328153e-02 1.4158330502e-74 1.0890477652e+00
60 1.0702138572e+00 3.6346194433e-04 6.7497868980e+00 5.6533503205e-01 -3.0735325811e-01 8.3755982313e-02 5.3234272632e-75 1.2675156443e+00
61 3.2202376195e+01 1.9312335187e-04 6.0522464179e+00 2.6934460657e-01 1.5597778119e+00 4.4503245238e-02 5.3320327525e-74 7.8549460415e-01
62 1.1149214766e+00 3.9550586109e-04 6.0968730664e+00 5.5567002277e-01 1.8317418924e+00 9.1140165905e-02 1.6660035118e-72 9.9454966544e-01
63 1.6833707317e+01 2.2064526808e-04 5.9949314516e+00 3.0481457591e-01 4.0710787893e-01 5.0845381364e-02 6.7071772123e-73 8.9118224942e-01
64 2.8294592383e+01 3.1512107177e-04 6.2371203031e+00 4.5291682775e-01 -1.0673848062e+00 7.2616336664e-02 1.9093192520e-71 9.1914554908e-01
65 2.2407423263e+01 2.4241150141e-04 5.7625659526e+00 3.2190373916e-01 -1.8626884063e-01 5.5861180906e-02 4.1466124722e-70 9.2195149942e-01
66 5.5683580687e+01 2.1560281598e-04 5.6526913462e+00 2.8084493264e-01 -2.4457987302e+00 4.9683401312e-02 7.6928933186e-68 9.4261363787e-01
67 2.7257719258e+01 3.0170496320e-04 6.4067275309e+00 4.4542603732e-01 1.8652457699e+00 6.9524735549e-02 1.3658783723e-66 1.2996350938e+00
68 2.7597689771e+01 3.7193597908e-04 5.4970001084e+00 4.7114092282e-01 -1.3725914002e+00 8.5708734495e-02 6.7092367148e-67 8.1080329594e-01
69 6.4813893409e+00 3.3508991868e-04 5.5180863430e+00 4.2609530102e-01 1.0945571447e+00 7.7217947408e-02 7.8617991969e-66 7.8786870964e-01
73 2.3996895682e+01 2.3649101682e-04 5.4582078879e+00 2.9745523206e-01 2.9596430757e+00 5.4496867501e-02 1.5621386192e-66 8.4370664433e-01
74 2.6986376181e+01 3.3249434240e-04 5.3812563153e+00 4.1231091260e-01 1.4853915392e-01 7.6619824154e-02 1.5248095787e-64 9.8096260841e-01
78 2.9483769587e+01 2.9747699210e-04 5.7145641252e+00 3.9173590849e-01 1.4684346822e+00 6.8550444076e-02 2.1383268467e-64 1.0913037976e+00
81 4.7595955573e+01 1.8491265833e-04 5.3334986600e+00 2.2726665687e-01 1.0736921821e+00 4.2611177270e-02 2.4425849417e-61 9.7623505697e-01
82 5.7568125445e+01 1.9877148172e-04 5.3942145289e+00 2.4708090340e-01 -3.0957887531e+00 4.5804797358e-02 6.3078578435e-61 8.2207304125e-01
84 3.0943258237e-02 3.8853427100e-04 5.3919793161e+00 4.8276351499e-01 9.4827989266e-01 8.9533636293e-02 4.1893076551e-58 9.7780528191e-01
85 6.1909631685e+01 1.9211697839e-04 5.2220726920e+00 2.3118814027e-01 -4.5842661706e-01 4.4271337054e-02 3.7629168683e-58 1.0953809452e+00
86 5.5936774937e+01 2.3602838974e-04 5.1488763963e+00 2.8004872568e-01 5.6595012851e-01 5.4390259958e-02 1.2211676914e-56 7.9357094945e-01
89 2.7447611488e+01 4.0278890654e-04 4.9210214178e+00 4.5676166471e-01 -2.3282809828e+00 9.2818467128e-02 1.6751557141e-55 9.3581579536e-01
97 5.2166592315e-01 4.3707347271e-04 4.8772870869e+00 4.9123540402e-01 1.3142228610e+00 1.0071898481e-01 2.6070094768e-57 1.0922015754e+00
99 2.2752671119e+01 2.8415119429e-04 4.7898183597e+00 3.1363564953e-01 -3.1085696951e+00 6.5479654128e-02 1.7623485633e-52 8.8067369193e-01
106 1.8790083845e+01 2.3778659284e-04 4.6263367252e+00 2.5350206100e-01 1.9480776873e+00 5.4795419369e-02 6.2892996196e-47 1.0625037900e+00
109 2.5941950642e+01 3.3897430620e-04 4.2427413849e+00 3.3141352788e-01 1.4350767952e-01 7.8113063659e-02 4.3419307239e-46 8.9841772257e-01
110 2.1607466051e+01 3.1293892972e-04 4.3649335785e+00 3.1477057205e-01 2.0317282251e+00 7.2113484979e-02 3.7862307202e-46 1.1779497183e+00
111 2.6795882053e+01 3.5160439751e-04 4.7843667409e+00 3.8764630782e-01 -2.5042418126e+00 8.1023535361e-02 1.1951732224e-44 1.2560756537e+00
112 1.0430045711e+00 5.3735250551e-04 4.4704556015e+00 5.5356414837e-01 3.1367381448e+00 1.2382723322e-01 7.1282509084e-45 1.0231472049e+00
115 4.5751728153e+01 2.3186535818e-04 4.1791934815e+00 2.2329820740e-01 3.0194512989e+00 5.3430933119e-02 3.7133374517e-42 1.1032867146e+00
121 1.1464301342e-01 4.5963245077e-04 4.6892455226e+00 4.9667299401e-01 2.7595043375e+00 1.0591746404e-01 1.8323182584e-38 1.3077543765e+00
124 1.0604230267e+01 3.9599902135e-04 3.7984535366e+00 3.4662335542e-01 -2.7246591220e+00 9.1253809500e-02 4.1886138463e-37 1.1119483404e+00
125 1.7267895382e+01 3.4066968737e-04 3.9476075879e+00 3.0990198504e-01 -7.7363301350e-01 7.8503746418e-02 9.9080500772e-37 1.1151055094e+00
126 2.7719330206e+01 5.2254786939e-04 3.8731891762e+00 4.6639263304e-01 -2.2783581948e+00 1.2041566054e-01 1.0593440134e-36 8.4028320960e-01
132 1.2886333021e+00 5.9494321810e-04 4.2328445040e+00 5.8031623951e-01 1.8213546499e+00 1.3709840722e-01 2.9069214424e-36 1.0962120746e+00
133 1.9262090002e+01 2.8662776207e-04 3.7909114117e+00 2.5039103741e-01 7.5103481931e-01 6.6050353125e-02 4.9579727758e-36 1.1704768988e+00
134 8.0974878288e+00 4.6063111217e-04 3.6198203078e+00 3.8423522020e-01 2.2210522679e+00 1.0614759505e-01 8.1730333990e-36 9.4991886703e-01
137 1.5645947147e+00 7.5771555259e-04 3.4405880560e+00 6.0075275329e-01 8.1945250372e-01 1.7460757972e-01 4.0909759566e-34 1.0391567491e+00
139 2.7170036080e+01 5.5075694250e-04 3.4332035431e+00 4.3572895781e-01 -1.6579744179e+00 1.2691614474e-01 7.7011902578e-33 8.8954963228e-01
140 5.9483275211e+01 3.0319972770e-04 3.5109899891e+00 2.4531002069e-01 1.5465879139e+00 6.9869188305e-02 5.7420553871e-33 9.3574244887e-01
142 1.5350199812e+00 7.4614730992e-04 3.4939308169e+00 6.0075275329e-01 3.1221172380e+00 1.7194179987e-01 1.2410547353e-32 8.1392176872e-01
148 1.1151013003e+01 3.9224097156e-04 3.8107814476e+00 3.4444817591e-01 2.7132901844e-01 9.0387806451e-02 1.3359179005e-30 1.3236609771e+00
151 1.3450484358e+00 7.2435033565e-04 3.5388771531e+00 5.9070553968e-01 -1.9283712313e+00 1.6691891640e-01 1.1038802776e-29 1.1627580586e+00
154 2.9897536901e+01 4.5820333416e-04 3.3728287840e+00 3.5613071496e-01 1.9182516083e+00 1.0558813914e-01 4.0578881142e-28 1.2209930279e+00
155 2.6609727773e+01 5.4831751393e-04 3.0131456531e+00 3.8072301817e-01 -2.4846230222e+00 1.2635400409e-01 8.8243082487e-27 1.0832815858e+00
156 2.8112079516e+01 5.8680120456e-04 3.2838343709e+00 4.4404719587e-01 -2.2850079081e+00 1.3522216583e-01 1.2372135729e-27 9.9214512235e-01
157 1.0820581346e+01 4.5874141952e-04 3.2598825627e+00 3.4460914638e-01 2.3091515104e+00 1.0571213526e-01 1.4524076657e-26 1.0494712787e+00
165 2.6242551594e+01 5.0864290338e-04 3.0269229138e+00 3.5478989472e-01 -2.3006501742e+00 1.1721140737e-01 4.9136794547e-26 7.8750483321e-01
176 2.5272072673e+01 4.4563257322e-04 2.9964284456e+00 3.0770725080e-01 1.0129762678e+00 1.0269133950e-01 1.3553337888e-23 8.2565816985e-01
178 6.2801988409e+01 3.1778376180e-04 2.9754004349e+00 2.1788835240e-01 1.8185610869e+00 7.3229925575e-02 2.9820458563e-23 9.8083916351e-01
179 1.6415334203e+00 8.8940895435e-04 2.9605692897e+00 6.0678329834e-01 2.6102831403e+00 2.0495493906e-01 3.3934475311e-23 9.3632028113e-01
181 8.6691799109e+00 5.2006530104e-04 2.9118261420e+00 3.4896366561e-01 -2.3291812781e+00 1.1984357877e-01 3.5055841761e-23 8.8033273663e-01
184 1.9939502142e+01 4.1690027483e-04 2.8181881994e+00 2.7074413936e-01 -1.0128632668e+00 9.6070283532e-02 1.8705211775e-22 9.7304836591e-01
186 4.5557798800e+00 9.0137534103e-04 2.8369131465e+00 5.8926222835e-01 -1.0369362210e+00 2.0771246701e-01 9.0519036180e-22 1.0176396947e+00
187 2.6070922877e+01 5.3353134505e-04 2.7720630168e+00 3.4081596402e-01 2.4084883916e+00 1.2294668698e-01 1.0837805218e-21 9.8022607268e-01
192 5.7774716785e+01 3.9333935770e-04 2.7154194234e+00 2.4612810925e-01 -3.0181650915e+00 9.0640917985e-02 5.4851494579e-21 7.7867447226e-01
193 1.8834830275e+01 4.0099084994e-04 2.7448182298e+00 2.5363252378e-01 1.1282343271e+00 9.2404123896e-02 8.1993151521e-21 1.1267686531e+00
200 6.2342567905e+01 3.5036816631e-04 2.6734060308e+00 2.1584721758e-01 -1.9847016177e+00 8.0738658883e-02 2.1339726950e-19 1.0181224294e+00
201 5.4472820009e+01 4.4350358034e-04 2.7720858499e+00 2.8330921269e-01 -1.3545205786e+00 1.0220073548e-01 4.7013629733e-19 8.1575961889e-01
203 5.5109627399e+00 8.4917592775e-04 2.7747334224e+00 5.4296999503e-01 -2.7981521420e+00 1.9568366123e-01 5.1137223714e-19 8.7744462785e-01
206 2.0053583088e+00 9.9700813970e-04 2.8943831317e+00 6.6498463923e-01 1.0489791127e+00 2.2975003963e-01 3.0707365214e-18 1.2392408308e+00
210 5.6669425958e+01 4.4173888046e-04 2.5931410868e+00 2.6396640853e-01 2.5332547044e+00 1.0179407896e-01 8.3763468993e-18 8.7676786867e-01
217 2.2888460933e+01 5.1679955535e-04 2.5411573506e+00 3.0262902601e-01 -5.2177674334e-01 1.1909102203e-01 2.0407036197e-17 1.1185214653e+00
229 5.5002632239e-01 8.1858764689e-04 2.6407281167e+00 4.9813352020e-01 -2.0516127744e-01 1.8863491362e-01 4.9340251444e-16 8.6233765088e-01
230 1.6855246650e+00 9.8641290141e-04 2.7073292715e+00 6.1539889726e-01 -2.6029155508e+00 2.2730847841e-01 6.7965934948e-16 1.0115509931e+00
237 5.9773857767e+01 4.1402861039e-04 2.4540659182e+00 2.3413884304e-01 2.7505693603e+00 9.5408538665e-02 1.5887607898e-15 1.0030696849e+00
238 2.2546365859e+01 5.8203279148e-04 2.3444066189e+00 3.1443963477e-01 -4.0324416221e-01 1.3412333519e-01 2.0724304370e-15 8.4334255256e-01
244 2.2430818945e+01 5.8781804837e-04 2.3796736050e+00 3.2234222625e-01 -4.6439155970e-01 1.3545648679e-01 1.3139697943e-14 8.8020410743e-01
252 6.6407855759e+01 3.8528664035e-04 2.2425673314e+00 1.9910691006e-01 -1.7809256662e-01 8.8785253967e-02 3.9238815605e-14 8.3522816338e-01
258 4.9723698419e+01 4.1673917280e-04 2.2573320902e+00 2.1677873213e-01 1.5205696972e+00 9.6033159263e-02 4.3838769064e-14 7.9064599034e-01
260 2.6518639295e+01 6.9620731481e-04 2.2942379299e+00 3.6807297251e-01 6.9589856849e-01 1.6043365325e-01 1.6153473830e-13 1.1018932517e+00
262 2.8669271303e+00 1.1860767754e-03 2.2055047331e+00 6.0280616770e-01 -1.6146999546e+00 2.7331891818e-01 2.7837804230e-13 1.1923045663e+00
264 1.5748719607e+00 1.1535324648e-03 2.2638274545e+00 6.0176931019e-01 2.8713426361e+00 2.6581942409e-01 2.0293072098e-13 9.9080537792e-01
268 1.6421080757e+01 6.1721066797e-04 2.1514255286e+00 3.0599662222e-01 2.6228000715e+00 1.4222970684e-01 9.9633467624e-13 8.2211460576e-01
270 2.2268921422e+01 6.7910581638e-04 2.1191567871e+00 3.3163276399e-01 1.3706197297e+00 1.5649279280e-01 9.5116819803e-13 1.1278298766e+00
274 2.1831350014e+00 1.2638799294e-03 2.2832260207e+00 6.6498463923e-01 9.6265994535e-02 2.9124783671e-01 1.1765135946e-11 1.2308018704e+00
275 1.9137826039e+01 5.2516487821e-04 2.1167541201e+00 2.5616687987e-01 -7.1782825351e-01 1.2101872269e-01 2.4554116582e-11 8.7054178559e-01
276 1.4763244516e+01 5.7127739320e-04 2.0893834679e+00 2.7505660829e-01 -2.0959876027e+00 1.3164486678e-01 3.1208652075e-11 9.8555773019e-01
277 2.7553384324e+01 9.1454238807e-04 2.1694496162e+00 4.5720429214e-01 -4.8248276026e-01 2.1074667451e-01 2.8622284870e-11 8.3880163691e-01
278 2.7073517337e+01 8.8153416275e-04 2.1449658632e+00 4.3572895781e-01 -9.2280747125e-01 2.0314027616e-01 2.7125327735e-11 1.1662236733e+00
281 3.8502600600e+01 4.7852537560e-04 2.0329974185e+00 2.2418094266e-01 -2.8357039497e+00 1.1027113986e-01 5.9893831101e-11 9.4430306898e-01
285 5.5213025791e+01 5.7611094514e-04 2.0040929980e+00 2.6606079710e-01 1.4286560448e+00 1.3275870799e-01 1.0789944798e-10 9.7068013169e-01
286 3.9507114454e+01 5.2402344204e-04 1.9986457241e+00 2.4134784495e-01 -9.7135005253e-01 1.2075569073e-01 9.7671186792e-11 1.3100932242e+00
290 1.8162567176e+00 1.3508007623e-03 2.0812071882e+00 6.4783365410e-01 1.2472877855e+00 3.1127782845e-01 1.1843576805e-10 1.1419309842e+00
294 4.1671562797e+01 4.7534828690e-04 1.9780420619e+00 2.1667277549e-01 -2.6619238625e+00 1.0953901318e-01 1.9060783428e-10 1.1667804875e+00
295 1.7049191191e+01 6.9040217406e-04 1.9767758496e+00 3.1449697166e-01 -2.1057748058e+00 1.5909591962e-01 2.1356776464e-10 1.1061013670e+00
296 4.0852281549e+00 1.3209798910e-03 1.8880334144e+00 5.7472855286e-01 -1.3350852930e-01 3.0440592231e-01 4.2701967083e-10 8.1186691293e-01
297 8.9626810938e+01 4.6710036406e-04 1.9453776484e+00 2.0939727154e-01 -1.1544483353e+00 1.0763836611e-01 6.5463096310e-10 1.1060744762e+00
301 5.2700614051e+00 1.2062055492e-03 1.9237837274e+00 5.3472988915e-01 -2.4715758146e+00 2.7795738239e-01 8.7809753124e-10 1.2207315898e+00
303 1.9456685235e+01 5.7666626906e-04 1.9203380207e+00 2.5518733741e-01 8.4574123654e-01 1.3288667654e-01 1.4762792974e-09 9.2986237305e-01
306 3.4528954270e+00 1.2990174412e-03 1.9706815246e+00 5.8991347719e-01 -4.2218714871e-01 2.9934490674e-01 1.9632815309e-09 8.3262360235e-01
307 3.9890168947e+01 5.5777116539e-04 1.8760923117e+00 2.4113883249e-01 -5.6521761706e-01 1.2853249863e-01 2.8698365332e-09 1.0267541938e+00
310 2.7019351355e+00 1.4214486413e-03 1.8925001420e+00 6.1990335167e-01 -2.3639200476e+00 3.2755788912e-01 4.3501761474e-09 1.0714117922e+00
